#   13.830  -0.559   4.119 ;Mean Elev.(m), Avg Gradient(m/km), RMS Gradient(m/km) - SRTM1     
#   12.183  -1.241   4.832 ;Mean Elev.(m), Avg Gradient(m/km), RMS Gradient(m/km) - ASTER GDEM
#   14.082  -0.604   4.023 ;Mean Elev.(m), Avg Gradient(m/km), RMS Gradient(m/km) - GMTED2010 
   2 295.562335   8.009278    20.636    20.611  9 54672.42801420 40.129
   3 295.560848   8.008892    21.490    21.506  9 54682.34365725 41.574
   4 295.562389   8.008845    21.972    21.955  9 54692.25929936 54.234
   5 295.565154   8.005791    21.791    21.764  9 54702.17493853 56.272
   6 295.565956   8.006234    21.760    21.752 10 54712.09058651 54.777
   7 295.564108   8.007680    20.746    21.036  9 54722.00623748 49.397
   8 295.560633   8.010096    20.678    20.698  9 54731.92188627 43.076
   9 295.557024   8.010878    20.108    20.076  9 54741.83753341 42.187
  10 295.556133   8.012349    19.039    19.022  9 54751.75318093 33.424
  11 295.556209   8.011564    18.446    18.462  9 54761.66882792 31.566
  12 295.557477   8.011198    17.799    17.824  9 54771.58447265 31.082
  13 295.558604   8.010660    17.215    17.174  9 54781.50011412 30.084
  14 295.559885   8.010915    16.971    16.967  9 54791.41575296 31.352
  15 295.560849   8.009916    16.979    16.947  9 54801.33139013 29.921
  16 295.562404   8.008659    16.819    16.800  9 54811.24702716 34.831
  17 295.563607   8.006998    15.663    15.584 10 54821.16266743 41.441
  18 295.562248   8.007997    14.954    14.966  9 54831.07831953 37.997
  19 295.559634   8.008994    14.315    13.806  9 54840.99395824 30.893
  20 295.556827   8.011903    13.779    13.353  8 54850.90960776 25.672
  21 295.554468   8.013260    12.395    12.158  9 54860.82525682 26.348
  22 295.553373   8.013550    11.570    11.606  8 54870.74090589 29.601
  23 295.554392   8.014067    12.150    11.786  8 54880.65655381 24.278
  24 295.555653   8.012593    12.300    11.521  9 54890.57219797 27.411
  25 295.555927   8.012972    11.090    10.564  9 54900.48783918 29.504
  26 295.554811   8.013027    10.742    10.489  8 54910.40347788 27.278
  27 295.554823   8.013663    12.297    11.069  9 54920.31911531 27.544
  28 295.556718   8.012162    11.519    11.329  8 54930.23475195 26.935
  29 295.560788   8.010341    11.465    11.678  9 54940.15038756 46.323
  30 295.564562   8.007349    11.916    11.875  9 54950.06602133 26.594
  31 295.565905   8.006370    12.675    12.678 10 54959.98166000 38.096
  32 295.563857   8.007881    13.340    13.344  9 54969.89730862 38.921
  33 295.562226   8.009099    13.039    13.085 10 54979.81295629 24.079
  34 295.560831   8.009070    13.292    13.333  9 54989.72860358 34.728
  35 295.560311   8.010153    14.654    14.653  9 54999.64425117 23.408
  36 295.559620   8.010264    16.173    16.148  9 55009.55989664 34.225
  37 295.559367   8.010394    17.323    17.377 10 55019.47554029 31.958
  38 295.559235   8.011563    18.327    18.385  9 55029.39118268 36.415
  39 295.559187   8.011864    19.210    19.319  9 55039.30682414 38.316
  40 295.560288   8.009207    19.882    19.909  9 55049.22246377 40.359
  41 295.563553   8.008526    20.447    20.443 10 55059.13810193 40.202
  42 295.565202   8.007013    20.490    20.523  9 55069.05374101 46.121
  43 295.563259   8.008642    20.223    20.247  9 55078.96939080 44.229
  44 295.559737   8.009688    19.734    19.761  9 55088.88503852 41.577
  45 295.557343   8.012008    19.039    19.010  9 55098.80068550 30.030
  46 295.556415   8.012101    18.034    17.992  9 55108.71633173 30.994
  47 295.557395   8.011553    17.070    17.038  8 55118.63197691 28.500
  48 295.558750   8.010973    16.108    16.061  9 55128.54761964 33.910
  49 295.559024   8.010101    15.386    15.406  9 55138.46325995 39.671
  50 295.559318   8.010255    14.771    14.673  9 55148.37889871 35.705
  51 295.560656   8.010438    13.744    13.553  9 55158.29453679 36.551
  52 295.562381   8.009288    13.344    13.061  9 55168.21017439 29.433
  53 295.564080   8.007023    12.791    12.843 10 55178.12581100 38.660
  54 295.563834   8.007539    11.900    12.048  9 55188.04145582 37.759
  55 295.560974   8.009717    11.657    11.377  9 55197.95710687 33.578
  56 295.558333   8.011999    11.021     9.852  9 55207.87275720 26.891
  57 295.556332   8.011583     9.139     9.168  9 55217.78840663 28.321
  58 295.555979   8.012976     9.053     9.063  9 55227.70405591 27.655
  59 295.555847   8.012189    10.180    10.250  9 55237.61970183 24.586
  60 295.556561   8.012574     9.552     9.323  9 55247.53534439 24.196
  61 295.556013   8.012033     9.146     8.838  9 55257.45098391 27.145
  62 295.556029   8.012847     8.604     8.651  9 55267.36662253 27.379
  63 295.556541   8.012057     9.433     8.991  8 55277.28226015 24.536
  64 295.559328   8.011378     9.728     9.528  9 55287.19789679 25.825
  65 295.562939   8.008386     9.596     9.583  9 55297.11353076 45.693
  66 295.564127   8.007472    11.768    11.913  9 55307.02917151 32.568
  67 295.562252   8.008254    14.666    14.662  9 55316.94481786 35.628
  68 295.560901   8.010525    15.147    15.113  9 55326.86046361 33.377
  69 295.559837   8.009938    16.374    16.369 10 55336.77610803 34.460
  70 295.560103   8.009884    17.259    17.303  9 55346.69175219 28.941
  71 295.560708   8.010206    18.241    18.223  9 55356.60739504 33.821
  72 295.560531   8.009486    19.186    19.198  9 55366.52303540 37.107
  73 295.560812   8.009171    19.931    19.874 10 55376.43867426 41.074
  74 295.561872   8.008116    20.859    20.798  9 55386.35431188 41.735
  75 295.564160   8.007855    21.698    21.708 10 55396.26994880 53.249
  76 295.565789   8.006004    22.015    21.948  9 55406.18558953 49.988
  77 295.564246   8.006990    22.570    22.576  9 55416.10124043 51.491
  78 295.562245   8.008093    22.703    22.702  9 55426.01688816 47.113
  79 295.560515   8.009683    22.823    22.766  9 55435.93253361 49.356
  80 295.558914   8.010655    22.376    22.376  9 55445.84817794 53.835
  81 295.557961   8.010176    21.882    21.847  9 55455.76382152 51.026
  82 295.558712   8.009733    21.120    21.112  9 55465.67946457 45.547
  83 295.561326   8.010064    19.915    19.884  9 55475.59510494 42.398
  84 295.562882   8.007686    18.647    18.572 10 55485.51074146 41.130
  85 295.563955   8.006999    17.809    17.847  9 55495.42637594 37.107
  86 295.564929   8.006590    16.769    16.768 10 55505.34200991 34.425
  87 295.562762   8.008132    15.839    15.713  9 55515.25766033 41.222
  88 295.562124   8.009025    17.151    16.836 10 55525.17330987 31.464
  89 295.561260   8.009410    17.103    17.120  9 55535.08895738 45.890
  90 295.559859   8.010087    16.232    16.235  9 55545.00460308 48.967
  91 295.558317   8.011419    15.201    15.101  9 55554.92024722 36.289
  92 295.557255   8.011550    15.490    15.616  9 55564.83589046 27.481
  93 295.558133   8.010134    15.481    15.494  9 55574.75153302 26.358
  94 295.560600   8.010183    15.783    15.851  9 55584.66717448 22.838
  95 295.562492   8.008469    14.851    15.612  9 55594.58281205 24.928
  96 295.563861   8.007618    13.422    13.125  9 55604.49844626 25.641
  97 295.564927   8.006422    12.191    12.314 10 55614.41407797 29.592
  98 295.565056   8.005673    11.393    12.010  9 55624.32971621 39.422
  99 295.563088   8.007350    12.970    13.358 10 55634.24536843 36.577
 100 295.562584   8.008483    11.644    11.699  9 55644.16101844 29.097
 101 295.562423   8.008833    12.814    13.552 10 55654.07666553 23.952
 102 295.562140   8.009065    13.234    12.356 10 55663.99230824 29.043
 103 295.561252   8.009292    12.217    12.154  9 55673.90794816 35.426
 104 295.560698   8.008690    13.435    13.456  9 55683.82358667 32.756
 105 295.562651   8.008814    15.429    15.392  9 55693.73922431 30.508
 106 295.565079   8.005615    17.271    17.324  9 55703.65485984 31.053
 107 295.565641   8.006226    18.443    18.400  9 55713.57050533 40.164
 108 295.563407   8.008444    19.541    19.540 10 55723.48615470 39.307
 109 295.560650   8.009435    19.794    19.877  9 55733.40180161 41.285
 110 295.559064   8.009445    20.653    20.605  9 55743.31744696 42.929
 111 295.559752   8.010417    21.196    21.170  9 55753.23309130 41.286
 112 295.561726   8.009192    21.444    21.376  9 55763.14873302 43.243
 113 295.563620   8.008153    22.009    21.976 10 55773.06437207 46.109
 114 295.564321   8.007322    22.547    22.549 10 55782.98000777 52.952
 115 295.564952   8.006533    22.403    22.409  9 55792.89564127 53.053
 116 295.566271   8.005539    22.153    22.103  9 55802.81127634 48.518
 117 295.565099   8.007152    21.484    21.463  9 55812.72692693 46.408
 118 295.564720   8.006893    20.604    20.565  9 55822.64257551 44.491
 119 295.564920   8.005762    19.744    19.751  9 55832.55821913 46.739
 120 295.565547   8.006099    18.782    18.716  9 55842.47385853 42.260
 121 295.565891   8.006459    18.429    18.386  9 55852.38949460 44.001
 122 295.566703   8.006084    17.903    17.892  9 55862.30512883 40.447
 123 295.563349   8.007603    17.658    17.626 10 55872.22078304 36.106
 124 295.562968   8.007556    17.225    17.341 10 55882.13643235 44.462
 125 295.563686   8.007358    17.607    17.513  9 55892.05207531 51.657
 126 295.564900   8.006741    17.173    17.156  9 55901.96771273 42.773
 127 295.565775   8.006074    16.776    16.824  9 55911.88334765 33.728
 128 295.561639   8.009327    16.346    16.338  9 55921.79900289 33.830
 129 295.559814   8.010468    15.543    15.469  9 55931.71465526 31.289
 130 295.559890   8.010191    15.100    15.052  9 55941.63030340 26.669
 131 295.560196   8.009680    14.130    14.098  9 55951.54594695 29.167
 132 295.560463   8.010939    12.759    12.613  9 55961.46158692 31.989
 133 295.559898   8.009857    12.908    12.259 10 55971.37722379 32.285
 134 295.561537   8.009186    12.124    12.097  9 55981.29285950 33.912
 135 295.564965   8.006805    12.134    12.177  9 55991.20849370 29.794
 136 295.565415   8.005968    11.851    11.732  9 56001.12413899 39.666
 137 295.563901   8.007241    11.411    11.568 10 56011.03978898 43.568
 138 295.562166   8.008952    12.125    12.048  9 56020.95543541 38.092
 139 295.559891   8.009261    13.902    13.965  9 56030.87107881 28.122
 140 295.559742   8.011064    15.468    15.461  9 56040.78672089 28.976
 141 295.560661   8.009687    16.462    16.446  9 56050.70236016 35.900
 142 295.563080   8.007318    17.666    17.653 10 56060.61799667 31.877
 143 295.566168   8.006549    18.200    18.183  9 56070.53363390 38.772
 144 295.563433   8.007704    18.632    18.725  9 56080.44928450 36.151
 145 295.561078   8.009638    18.627    18.722 10 56090.36493239 37.650
 146 295.560088   8.010456    19.726    19.763  9 56100.28057760 40.046
 147 295.560149   8.008757    19.726    19.786  9 56110.19620827 40.111
 148 295.562604   8.008310    20.361    20.483 10 56120.11184788 41.282
 149 295.565134   8.005961    21.170    21.199  9 56130.02748358 49.668
 150 295.567456   8.005896    21.718    21.718  9 56139.94311691 53.062
 151 295.563695   8.007321    22.747    22.758  9 56149.85876756 52.498
 152 295.561570   8.008348    22.783    22.770  9 56159.77441702 45.757
 153 295.561326   8.008726    22.627    22.616 10 56169.69006516 45.754
 154 295.562359   8.009073    22.365    22.294  9 56179.60570985 44.862
 155 295.562848   8.008030    22.001    22.004  9 56189.52134995 54.745
 156 295.563506   8.008521    21.200    21.203  9 56199.43698707 50.665
 157 295.564569   8.007493    20.091    20.063  9 56209.35262106 45.009
 158 295.566737   8.005732    19.038    19.007  9 56219.26825306 47.335
 159 295.566281   8.007058    17.996    17.934  9 56229.18390070 47.080
 160 295.564040   8.006785    17.479    17.496  9 56239.09955389 34.152
 161 295.562515   8.008307    16.432    16.493  9 56249.01520383 45.264
 162 295.561748   8.009082    15.309    15.280 10 56258.93084904 42.135
 163 295.561004   8.008385    14.716    14.838  9 56268.84649129 39.894
 164 295.561505   8.009115    14.789    14.742  9 56278.76213234 31.075
 165 295.559941   8.009878    15.069    14.633 10 56288.67778278 27.840
 166 295.559044   8.010019    14.740    14.314  9 56298.59343197 26.748
 167 295.558716   8.010455    14.713    15.522  9 56308.50907717 24.451
 168 295.558137   8.009912    12.762    11.930  9 56318.42471932 26.946
 169 295.558498   8.011384    10.665    10.863  9 56328.34036047 29.394
 170 295.559436   8.009590    11.354    11.544  9 56338.25599989 26.123
 171 295.562281   8.007937    12.742    13.552 10 56348.17163756 28.100
 172 295.565729   8.006877    11.208    11.300  9 56358.08727263 30.403
 173 295.563199   8.008427    10.700    10.598  9 56368.00292232 32.365
 175 295.558473   8.012270    12.415    12.596  9 56387.83421649 21.523
 176 295.558309   8.011245    12.290    12.190  9 56397.74985998 22.310
 177 295.559507   8.009449    12.789    13.167  9 56407.66550103 42.437
 178 295.562114   8.008665    13.633    13.594 10 56417.58113838 31.460
 179 295.565551   8.007359    14.664    14.707  9 56427.49677080 29.832
 180 295.561813   8.008356    15.500    15.494  9 56437.41242322 38.165
 181 295.558958   8.009922    16.817    16.827  9 56447.32807428 31.483
 182 295.558089   8.010863    17.749    17.804  9 56457.24372306 27.833
 183 295.558618   8.012059    18.164    18.272  9 56467.15936881 32.768
 184 295.558903   8.009581    19.159    19.095  9 56477.07500983 38.693
 185 295.560709   8.009257    19.350    19.365 10 56486.99064791 44.735
 186 295.562179   8.008071    19.414    19.531  9 56496.90628341 36.386
 187 295.564658   8.007434    20.202    20.204 10 56506.82191806 42.310
 188 295.567102   8.004560    20.700    20.678  9 56516.73755350 47.236
 189 295.565187   8.005935    20.962    20.937  9 56526.65320848 43.483
 190 295.563805   8.007134    21.304    21.270  9 56536.56885924 46.648
 192 295.559493   8.009292    20.790    20.728  9 56556.40014969 54.873
 193 295.559263   8.010365    20.056    20.066  9 56566.31579232 37.175
 194 295.560313   8.009040    19.630    19.689  9 56576.23143318 39.007
 195 295.563609   8.008080    18.983    18.922  9 56586.14707108 38.967
 196 295.566050   8.006678    17.699    17.761  9 56596.06270933 38.551
 197 295.562610   8.007737    16.464    16.447 10 56605.97836158 38.282
 198 295.560768   8.010630    16.237    16.221  9 56615.89400972 42.248
 199 295.559856   8.009858    15.571    15.586  9 56625.80965385 35.416
 200 295.560578   8.008784    15.059    15.013  9 56635.72529541 35.026
 201 295.563136   8.008430    14.857    14.941 10 56645.64093539 30.574
 202 295.561007   8.010025    14.893    14.964  9 56655.55658853 30.363
 203 295.559079   8.010685    14.189    14.072  9 56665.47223700 27.058
 204 295.558253   8.012259    13.027    12.706  9 56675.38788276 25.950
 205 295.558053   8.012080    11.224    10.580  9 56685.30352687 28.945
 206 295.558932   8.009675    13.033    11.970  9 56695.21916851 24.276
 207 295.562560   8.009045    11.285    10.852 10 56705.13480628 29.768
 208 295.566143   8.007400     9.827     9.970  9 56715.05043846 32.467
 209 295.561805   8.008969    10.733     9.945  9 56724.96609049 32.186
 210 295.557973   8.011599    10.330     9.141  9 56734.88174068 26.372
 211 295.556416   8.013121    10.679     9.063  9 56744.79738768 28.309
 212 295.557921   8.011795    12.745    12.703  9 56754.71303009 19.740
 213 295.561741   8.009129    12.538    12.745 10 56764.62866684 24.618
 214 295.564064   8.007017    12.560    12.383 10 56774.54430347 24.081
 215 295.559409   8.009641    12.984    12.760  9 56784.45996042 21.210
 216 295.555363   8.012250    13.577    13.515  9 56794.37561355 24.981
 217 295.553310   8.013645    14.357    14.353  9 56804.29126295 30.610
 218 295.555080   8.012551    14.924    14.900  9 56814.20690488 28.395
 219 295.557639   8.010231    15.799    15.863  9 56824.12254321 36.854
 220 295.560824   8.008952    17.143    17.207  9 56834.03817787 28.025
 221 295.563977   8.007636    18.644    18.645 10 56843.95380934 44.492
 222 295.563304   8.007251    19.430    19.400 10 56853.86945243 47.254
 223 295.560981   8.009836    19.972    19.971  9 56863.78510686 40.371
 224 295.558922   8.009527    20.846    20.770  9 56873.70076019 39.329
 225 295.558384   8.010806    21.501    21.513  9 56883.61641077 35.096
 226 295.558077   8.012227    21.917    21.981  9 56893.53205801 34.818
 227 295.556542   8.012735    21.732    21.828  9 56903.44770154 34.915
 228 295.554924   8.013205    21.250    21.300  8 56913.36334286 34.601
 229 295.555737   8.012948    20.771    20.909  9 56923.27898241 34.751
 230 295.558896   8.010594    20.340    20.241  9 56933.19461934 34.814
 231 295.563910   8.007148    19.329    19.370  9 56943.11025098 40.061
 232 295.564619   8.006829    18.699    18.738  9 56953.02589640 53.117
 233 295.561908   8.009396    18.362    18.392  9 56962.94154733 39.651
 234 295.559092   8.010094    18.097    17.909  9 56972.85719329 31.668
 235 295.559147   8.010533    17.348    17.350 10 56982.77283540 29.733
 236 295.561971   8.008866    16.506    16.424 10 56992.68847273 37.212
 237 295.565843   8.006055    15.856    15.368  9 57002.60410813 29.569
 238 295.562803   8.008368    14.793    14.492 10 57012.51976577 32.743
 239 295.560170   8.010333    14.558    14.062  9 57022.43541750 27.384
 240 295.557809   8.010218    13.119    13.268  9 57032.35106578 28.188
 241 295.557551   8.010437    13.974    13.627  9 57042.26671200 24.982
 242 295.559051   8.010935    13.634    14.096  9 57052.18235624 23.630
 243 295.561091   8.008948    12.494    12.327  9 57062.09799572 27.283
 244 295.563541   8.007779    11.106    11.093  9 57072.01363017 33.437
 245 295.565573   8.006367    11.604    11.510  9 57081.92926070 32.153
 246 295.563803   8.007739    13.637    13.228 10 57091.84490601 20.665
 247 295.559394   8.009608    11.089    11.598  9 57101.76056369 23.354
 248 295.558220   8.011157    10.294    10.389  9 57111.67621812 25.803
 249 295.559202   8.011100    11.119    11.146  9 57121.59186654 19.939
 250 295.560061   8.011084    11.163    10.990  9 57131.50750912 19.839
 251 295.560921   8.010465    11.754    11.696  9 57141.42314626 22.710
 252 295.561956   8.008614    12.349    12.500 10 57151.33877969 26.534
 253 295.565419   8.006785    11.832    11.743  9 57161.25440993 34.709
 254 295.563363   8.007817    14.553    14.232  9 57171.17006516 34.292
 255 295.562207   8.009269    15.473    15.427  9 57181.08571969 30.584
 256 295.560843   8.009973    16.497    16.460  9 57191.00137023 41.272
 257 295.559304   8.010510    17.693    17.722  9 57200.91701785 31.087
 258 295.558182   8.010169    18.561    18.646  9 57210.83265195 34.191
 259 295.558676   8.009916    19.262    19.276  9 57220.74829611 33.039
 260 295.560283   8.010179    20.512    20.469  9 57230.66393927 41.111
 261 295.561231   8.008245    21.100    21.132  9 57240.57957954 42.102
 262 295.563084   8.008342    21.577    21.573  9 57250.49521741 48.002
 263 295.564594   8.007714    22.102    22.090  9 57260.41085273 48.141
 264 295.565839   8.005716    21.997    21.908  9 57270.32648631 42.972
 265 295.563856   8.008203    21.585    21.555  9 57280.24214000 44.989
 266 295.562071   8.009266    20.789    20.757 10 57290.15779517 41.898
 267 295.560455   8.008783    19.378    19.348  9 57300.07344716 43.841
 268 295.559889   8.009906    16.788    16.788 10 57309.98909615 44.217
 269 295.558035   8.009957    16.330    16.257  9 57319.90474166 41.332
 270 295.557391   8.012573    16.093    16.097  9 57329.82038519 28.512
 271 295.557850   8.012314    15.297    15.239  9 57339.73602620 32.151
 272 295.556711   8.011781    16.132    16.142  8 57349.65167630 26.373
 273 295.557752   8.011928    14.768    14.796  9 57359.56732254 30.580
 274 295.558591   8.011160    14.642    14.307  9 57369.48296524 28.508
 275 295.558766   8.009424    14.344    13.759  9 57379.39860484 28.337
 276 295.560645   8.009570    14.381    13.877  9 57389.31424341 26.653
 277 295.563470   8.008244    12.981    12.517 10 57399.22988071 31.374
 278 295.566268   8.006626    14.260    14.381  9 57409.14551799 28.893
 279 295.563868   8.008003    11.891    11.594 10 57419.06117064 29.880
 280 295.560935   8.009491    10.836    11.090 10 57428.97682089 25.830
 281 295.558825   8.012013    10.079    10.505  9 57438.89246929 22.566
 282 295.557575   8.011558     9.705     9.066  8 57448.80811609 23.436
 283 295.557530   8.010384     9.677     9.351  9 57458.72376163 23.868
 284 295.559767   8.010755     8.797     8.103  9 57468.63940467 24.931
 285 295.561850   8.008524     9.780    10.182  9 57478.55504301 26.616
 286 295.563698   8.007792     9.316     9.276 10 57488.47067825 26.381
 287 295.565921   8.007053    12.209    14.297  9 57498.38631121 25.385
 288 295.566296   8.006858    14.472    14.396  9 57508.30195177 34.169
 289 295.562833   8.007732    14.300    14.492  9 57518.21760711 27.950
 290 295.561521   8.008827    15.826    15.756  9 57528.13325983 38.725
 291 295.560739   8.008726    16.722    16.707  9 57538.04890956 30.829
 292 295.560056   8.009768    17.749    17.775 10 57547.96455707 40.003
 293 295.559381   8.011374    18.181    18.216  9 57557.88020357 30.081
 294 295.559088   8.011687    19.393    19.461  9 57567.79584906 34.025
 295 295.559134   8.009797    20.374    20.323  9 57577.71149356 37.868
 296 295.560234   8.009429    21.382    21.269  9 57587.62713711 38.867
 297 295.560593   8.008934    22.176    22.197  9 57597.54277804 38.858
