#   14.597  -0.354  11.903 ;Mean Elev.(m), Avg Gradient(m/km), RMS Gradient(m/km) - SRTM1     
#   26.317  -0.602  13.069 ;Mean Elev.(m), Avg Gradient(m/km), RMS Gradient(m/km) - ASTER GDEM
#   15.567  -0.365  11.852 ;Mean Elev.(m), Avg Gradient(m/km), RMS Gradient(m/km) - GMTED2010 
   2 295.508475   7.862000    21.985    21.991  5 54672.42797937 50.490
   3 295.506993   7.861616   -12.924   -15.588  5 54682.34362242 28.093
   4 295.508536   7.861572    23.216    23.291  5 54692.25926453 53.525
   5 295.511302   7.858521     5.873     5.822  5 54702.17490370 23.715
   6 295.511644   7.857719    71.201    71.036  5 54712.09055139 28.174
   7 295.510248   7.860414    20.890    20.899  5 54722.00620265 40.214
   8 295.506769   7.862829    21.771    21.757  5 54731.92185144 37.756
   9 295.504072   7.866105    21.189    21.080  5 54741.83749917 37.566
  10 295.503180   7.867573    20.578    20.742  5 54751.75314669 32.280
  11 295.503256   7.866785    19.556    19.484  5 54761.66879367 34.561
  12 295.504521   7.866418    18.747    18.750  5 54771.58443840 39.239
  13 295.505645   7.865879    18.315    18.315  5 54781.50007988 40.486
  14 295.506012   7.863638    18.463    18.309  5 54791.41571813 50.676
  15 295.506978   7.862636    18.641    18.715  5 54801.33135530 38.305
  16 295.508537   7.861377    18.364    18.329  5 54811.24699233 44.691
  17 295.509741   7.859713    18.405    18.447  4 54821.16263260 31.875
  18 295.508381   7.860710    17.288    17.418  5 54831.07828470 39.404
  19 295.506678   7.864200    19.412    20.442  5 54840.99392400 29.398
  20 295.503871   7.867104    14.839    14.267  6 54850.90957352 44.216
  21 295.501514   7.868455    13.898    13.493  5 54860.82522257 47.055
  22 295.500875   7.869991    17.812    19.699  5 54870.74087194 26.443
  23 295.501434   7.869258    19.654    19.638  6 54880.65651957 31.306
  24 295.502689   7.867786    17.889    17.816  5 54890.57216373 32.026
  25 295.502958   7.868168    12.644    12.181  5 54900.48780494 39.370
  26 295.502298   7.869473    14.018    12.399  5 54910.40344393 34.473
  27 295.501859   7.868861    13.133    12.972  5 54920.31908106 33.896
  28 295.503758   7.867361    14.840    13.743  6 54930.23471771 31.518
  29 295.506914   7.863045    12.978    12.831  5 54940.15035273 49.229
  30 295.510685   7.860057    18.783    18.852  5 54950.06598649 19.235
  31 295.511570   7.857833    15.223    14.704  5 54959.98162488 31.098
  32 295.509979   7.860592    15.058    14.990  5 54969.89727379 39.380
  33 295.508353   7.861809    18.165    17.689  4 54979.81292146 20.271
  35 295.506442   7.862863    16.878    17.030  5 54999.64421634 22.875
  36 295.505752   7.862977    17.613    17.608  5 55009.55986181 39.137
  37 295.505957   7.864358    18.884    18.792  5 55019.47550576 42.200
  38 295.505373   7.864282    18.795    18.490  5 55029.39114785 39.106
  39 295.505329   7.864585    20.953    20.916  5 55039.30678931 38.385
  40 295.507346   7.864427    21.264    21.227  5 55049.22242953 36.897
  41 295.509241   7.860004    21.737    21.811  5 55059.13806680 40.058
  42 295.511340   7.859744    21.703    21.742  5 55069.05370617 43.365
  43 295.509390   7.861375    21.433    21.406  5 55078.96935596 41.100
  44 295.506780   7.864915    20.928    20.952  5 55088.88500428 49.336
  45 295.504388   7.867232    20.372    20.389  5 55098.80065126 45.897
  46 295.503768   7.868153    82.292    82.035  5 55108.71629768 10.608
  47 295.503986   7.865524    18.139    18.151  5 55118.63194237 35.473
  48 295.505792   7.866193    19.048    18.965  5 55128.54758540 29.298
  49 295.506061   7.865322    17.057    15.519  5 55138.46322571 33.058
  50 295.506356   7.865475    16.013    15.877  5 55148.37886447 38.619
  51 295.506787   7.863159    20.184    20.506  5 55158.29450196 24.510
  52 295.508517   7.862005    19.935    20.198  5 55168.21013956 21.471
  53 295.510217   7.859737    17.706    17.591  4 55178.12577616 28.136
  54 295.509967   7.860252    14.296    13.175  5 55188.04142099 28.280
  55 295.507105   7.862427    14.756    14.238  5 55197.95707204 31.651
  56 295.504920   7.865952    13.959    14.162  6 55207.87272266 31.475
  57 295.503377   7.866779    12.136    11.338  5 55217.78837239 31.671
  58 295.503023   7.868169    11.494    11.231  5 55227.70402167 34.232
  59 295.502887   7.867382    13.864    13.447  5 55237.61966758 33.323
  60 295.503593   7.867769    11.554    10.732  5 55247.53531015 33.233
  61 295.503041   7.867230    13.050    13.521  5 55257.45094967 32.932
  62 295.503058   7.868046    11.788    11.477  5 55267.36658829 35.962
  63 295.503576   7.867256    11.984    12.326  6 55277.28222591 32.099
  64 295.505455   7.864080    10.596    10.540  5 55287.19786196 35.355
  65 295.509066   7.861090    10.853    10.821  5 55297.11349593 48.322
  66 295.510250   7.860179    14.130    14.075  5 55307.02913667 45.938
  67 295.508553   7.861462    98.871    98.983  5 55316.94478314  1.918
  68 295.507020   7.863234    16.785    16.513  5 55326.86042878 31.264
  69 295.506418   7.863893    17.929    17.918  5 55336.77607349 48.827
  70 295.506694   7.863850    79.880    79.851  5 55346.69171765 16.850
  71 295.506842   7.862914    19.964    19.607  5 55356.60736021 36.904
  72 295.506664   7.862197    20.479    20.515  5 55366.52300057 37.106
  73 295.507402   7.863135    21.331    21.345  5 55376.43863972 46.166
  74 295.508010   7.860835    22.063    22.063  5 55386.35427705 40.450
  75 295.509845   7.859328    22.656    22.613  5 55396.26991367 39.152
  76 295.511933   7.858728    23.366    23.296  5 55406.18555470 54.744
  77 295.510387   7.859718    23.666    23.629  5 55416.10120560 35.637
  78 295.508381   7.860824    24.069    24.043  5 55426.01685333 54.277
  79 295.506646   7.862416    23.861    23.830  5 55435.93249877 38.723
  80 295.505957   7.865883    23.524    23.546  5 55445.84814370 40.396
  81 295.505007   7.865401    23.043    23.058  5 55455.76378728 46.368
  82 295.505761   7.864956    22.410    22.455  5 55465.67943033 47.808
  83 295.507461   7.862790    21.228    21.271  5 55475.59507011 44.383
  84 295.509014   7.860413    19.763    19.770  4 55485.51070663 32.827
  85 295.510083   7.859727    18.799    18.743  5 55495.42634111 42.039
  86 295.510603   7.858070    18.595    19.037  5 55505.34197478 36.801
  87 295.508896   7.860858    17.683    17.480  5 55515.25762550 48.985
  88 295.508263   7.861747    18.836    18.937  4 55525.17327504 29.315
  89 295.507400   7.862130    18.434    18.446  5 55535.08892255 51.167
  90 295.505996   7.862804    17.777    17.845  5 55545.00456825 48.993
  92 295.504300   7.866755    15.370    15.135  5 55564.83585622 39.947
  93 295.505178   7.865334    18.634    18.889  5 55574.75149878 31.068
  94 295.506729   7.862885    19.115    18.995  5 55584.66713965 24.618
  95 295.508617   7.861171    17.856    18.383  5 55594.58277722 24.600
  96 295.509982   7.860320    13.562    13.247  5 55604.49841143 26.940
  97 295.511047   7.859125    12.663    11.617  4 55614.41404314 30.465
  98 295.511178   7.858377    13.058    13.608  5 55624.32968138 32.089
  99 295.509212   7.860054    14.167    13.057  4 55634.24533360 30.265
 101 295.508547   7.861539    14.075    13.268  4 55654.07663070 24.773
 102 295.508262   7.861771    14.524    13.799  4 55663.99227341 27.073
 103 295.507373   7.861999    14.602    13.945  5 55673.90791333 34.550
 104 295.507277   7.862644    17.778    17.704  4 55683.82355214 21.369
 105 295.508778   7.861518    17.503    17.398  5 55693.73918948 24.945
 106 295.511211   7.858319    19.013    18.787  5 55703.65482501 23.194
 107 295.511775   7.858931    19.429    19.471  5 55713.57047050 33.446
 108 295.509085   7.859904    20.893    20.869  5 55723.48611957 38.233
 109 295.506786   7.862148    21.284    21.167  5 55733.40176677 52.156
 110 295.506115   7.864658    21.924    21.849  5 55743.31741272 52.574
 111 295.505890   7.863137    22.533    22.531  5 55753.23305647 50.296
 112 295.507864   7.861917    22.744    22.690  5 55763.14869819 44.171
 113 295.509298   7.859633    23.383    23.328  5 55773.06433694 51.850
 114 295.509996   7.858803    23.742    23.750  5 55782.97997264 53.525
 115 295.511084   7.859262    23.443    23.441  5 55792.89560644 37.209
 116 295.512405   7.858265    23.410    23.327  5 55802.81124150 37.277
 117 295.511234   7.859878    22.762    22.755  5 55812.72689210 53.753
 118 295.510855   7.859618    21.926    21.909  5 55822.64254068 53.272
 119 295.511052   7.858487    20.592    20.469  5 55832.55818429 41.394
 120 295.511678   7.858826    20.064    20.061  5 55842.47382370 39.127
 121 295.512023   7.859186    19.866    19.806  5 55852.38945977 38.541
 122 295.512840   7.858810    19.402    19.309  5 55862.30509400 49.668
 123 295.509487   7.860326    19.268    19.349  4 55872.22074821 32.089
 124 295.509107   7.860278    19.206    19.341  4 55882.13639752 28.043
 125 295.509825   7.860077    19.018    19.113  5 55892.05204048 51.971
 126 295.511036   7.859457    18.505    18.534  5 55901.96767790 52.291
 127 295.511912   7.858786    18.539    18.397  5 55911.88331281 31.964
 128 295.507774   7.862034    19.346    18.959  5 55921.79896806 31.248
 129 295.505946   7.863172    19.643    19.693  5 55931.71462043 23.565
 130 295.506016   7.862894    19.361    18.822  5 55941.63026857 21.761
 131 295.506316   7.862384    17.672    18.070  5 55951.54591212 25.768
 132 295.506580   7.863643    14.801    13.687  5 55961.46155209 31.454
 133 295.506474   7.863808    13.562    13.435  5 55971.37718925 48.464
 134 295.507662   7.861888    14.870    14.609  5 55981.29282467 29.820
 135 295.511092   7.859506    16.681    16.063  5 55991.20845887 23.295
 136 295.511540   7.858671    17.080    15.971  5 56001.12410416 25.846
 137 295.510021   7.859945    12.679    12.701  4 56011.03975415 40.676
 138 295.508284   7.861656    14.312    13.488  5 56020.95540058 34.788
 139 295.506925   7.864460    15.488    15.494  5 56030.87104457 41.954
 140 295.505868   7.863763    17.016    17.044  5 56040.78668606 48.275
 141 295.506791   7.862386    17.999    17.911  5 56050.70232532 28.722
 142 295.509212   7.860017    19.111    19.132  4 56060.61796184 29.689
 143 295.512299   7.859252    19.553    19.442  5 56070.53359907 37.570
 144 295.509565   7.860412    20.041    20.015  5 56080.44924967 37.903
 145 295.507668   7.863597    20.036    20.092  5 56090.36489785 39.189
 146 295.506226   7.863170    21.217    21.152  5 56100.28054277 50.050
 147 295.507200   7.863971    21.195    21.238  5 56110.19617403 53.579
 148 295.508739   7.861032    21.674    21.664  4 56120.11181305 52.032
 149 295.511265   7.858687    22.260    22.245  5 56130.02744875 48.205
 150 295.513129   7.857376    22.837    22.893  6 56139.94308179 42.278
 151 295.509826   7.860048    23.765    23.760  5 56149.85873272 51.294
 152 295.507707   7.861072    23.914    23.981  5 56159.77438219 39.033
 153 295.507921   7.862698    23.879    23.927  5 56169.69003062 38.622
 154 295.508494   7.861798    23.540    23.433  5 56179.60567502 35.842
 155 295.508979   7.860758    23.160    23.159  5 56189.52131512 53.682
 156 295.509180   7.860003    22.393    22.392  4 56199.43695194 51.562
 157 295.510704   7.860222    21.383    21.420  5 56209.35258623 51.869
 158 295.512880   7.858459    20.260    20.315  5 56219.26821823 48.388
 159 295.511515   7.857287    19.329    19.265  5 56229.18386527 49.628
 160 295.510185   7.859510    19.453    19.336  5 56239.09951906 32.812
 161 295.508655   7.861030    17.963    17.813  5 56249.01516900 44.229
 162 295.507884   7.861803    16.875    16.523  4 56258.93081421 35.291
 163 295.507596   7.862349    54.237    52.085  4 56268.84645675  3.700
 164 295.507641   7.861826    18.535    19.108  5 56278.76209751 24.684
 165 295.506531   7.863834    18.866    17.862  5 56288.67774824 26.224
 166 295.506085   7.865223    16.301    16.750  5 56298.59339773 27.700
 167 295.505750   7.865660    13.904    13.675  5 56308.50904293 34.241
 168 295.505168   7.865117    14.879    14.916  5 56318.42468508 31.569
 169 295.505076   7.865339    11.951    11.612  6 56328.34032593 36.490
 170 295.506477   7.864792    13.396    13.754  5 56338.25596565 31.941
 171 295.510238   7.865633    13.051    13.051  2 56348.17160391 22.058
 172 295.511857   7.859581    13.866    13.711  5 56358.08723780 23.727
 173 295.509320   7.861132    13.167    12.781  5 56368.00288749 31.449
 175 295.504595   7.864971    13.656    13.647  5 56387.83418166 29.531
 176 295.505351   7.866439    14.039    13.816  5 56397.74982574 28.036
 177 295.506553   7.864642    13.315    13.312  5 56407.66546679 50.295
 178 295.508247   7.861363    17.033    17.355  4 56417.58110355 25.724
 180 295.507944   7.861064    17.315    17.329  5 56437.41238839 38.985
 181 295.506003   7.865130    18.484    18.382  5 56447.32804004 36.387
 182 295.505137   7.866073    19.314    19.197  5 56457.24368882 37.984
 183 295.504754   7.864776    20.146    20.029  5 56467.15933397 39.508
 184 295.505950   7.864799    20.618    20.567  5 56477.07497559 39.419
 185 295.507295   7.863230    20.710    20.783  5 56486.99061337 53.567
 186 295.508307   7.860797    20.907    20.941  5 56496.90624858 46.321
 187 295.510334   7.858912    21.542    21.569  5 56506.82188294 39.922
 188 295.513239   7.857283    22.044    22.108  5 56516.73751867 46.937
 189 295.511326   7.858657    22.281    22.224  5 56526.65317365 40.533
 190 295.509942   7.859859    22.426    22.379  5 56536.56882441 50.382
 192 295.506539   7.864519    22.047    21.914  5 56556.40011545 50.026
 193 295.506314   7.865591    21.283    21.199  5 56566.31575808 29.895
 194 295.507369   7.864264    20.956    21.060  5 56576.23139894 31.425
 195 295.509756   7.860806    20.283    20.232  5 56586.14703625 40.634
 196 295.512196   7.859403    19.258    19.378  5 56596.06267450 36.294
 197 295.509208   7.861708    17.955    17.929  5 56605.97832704 49.353
 198 295.506904   7.863351    19.186    19.761  5 56615.89397489 26.224
 199 295.506447   7.863823    18.417    18.405  4 56625.80961932 23.030
 200 295.507625   7.863993    19.236    18.827  5 56635.72526117 24.993
 201 295.508812   7.859891    19.041    19.258  5 56645.64090026 28.101
 202 295.507134   7.862733    19.242    19.619  5 56655.55655370 23.173
 203 295.506115   7.865890    15.020    14.806  5 56665.47220276 31.182
 204 295.504374   7.864967    14.635    15.015  5 56675.38784793 33.458
 205 295.504632   7.866034    13.216    13.330  6 56685.30349233 31.777
 206 295.505971   7.864876    14.463    14.129  5 56695.21913426 35.093
 207 295.508232   7.860498    12.582    11.069  5 56705.13477115 31.416
 208 295.511357   7.857605    11.493    10.451  5 56715.05040304 33.551
 210 295.505008   7.866794    12.650    12.687  5 56734.88170644 29.217
 211 295.503454   7.868312    11.763    11.503  5 56744.79735344 31.155
 212 295.504962   7.866984    12.942    13.263  5 56754.71299585 28.488
 213 295.507872   7.861821    11.719    11.674  4 56764.62863201 30.689
 214 295.510194   7.859712    17.539    17.674  4 56774.54426864 18.504
 215 295.506451   7.864836    15.159    14.527  5 56784.45992618 27.126
 216 295.502404   7.867450    16.647    16.755  5 56794.37557931 32.479
 217 295.500810   7.870097    16.015    15.883  6 56804.29122900 30.432
 218 295.502123   7.867758    15.649    15.767  5 56814.20687064 33.007
 219 295.504682   7.865441    17.467    17.269  5 56824.12250896 37.437
 221 295.509650   7.859107    20.056    20.046  5 56843.95377421 48.461
 222 295.509436   7.859970    20.592    20.587  4 56853.86941760 45.599
 223 295.507114   7.862555    21.434    21.443  5 56863.78507203 49.972
 224 295.505482   7.863412    83.765    83.493  4 56873.70072563 16.610
 225 295.505431   7.866023    23.048    22.975  5 56883.61637653 54.002
 226 295.504667   7.866198    23.436    23.458  6 56893.53202347 52.029
 227 295.503590   7.867957    23.263    23.306  5 56903.44766730 42.238
 228 295.502432   7.869676    22.891    22.901  5 56913.36330891 54.614
 229 295.502792   7.868172    22.311    22.418  5 56923.27894817 34.161
 230 295.505954   7.865817    21.614    21.597  5 56933.19458510 35.787
 231 295.510056   7.859875    20.588    20.544  5 56943.11021615 38.613
 232 295.510762   7.859555    19.938    20.002  5 56953.02586157 54.265
 234 295.506142   7.865312    19.353    19.354  5 56972.85715905 49.622
 235 295.505740   7.864498    19.016    18.890  5 56982.77280086 34.362
 236 295.508106   7.861580    18.142    17.829  4 56992.68843789 33.920
 237 295.511974   7.858768    19.829    20.014  5 57002.60407330 25.724
 238 295.508928   7.861081    19.760    19.970  4 57012.51973094 26.119
 239 295.506294   7.863045    20.131    20.116  5 57022.43538267 25.287
 240 295.504849   7.865424    15.188    14.112  5 57032.35103154 36.981
 241 295.503529   7.862728    74.690    74.690  2 57042.26667707  8.466
 242 295.505637   7.864889    16.563    15.547  6 57052.18232170 31.387
 243 295.507219   7.861653    13.623    12.211  5 57062.09796088 29.534
 244 295.509667   7.860484    13.091    12.316  5 57072.01359534 32.616
 245 295.511699   7.859068    13.445    13.951  5 57081.92922587 30.751
 246 295.509476   7.859186    11.326    11.319  5 57091.84487088 29.652
 247 295.506439   7.864797    12.250    12.781  5 57101.76052945 31.797
 248 295.505265   7.866346    12.909    13.362  5 57111.67618388 30.836
 249 295.505331   7.863794    13.042    12.943  5 57121.59183171 28.498
 250 295.506186   7.863783    11.972    11.936  5 57131.50747429 29.678
 251 295.507048   7.863167    15.562    15.379  5 57141.42311142 20.615
 252 295.508544   7.862566    16.238    15.147  5 57151.33874516 19.388
 253 295.511555   7.859492    14.546    14.737  5 57161.25437510 36.480
 254 295.509498   7.860528    15.654    15.581  5 57171.17003032 31.295
 255 295.508338   7.861985    18.248    18.696  5 57181.08568486 21.166
 256 295.506970   7.862693    17.870    17.905  5 57191.00133540 38.550
 257 295.505736   7.864063    95.216    93.075  5 57200.91698322  4.341
 258 295.505227   7.865385    20.393    20.350  5 57210.83261770 51.552
 259 295.505725   7.865131    20.834    20.774  5 57220.74826186 49.013
 260 295.506421   7.862899    21.980    21.888  5 57230.66390444 41.570
 261 295.507824   7.862215    22.505    22.489  4 57240.57954500 41.756
 262 295.509219   7.861068    22.610    22.586  5 57250.49518257 38.000
 263 295.510276   7.859194    23.374    23.368  4 57260.41081761 55.001
 264 295.511985   7.858445    23.375    23.375  5 57270.32645148 53.434
 265 295.509549   7.859683    22.813    22.813  4 57280.24210487 55.505
 266 295.508616   7.863077    86.080    85.905  3 57290.15776059  7.365
 267 295.507133   7.862970    83.018    84.021  4 57300.07341267  8.125
 268 295.506485   7.863885    18.066    18.004  5 57309.98906161 42.685
 269 295.505084   7.865182    18.919    18.961  5 57319.90470742 32.459
 270 295.503984   7.866546    17.478    17.769  6 57329.82035066 37.542
 271 295.504444   7.866282    17.107    17.289  6 57339.73599166 36.243
 272 295.503760   7.866994    18.680    18.475  6 57349.65164206 32.967
 273 295.504794   7.867141    16.477    16.188  5 57359.56728830 39.692
 274 295.505627   7.866373    16.470    15.996  5 57369.48293100 33.000
 275 295.505803   7.864635    16.996    16.948  5 57379.39857060 27.692
 276 295.506774   7.862282    17.737    18.063  5 57389.31420858 24.344
 277 295.509148   7.859704    17.185    18.706  5 57399.22984559 25.607
 278 295.512403   7.859332    15.775    16.057  5 57409.14548316 23.747
 279 295.509542   7.859461    12.154    11.294  5 57419.06113551 27.891
 280 295.507517   7.863443    10.823    10.723  5 57428.97678635 35.550
 281 295.504951   7.864713    11.972    10.965  5 57438.89243446 31.934
 282 295.504161   7.865501    12.973    13.499  5 57448.80808156 35.096
 283 295.504576   7.865572    12.882    12.834  5 57458.72372739 32.747
 284 295.505900   7.863446    12.367    12.362  5 57468.63936984 29.183
 285 295.507978   7.861217    10.483    10.485  5 57478.55500818 31.850
 286 295.509366   7.859242    10.411    10.333  5 57488.47064312 35.193
 287 295.511589   7.858506    75.849    76.304  4 57498.38627608  2.381
 288 295.511512   7.857065    15.850    16.674  5 57508.30191635 24.830
 289 295.508965   7.860437    16.398    15.938  5 57518.21757228 29.365
 290 295.507654   7.861536    19.623    19.496  5 57528.13322500 20.913
 291 295.507325   7.862686    19.504    19.502  4 57538.04887502 23.274
 292 295.506637   7.863732    19.624    19.031  5 57547.96452254 30.329
 293 295.505506   7.864091    20.293    20.264  5 57557.88016874 52.813
 294 295.505217   7.864403    20.954    20.882  5 57567.79581423 38.050
 295 295.506182   7.865008    21.952    21.976  5 57577.71145932 52.132
 296 295.506828   7.863392    22.940    22.968  4 57587.62710257 52.917
 297 295.507187   7.862900    23.735    23.736  4 57597.54274350 51.875
