-195536.201    10.187     0.00    3.73
-195246.707     9.865    -1.11    3.97
-194957.216     9.502    -1.26    3.58
-194667.729     9.304    -0.68    3.68
-194378.245     8.559    -2.58    3.84
-194088.765     8.857     1.03    4.34
-193799.289     8.859     0.00    4.16
-193509.816     8.684    -0.61    3.93
-193220.347     9.201     1.79    4.36
-192930.881     9.297     0.33    4.36
-192641.419     9.259    -0.13    4.21
-192351.960     8.975    -0.98    3.91
-192062.505     8.854    -0.42    3.88
-191773.054     8.735    -0.41    4.03
-191483.606     7.586    -3.97    3.83
-191194.161     6.874    -2.46    3.78
-190904.721     6.516    -1.24    3.94
-190615.283     5.735    -2.70    4.14
-190325.850     5.654    -0.28    3.87
-190036.419     5.469    -0.64    3.81
-189746.993     5.876     1.41    3.98
-189457.570     5.877     0.00    3.95
-189168.150     6.292     1.44    4.15
-188878.734     7.092     2.76    4.78
-188589.322     7.718     2.16    4.98
-188299.913     8.485     2.65    4.89
-188010.508     8.494     0.03    4.61
-187721.106     8.745     0.87    4.42
-187431.708     9.024     0.96    4.06
-187142.313     8.907    -0.40    3.64
-186852.922     8.659    -0.86    3.03
-186563.534     8.924     0.92    2.87
-186274.150     8.614    -1.07    2.79
-185984.770     8.298    -1.09    2.92
-185695.393     8.259    -0.14    3.07
-185406.019     7.701    -1.93    3.43
-185116.649     7.626    -0.26    3.53
-184827.283     7.626    -0.00    3.39
-184537.920     7.597    -0.10    3.73
-184248.561     7.792     0.67    3.59
-183959.205     8.701     3.14    3.01
-183669.853     9.322     2.15    3.21
-183380.504     9.890     1.97    2.86
-183091.158    10.477     2.03    2.72
-182801.817    10.926     1.55    2.80
-182512.478    11.477     1.90    2.82
-182223.144    11.908     1.49    2.63
-181933.813    12.210     1.04    2.36
-181644.485    12.392     0.63    2.51
-181355.161    12.603     0.73    2.65
-181065.840    12.654     0.17    2.53
-180776.523    13.176     1.80    2.45
-180487.209    13.240     0.22    2.49
-180197.899    13.400     0.55    2.33
-179908.592    13.586     0.64    2.45
-179619.289    13.652     0.23    2.31
-179329.990    13.749     0.33    2.06
-179040.694    13.977     0.79    2.37
-178751.401    14.359     1.32    2.29
-178462.112    14.299    -0.21    2.33
-178172.826    14.410     0.38    2.25
-177883.544    14.742     1.15    2.08
-177594.265    14.892     0.52    2.11
-177304.990    15.011     0.41    2.25
-177015.719    14.656    -1.23    2.65
-176726.450    14.909     0.87    2.48
-176437.186    14.977     0.23    2.67
-176147.925    14.859    -0.41    2.91
-175858.667    14.626    -0.81    2.84
-175569.413    13.856    -2.66    2.92
-175280.162    13.701    -0.54    2.88
-174990.915    12.977    -2.50    2.75
-174701.671    12.188    -2.73    2.81
-174412.431    11.615    -1.98    2.85
-174123.194    10.592    -3.54    2.83
-173833.961    10.478    -0.40    2.99
-173544.731    10.366    -0.39    2.82
-173255.504     9.878    -1.69    2.78
-172966.282     9.676    -0.70    2.69
-172677.062     9.647    -0.10    2.56
-172387.846     9.567    -0.28    2.56
-172098.634     9.787     0.76    2.46
-171809.425    10.230     1.53    2.65
-171520.219    11.319     3.77    3.30
-171231.017    12.491     4.05    3.27
-170941.818    12.994     1.74    3.38
-170652.623    14.242     4.32    3.09
-170363.432    15.030     2.72    3.03
-170074.243    15.696     2.30    2.66
-169785.059    15.559    -0.48    2.63
-169495.877    15.281    -0.96    2.68
-169206.699    14.908    -1.29    2.72
-168917.525    14.978     0.24    2.87
-168628.354    14.739    -0.83    2.78
-168339.187    14.787     0.17    2.71
-168050.022    15.209     1.46    2.93
-167760.862    15.992     2.71    3.18
-167471.705    17.097     3.82    3.44
-167182.551    18.097     3.46    3.60
-166893.401    18.942     2.92    3.59
-166604.254    19.418     1.64    3.61
-166315.111    19.856     1.52    3.29
-166025.971    19.892     0.13    3.12
-165736.834    19.494    -1.38    3.27
-165447.701    18.977    -1.79    3.00
-165158.571    18.532    -1.54    2.62
-164869.445    18.756     0.77    2.56
-164580.323    19.042     0.99    2.63
-164291.203    19.067     0.09    2.51
-164002.087    19.839     2.67    3.50
-163712.975    19.976     0.48    3.78
-163423.866    19.992     0.06    3.85
-163134.760    19.631    -1.25    4.04
-162845.658    18.839    -2.74    4.16
-162556.559    17.942    -3.10    4.01
-162267.464    17.149    -2.74    3.42
-161978.372    16.292    -2.96    2.26
-161689.284    15.659    -2.19    1.49
-161400.199    15.542    -0.40    1.17
-161111.117    15.745     0.70    1.45
-160822.039    15.701    -0.15    1.55
-160532.964    16.026     1.12    1.71
-160243.893    15.994    -0.11    1.95
-159954.825    16.041     0.16    1.96
-159665.760    16.383     1.18    2.65
-159376.699    16.807     1.47    2.67
-159087.641    16.822     0.05    2.66
-158798.587    16.781    -0.14    2.63
-158509.536    16.942     0.56    2.45
-158220.488    17.226     0.98    2.58
-157931.444    17.254     0.10    2.50
-157642.404    17.218    -0.12    2.09
-157353.366    16.925    -1.01    2.27
-157064.332    17.092     0.58    2.46
-156775.302    17.494     1.39    2.34
-156486.275    17.500     0.02    2.35
-156197.251    17.373    -0.44    2.09
-155908.231    17.304    -0.24    2.00
-155619.214    17.235    -0.24    1.97
-155330.200    17.226    -0.03    1.86
-155041.190    17.242     0.06    2.23
-154752.183    17.597     1.23    3.76
-154463.180    17.976     1.31    4.65
-154174.180    17.906    -0.24    4.77
-153885.183    17.959     0.18    4.98
-153596.190    18.270     1.07    5.03
-153307.200    18.159    -0.38    4.95
-153018.214    17.762    -1.37    4.54
-152729.231    17.960     0.69    4.41
-152440.251    17.392    -1.97    4.12
-152151.275    16.735    -2.27    3.87
-151862.302    16.103    -2.19    3.44
-151573.332    15.614    -1.69    2.95
-151284.366    15.542    -0.25    3.07
-150995.403    14.959    -2.02    2.72
-150706.444    15.205     0.85    2.69
-150417.488    15.309     0.36    2.85
-150128.535    15.688     1.31    3.00
-149839.585    16.136     1.55    3.15
-149550.640    16.759     2.16    3.21
-149261.697    17.656     3.11    3.97
-148972.758    18.230     1.99    4.43
-148683.822    17.873    -1.24    5.11
-148394.889    16.778    -3.79    5.45
-148105.960    15.390    -4.80    5.42
-147817.034    13.494    -6.56    4.85
-147528.112    12.390    -3.82    4.35
-147239.193    10.873    -5.25    3.88
-146950.277     9.139    -6.00    4.98
-146661.364     7.659    -5.12    5.50
-146372.455     5.742    -6.63    5.99
-146083.550     3.995    -6.05    5.73
-145794.647     3.097    -3.11    5.37
-145505.748     3.176     0.27    5.23
-145216.853     2.518    -2.27    4.92
-144927.960     2.376    -0.49    5.71
-144639.071     2.011    -1.26    5.66
-144350.186     1.552    -1.59    5.64
-144061.303     1.311    -0.84    4.44
-143772.032     0.826    -1.68    3.73
-143482.432     0.729    -0.33    3.88
-143192.835     0.597    -0.45    4.43
-142903.242     1.485     3.06    5.79
-142613.652     1.226    -0.89    5.75
-142324.066     1.242     0.06    5.75
-142034.483     0.609    -2.19    5.30
-141744.903     0.401    -0.72    4.87
-141455.327     0.326    -0.26    4.74
-141165.753     0.626     1.04    4.87
-140876.184     0.892     0.92    5.18
-140586.617     1.753     2.97    5.20
-140297.054     2.442     2.38    5.12
-140007.494     4.230     6.18    5.71
-139717.938     5.609     4.76    5.43
-139428.385     6.580     3.35    5.37
-139138.835     7.486     3.13    5.29
-138849.289     7.303    -0.63    4.93
-138559.746     6.642    -2.28    5.35
-138270.206     5.500    -3.95    5.94
-137980.670     4.011    -5.14    4.94
-137691.137     3.046    -3.33    4.42
-137401.607     3.242     0.68    4.81
-137112.080     3.264     0.08    4.61
-136822.557     4.483     4.21    5.13
-136533.038     6.649     7.48    5.68
-136243.521     8.822     7.50    5.51
-135954.008    10.247     4.92    5.40
-135664.498    12.582     8.06    4.20
-135374.992    13.762     4.08    3.61
-135085.489    14.459     2.41    3.20
-134795.989    15.226     2.65    3.18
-134506.492    15.925     2.42    3.02
-134216.999    16.659     2.54    2.79
-133927.509    17.492     2.88    2.55
-133638.022    18.159     2.30    2.32
-133348.539    18.749     2.04    2.05
-133059.059    19.097     1.20    1.94
-132769.582    19.742     2.23    1.73
-132480.109    19.701    -0.14    1.81
-132190.639    19.745     0.15    1.64
-131901.172    20.026     0.97    1.63
-131611.709    20.196     0.59    1.79
-131322.249    20.390     0.67    1.89
-131032.792    20.174    -0.75    1.92
-130743.338    20.259     0.29    1.90
-130453.888    20.559     1.04    1.73
-130164.441    20.582     0.08    1.83
-129874.997    20.046    -1.85    2.27
-129585.557    19.839    -0.71    2.39
-129296.120    19.259    -2.00    2.57
-129006.686    18.684    -1.99    2.80
-128717.255    18.188    -1.71    2.74
-128427.828    17.666    -1.80    2.91
-128138.404    16.856    -2.80    2.99
-127848.983    16.201    -2.26    3.16
-127559.566    15.476    -2.51    3.55
-127270.152    14.713    -2.64    3.53
-126980.741    13.977    -2.54    2.91
-126691.333    13.264    -2.46    2.79
-126401.929    12.942    -1.11    2.71
-126112.528    13.027     0.29    2.79
-125823.130    12.797    -0.79    2.87
-125533.736    13.242     1.54    2.78
-125244.344    13.216    -0.09    2.69
-124954.957    13.311     0.33    2.55
-124665.572    12.909    -1.39    2.66
-124376.190    12.753    -0.54    2.68
-124086.812    12.466    -0.99    2.89
-123797.437    11.991    -1.64    2.98
-123508.066    11.654    -1.16    2.85
-123218.698    10.824    -2.87    3.55
-122929.332     9.281    -5.33    4.50
-122639.971     7.200    -7.19    5.59
-122350.612     4.342    -9.88    6.14
-122061.257     1.559    -9.62    5.52
-121771.905    -0.058    -5.59    4.48
-121482.556    -0.540    -1.67    4.32
-121193.210    -0.274     0.92    4.98
-120903.868     1.615     6.53    6.11
-120614.529     3.342     5.97    6.02
-120325.193     4.451     3.83    5.63
-120035.861     5.184     2.53    5.25
-119746.531     5.632     1.55    4.77
-119457.205     6.218     2.03    4.54
-119167.882     6.139    -0.27    5.03
-118878.563     5.856    -0.98    5.50
-118589.246     5.909     0.18    6.07
-118299.933     7.174     4.37    5.54
-118010.624     7.790     2.13    5.50
-117721.317     8.103     1.08    5.25
-117432.014     8.756     2.25    5.21
-117142.713     8.749    -0.02    5.35
-116853.416     9.156     1.41    4.92
-116564.123     8.442    -2.47    5.47
-116274.832     6.542    -6.57    6.10
-115985.545     6.008    -1.85    5.94
-115696.261     5.103    -3.13    5.13
-115406.980     4.546    -1.93    4.57
-115117.703     5.609     3.68    4.91
-114828.428     7.363     6.06    6.26
-114539.157     9.729     8.18    6.37
-114249.889    12.326     8.98    5.87
-113960.625    14.500     7.52    4.76
-113671.363    16.408     6.60    3.53
-113382.105    17.085     2.34    2.71
-113092.850    17.359     0.95    2.48
-112803.598    17.839     1.66    2.25
-112514.349    17.385    -1.57    2.60
-112225.104    17.309    -0.26    2.62
-111935.862    17.046    -0.91    3.14
-111646.623    17.149     0.36    3.03
-111357.387    17.666     1.79    2.55
-111068.155    17.549    -0.41    2.33
-110778.925    17.890     1.18    1.97
-110489.699    18.159     0.93    1.55
-110200.476    18.546     1.34    1.62
-109911.256    18.841     1.02    1.64
-109622.040    18.844     0.01    1.79
-109332.826    18.509    -1.16    2.17
-109043.616    18.292    -0.75    2.30
-108754.409    17.767    -1.82    2.36
-108465.206    17.080    -2.37    2.50
-108176.005    16.642    -1.51    2.57
-107886.808    15.688    -3.30    3.13
-107597.613    14.057    -5.64    4.11
-107308.422    13.028    -3.56    4.26
-107019.235    12.242    -2.72    4.25
-106730.050    11.477    -2.65    4.69
-106440.868     9.309    -7.50    6.45
-106151.690     6.159   -10.89    7.87
-105862.515     3.409    -9.51    8.79
-105573.343     0.526    -9.97    8.45
-105284.174    -1.299    -6.31    7.48
-104995.009    -3.448    -7.43    5.64
-104705.846    -3.868    -1.45    4.12
-104416.687    -3.927    -0.20    3.83
-104127.531    -3.796     0.45    3.78
-103838.378    -3.742     0.19    4.08
-103549.229    -3.227     1.78    4.81
-103260.082    -2.451     2.69    5.13
-102970.939    -2.074     1.30    5.15
-102681.799    -1.041     3.57    4.81
-102392.662     0.376     4.90    3.82
-102103.528     1.166     2.74    2.47
-101814.397     0.890    -0.96    2.38
-101525.270     0.476    -1.43    2.49
-101236.145     0.597     0.42    2.36
-100947.024     0.659     0.21    2.26
-100657.906     0.546    -0.39    2.17
-100368.791     0.287    -0.89    2.24
-100079.679     0.080    -0.72    2.15
 -99790.571    -0.351    -1.49    2.25
 -99501.465    -0.468    -0.40    2.30
 -99212.363    -1.127    -2.28    2.05
 -98923.264    -1.498    -1.29    1.96
 -98634.168    -1.611    -0.39    2.03
 -98345.075    -1.758    -0.51    2.04
 -98055.985    -1.897    -0.48    2.12
 -97766.899    -1.939    -0.15    2.16
 -97477.815    -1.158     2.70    2.72
 -97188.735    -0.672     1.68    3.37
 -96899.658     0.942     5.58    5.31
 -96610.584     3.126     7.55    6.74
 -96321.513     4.476     4.67    6.57
 -96032.446     6.345     6.47    6.48
 -95743.381     8.170     6.31    5.99
 -95454.319    10.176     6.94    5.87
 -95165.261    11.121     3.27    5.80
 -94876.206    10.845    -0.95    5.31
 -94587.154    11.095     0.86    5.23
 -94298.105    11.385     1.00    5.10
 -94009.059    12.442     3.66    5.36
 -93720.017    13.433     3.43    5.95
 -93430.977    14.659     4.24    6.65
 -93141.941    16.684     7.01    7.22
 -92852.907    19.090     8.33    7.00
 -92563.877    21.392     7.97    5.83
 -92274.850    23.132     6.02    4.56
 -91985.826    23.890     2.62    3.87
 -91696.805    24.442     1.91    3.50
 -91407.788    24.237    -0.71    2.93
 -91118.773    23.580    -2.27    2.89
 -90829.762    22.637    -3.26    3.31
 -90540.753    22.132    -1.75    3.34
 -90251.748    21.146    -3.41    3.67
 -89962.746    20.926    -0.76    3.52
 -89673.747    20.776    -0.52    3.29
 -89384.751    19.860    -3.17    3.46
 -89095.758    19.433    -1.48    3.22
 -88806.768    18.701    -2.54    3.58
 -88517.782    17.485    -4.21    3.86
 -88228.798    16.434    -3.64    3.62
 -87939.818    15.326    -3.83    3.84
 -87650.840    14.856    -1.62    3.80
 -87361.866    13.509    -4.66    4.16
 -87072.895    12.890    -2.14    4.04
 -86783.927    12.626    -0.91    4.01
 -86494.962    12.352    -0.95    4.25
 -86206.000    12.676     1.12    4.28
 -85917.041    12.442    -0.81    4.20
 -85628.086    12.146    -1.03    3.89
 -85339.133    11.451    -2.40    4.16
 -85050.183    10.494    -3.31    4.12
 -84761.237     9.762    -2.53    4.36
 -84472.294     9.042    -2.49    4.38
 -84183.353     7.591    -5.02    3.80
 -83894.416     5.726    -6.46    4.01
 -83605.482     3.960    -6.11    4.35
 -83316.551     2.270    -5.85    3.89
 -83027.623     1.332    -3.25    3.54
 -82738.698     0.559    -2.68    3.43
 -82449.777    -0.230    -2.73    2.30
 -82160.858    -0.321    -0.31    2.30
 -81871.942    -0.041     0.97    2.28
 -81582.859     0.046     0.30    2.12
 -81293.287    -0.418    -1.60    1.91
 -81003.718    -0.515    -0.33    2.05
 -80714.153    -0.472     0.15    2.11
 -80424.590    -0.334     0.48    2.25
 -80135.031    -0.247     0.30    2.55
 -79845.474    -0.615    -1.27    2.79
 -79555.921    -0.799    -0.64    2.78
 -79266.371    -0.566     0.80    2.81
 -78976.824    -0.403     0.57    3.07
 -78687.280     0.332     2.54    3.23
 -78397.739     0.684     1.22    3.15
 -78108.201     2.095     4.87    3.73
 -77818.666     3.671     5.44    4.63
 -77529.134     4.735     3.68    5.05
 -77239.605     6.890     7.44    5.54
 -76950.080     9.142     7.78    5.29
 -76660.557    10.409     4.38    4.82
 -76371.037    11.474     3.68    4.58
 -76081.521    11.889     1.43    4.44
 -75792.008    11.526    -1.25    4.81
 -75502.497    10.871    -2.26    4.60
 -75212.990    10.345    -1.81    4.10
 -74923.486    10.242    -0.36    3.41
 -74633.984    11.076     2.88    4.29
 -74344.486    12.753     5.79    4.63
 -74054.991    14.115     4.71    5.07
 -73765.499    15.315     4.15    4.78
 -73476.010    16.095     2.69    4.35
 -73186.524    16.410     1.09    4.43
 -72897.041    16.637     0.78    4.24
 -72607.561    16.373    -0.91    4.41
 -72318.085    15.908    -1.61    4.26
 -72028.611    15.494    -1.43    3.84
 -71739.140    15.680     0.64    3.86
 -71449.672    15.770     0.31    3.29
 -71160.208    16.115     1.19    3.23
 -70870.746    16.787     2.32    3.42
 -70581.288    17.959     4.05    3.79
 -70291.832    19.221     4.36    3.76
 -70002.379    19.994     2.67    3.75
 -69712.930    20.592     2.07    4.04
 -69423.483    20.714     0.42    4.24
 -69134.040    21.270     1.92    4.33
 -68844.600    21.742     1.63    4.45
 -68555.162    22.298     1.92    3.91
 -68265.728    23.041     2.57    3.80
 -67976.297    23.514     1.63    3.96
 -67686.868    24.709     4.13    3.19
 -67397.443    25.925     4.20    2.61
 -67108.021    26.862     3.24    2.36
 -66818.601    27.401     1.86    2.04
 -66529.185    27.873     1.63    1.74
 -66239.772    28.264     1.35    1.51
 -65950.362    28.363     0.34    1.44
 -65660.955    28.459     0.33    1.50
 -65371.550    28.292    -0.58    1.55
 -65082.149    28.286    -0.02    1.55
 -64792.751    28.126    -0.56    1.52
 -64503.356    28.188     0.22    1.38
 -64213.964    28.044    -0.50    1.41
 -63924.575    28.132     0.30    1.41
 -63635.189    28.090    -0.15    1.44
 -63345.805    27.959    -0.45    1.41
 -63056.425    27.739    -0.76    1.61
 -62767.048    27.632    -0.37    1.60
 -62477.674    27.697     0.22    1.49
 -62188.303    27.614    -0.28    1.43
 -61898.935    27.518    -0.33    1.44
 -61609.570    27.555     0.13    1.53
 -61320.207    27.718     0.56    1.60
 -61030.848    27.373    -1.19    1.75
 -60741.492    27.024    -1.21    1.94
 -60452.139    26.857    -0.58    2.09
 -60162.789    26.242    -2.13    2.14
 -59873.441    25.504    -2.55    2.31
 -59584.097    24.822    -2.36    2.26
 -59294.756    24.315    -1.75    2.65
 -59005.418    23.417    -3.10    3.35
 -58716.082    22.926    -1.70    3.71
 -58426.750    22.494    -1.49    4.11
 -58137.421    21.676    -2.83    4.52
 -57848.094    21.083    -2.05    4.76
 -57558.771    21.026    -0.20    4.67
 -57269.451    20.664    -1.25    4.55
 -56980.133    20.609    -0.19    4.67
 -56690.819    20.542    -0.23    4.50
 -56401.507    20.100    -1.53    3.74
 -56112.199    20.705     2.09    3.61
 -55822.893    21.097     1.36    3.34
 -55533.591    21.188     0.31    3.22
 -55244.291    21.270     0.28    3.63
 -54954.994    22.012     2.57    3.96
 -54665.701    22.196     0.64    4.14
 -54376.410    22.674     1.65    4.26
 -54087.122    22.598    -0.26    3.92
 -53797.837    22.603     0.02    3.82
 -53508.555    22.859     0.88    3.60
 -53219.277    23.425     1.96    3.10
 -52930.001    24.047     2.15    2.91
 -52640.728    24.359     1.08    2.13
 -52351.458    24.408     0.17    2.22
 -52062.190    24.376    -0.11    2.28
 -51772.926    24.129    -0.85    2.36
 -51483.665    23.822    -1.06    2.60
 -51194.407    23.028    -2.74    2.90
 -50905.152    22.287    -2.56    2.84
 -50615.899    21.696    -2.04    2.80
 -50326.650    20.908    -2.73    2.97
 -50037.403    20.196    -2.46    3.01
 -49748.160    19.477    -2.49    3.44
 -49458.919    18.756    -2.49    3.58
 -49169.681    17.781    -3.37    3.78
 -48880.447    16.891    -3.08    3.92
 -48591.215    15.247    -5.68    3.96
 -48301.986    13.925    -4.57    3.69
 -48012.760    13.011    -3.16    3.76
 -47723.537    11.959    -3.64    4.01
 -47434.317    11.659    -1.04    4.25
 -47145.100    11.700     0.14    4.48
 -46855.886    11.925     0.78    4.74
 -46566.674    11.959     0.12    4.44
 -46277.466    12.942     3.40    4.39
 -45988.261    14.362     4.91    5.11
 -45699.058    15.807     5.00    4.91
 -45409.859    17.654     6.39    4.92
 -45120.662    19.095     4.98    4.49
 -44831.468    20.149     3.65    4.09
 -44542.277    20.009    -0.48    4.15
 -44253.089    19.925    -0.29    4.17
 -43963.904    19.942     0.06    3.28
 -43674.722    20.392     1.56    3.67
 -43385.543    21.539     3.96    3.82
 -43096.367    22.502     3.33    3.85
 -42807.193    23.580     3.73    3.68
 -42518.023    24.286     2.44    3.12
 -42228.855    24.597     1.08    2.92
 -41939.691    24.298    -1.03    3.07
 -41650.529    23.649    -2.24    2.92
 -41361.370    22.960    -2.38    3.39
 -41072.214    21.829    -3.91    3.68
 -40783.061    21.292    -1.86    3.60
 -40493.911    20.188    -3.82    3.70
 -40204.764    19.556    -2.19    3.38
 -39915.619    19.304    -0.87    3.61
 -39626.478    19.468     0.56    3.48
 -39337.339    19.637     0.59    3.26
 -39048.203    20.242     2.09    3.36
 -38759.071    20.339     0.33    3.44
 -38469.941    20.891     1.91    3.64
 -38180.814    20.907     0.05    4.01
 -37891.689    21.909     3.46    4.43
 -37602.568    23.221     4.54    4.10
 -37313.450    23.770     1.90    3.56
 -37024.334    24.409     2.21    3.02
 -36735.222    25.226     2.82    2.42
 -36446.112    25.442     0.75    2.20
 -36157.005    25.756     1.08    1.48
 -35867.901    25.705    -0.18    1.64
 -35578.800    25.434    -0.94    2.10
 -35289.702    25.416    -0.06    2.23
 -35000.606    25.042    -1.29    2.51
 -34711.514    24.287    -2.61    2.88
 -34422.424    23.762    -1.82    2.81
 -34133.338    23.492    -0.93    2.83
 -33844.254    23.184    -1.07    2.63
 -33555.173    23.270     0.30    2.55
 -33266.095    23.363     0.32    2.40
 -32977.019    23.664     1.04    2.46
 -32687.947    24.309     2.23    2.17
 -32398.877    24.410     0.35    2.15
 -32109.811    24.112    -1.03    2.44
 -31820.747    23.856    -0.88    2.64
 -31531.686    22.892    -3.33    3.57
 -31242.628    22.235    -2.27    4.78
 -30953.572    22.729     1.71    6.42
 -30664.520    22.425    -1.05    7.05
 -30375.470    21.011    -4.89    7.84
 -30086.424    20.046    -3.34    8.49
 -29797.380    18.692    -4.68    9.35
 -29508.339    16.826    -6.46   10.52
 -29219.300    12.839   -13.79   10.11
 -28930.265     9.142   -12.79    6.57
 -28641.233     7.389    -6.07    4.88
 -28352.203     7.046    -1.19    4.82
 -28063.176     7.059     0.05    4.81
 -27774.152     7.196     0.48    4.95
 -27485.131     8.172     3.37    5.20
 -27196.113     9.067     3.10    5.11
 -26907.097    10.184     3.86    5.03
 -26618.085    12.012     6.33    5.33
 -26329.075    12.684     2.32    4.93
 -26040.068    13.385     2.42    4.77
 -25751.064    13.856     1.63    4.67
 -25462.062    13.959     0.36    4.50
 -25173.064    13.872    -0.30    4.44
 -24884.068    14.259     1.34    4.44
 -24595.075    14.092    -0.58    3.87
 -24306.085    14.926     2.88    4.36
 -24017.098    16.376     5.02    5.00
 -23728.114    17.995     5.60    5.71
 -23439.132    19.459     5.07    5.69
 -23150.154    21.563     7.28    4.71
 -22861.178    23.242     5.81    4.40
 -22572.205    24.925     5.82    3.76
 -22283.234    26.112     4.11    2.65
 -21994.267    26.511     1.38    1.94
 -21705.302    26.746     0.81    1.71
 -21416.340    27.010     0.91    1.41
 -21127.381    27.044     0.12    1.35
 -20838.425    26.909    -0.47    1.33
 -20549.472    26.804    -0.36    1.21
 -20260.521    26.735    -0.24    1.21
 -19971.573    26.859     0.43    1.73
 -19682.628    27.132     0.94    2.07
 -19393.686    27.368     0.82    2.23
 -19104.152    27.304    -0.22    1.72
 -18814.604    27.270    -0.12    1.70
 -18525.060    27.546     0.95    2.16
 -18235.518    27.349    -0.68    2.07
 -17945.979    27.303    -0.16    2.63
 -17656.443    27.684     1.31    4.09
 -17366.910    28.179     1.71    5.19
 -17077.379    29.014     2.88    5.88
 -16787.851    29.059     0.16    5.88
 -16498.326    28.684    -1.29    5.76
 -16208.804    28.146    -1.86    5.68
 -15919.285    26.942    -4.16    5.23
 -15629.769    26.281    -2.28    4.47
 -15340.255    24.756    -5.27    2.72
 -15050.744    24.149    -2.10    2.33
 -14761.236    23.909    -0.83    2.34
 -14471.730    23.713    -0.68    2.25
 -14182.228    23.381    -1.15    2.38
 -13892.728    23.159    -0.77    2.29
 -13603.231    22.514    -2.23    2.55
 -13313.737    21.991    -1.81    2.48
 -13024.246    21.876    -0.40    3.00
 -12734.757    21.992     0.40    4.15
 -12445.271    22.804     2.81    5.66
 -12155.788    23.153     1.20    6.18
 -11866.308    23.281     0.44    6.43
 -11576.830    22.756    -1.82    6.13
 -11287.356    21.587    -4.04    5.99
 -10997.884    20.718    -3.00    5.68
 -10708.414    20.063    -2.26    5.47
 -10418.948    19.546    -1.79    5.48
 -10129.484    19.115    -1.49    5.29
  -9840.024    18.680    -1.50    5.25
  -9550.566    18.994     1.08    5.99
  -9261.110    18.339    -2.26    5.99
  -8971.658    17.235    -3.81    6.11
  -8682.208    16.235    -3.45    6.21
  -8392.761    14.733    -5.19    6.11
  -8103.317    13.942    -2.73    6.34
  -7813.875    12.259    -5.82    5.22
  -7524.436    11.574    -2.37    4.35
  -7235.001    10.994    -2.00    4.07
  -6945.567    10.726    -0.93    3.69
  -6656.137    10.076    -2.25    2.63
  -6366.709    10.087     0.04    2.57
  -6077.284     9.942    -0.50    2.68
  -5787.862     9.676    -0.92    2.37
  -5498.443     9.170    -1.75    1.99
  -5209.026     9.254     0.29    2.00
  -4919.612     9.188    -0.23    2.00
  -4630.201     9.132    -0.19    2.01
  -4340.792     8.603    -1.83    2.17
  -4051.387     8.346    -0.89    2.03
  -3761.984     8.142    -0.70    2.15
  -3472.583     7.609    -1.84    2.31
  -3183.186     6.680    -3.21    2.28
  -2893.791     6.442    -0.82    2.43
  -2604.399     6.353    -0.31    2.21
  -2315.010     6.586     0.81    2.56
  -2025.624     6.390    -0.68    3.77
  -1736.240     5.975    -1.44    4.52
  -1446.859     5.349    -2.16    5.40
  -1157.480     4.179    -4.04    5.91
   -868.105     3.218    -3.32    6.20
   -578.732     2.451    -2.65    6.49
   -289.362     1.292    -4.00    5.64
      0.006    -0.143    -4.96    3.61
    289.370    -0.435    -1.01    2.56
    578.732     1.063     5.18    5.09
    868.092     3.304     7.75    6.98
   1157.448     5.319     6.96    7.51
   1446.802     7.349     7.01    7.52
   1736.153     8.792     4.99    6.83
   2025.501    10.889     7.25    5.85
   2314.847    11.994     3.82    4.62
   2604.190    12.095     0.35    4.23
   2893.530    12.942     2.93    4.35
   3182.868    14.926     6.85    4.20
   3472.202    16.149     4.23    4.20
   3761.534    18.230     7.19    5.94
   4050.864    21.679    11.92   12.88
   4340.191    24.426     9.49   15.50
   4629.514    29.172    16.40   19.09
   4918.836    32.459    11.36   20.38
   5208.154    35.226     9.56   19.88
   5497.470    37.433     7.63   18.33
   5786.783    38.298     2.99   16.59
   6076.094    38.270    -0.10   14.23
   6365.402    40.336     7.14   14.57
   6654.707    40.542     0.71   14.63
   6944.009    43.767    11.15   18.81
   7233.309    44.276     1.76   21.87
   7522.606    48.085    13.17   28.34
   7811.900    51.362    11.33   30.83
   8101.192    52.892     5.29   31.04
   8390.480    51.226    -5.76   31.82
   8679.767    44.873   -21.96   30.34
   8969.050    40.644   -14.62   26.98
   9258.331    34.518   -21.17   14.74
   9547.609    31.485   -10.49    7.60
   9836.885    32.281     2.75    9.00
  10126.158    31.287    -3.44    6.17
  10415.428    33.201     6.62    8.80
  10704.695    34.425     4.23    9.45
  10993.960    33.873    -1.91    8.00
  11283.222    34.614     2.56    7.90
  11572.481    34.925     1.07    7.14
  11861.738    34.753    -0.60    7.53
  12150.992    36.201     5.01   11.54
  12440.244    36.839     2.21   12.20
  12729.492    36.136    -2.43   13.12
  13018.739    35.688    -1.55   13.17
  13307.982    34.654    -3.57   11.17
  13597.223    33.714    -3.25    9.95
  13886.461    33.753     0.13   10.06
  14175.696    33.326    -1.48    9.96
  14464.929    31.859    -5.07    9.38
  14754.159    31.765    -0.33    8.90
  15043.387    32.014     0.86    8.89
  15332.611    36.192    14.45   18.10
  15621.833    41.416    18.06   25.02
  15911.053    43.877     8.51   25.04
  16200.270    50.909    24.31   28.95
  16489.484    55.184    14.78   27.78
  16778.695    58.756    12.35   25.68
  17067.904    58.872     0.40   25.05
  17357.111    59.592     2.49   29.32
  17646.314    63.315    12.87   37.67
  17935.515    69.532    21.50   47.44
  18224.713    75.259    19.80   50.38
  18513.909    77.276     6.97   50.88
  18803.102    74.366   -10.06   50.96
  19092.292    70.028   -15.00   51.29
  19381.480    61.659   -28.94   46.19
  19670.665    53.044   -29.79   35.40
  19959.848    44.976   -27.90   25.06
  20249.028    39.632   -18.48    8.85
  20538.205    38.103    -5.29    3.77
  20827.379    38.692     2.04    2.92
  21116.551    38.705     0.04    3.24
  21405.721    38.844     0.48    3.74
  21694.887    38.046    -2.76    4.59
  21984.051    37.528    -1.79    5.05
  22273.213    36.680    -2.93    5.41
  22562.371    35.841    -2.90    5.02
  22851.528    35.352    -1.69    4.51
  23140.681    35.649     1.03    4.62
  23429.832    36.701     3.64    5.18
  23718.980    37.925     4.23    6.13
  24008.126    40.485     8.85    9.55
  24297.269    41.811     4.59   10.66
  24586.410    42.649     2.90   10.69
  24875.548    42.603    -0.16   10.75
  25164.683    41.246    -4.69    8.35
  25453.815    41.892     2.24    8.04
  25742.945    44.023     7.37    8.69
  26032.073    45.230     4.18    9.54
  26321.198    46.992     6.09    9.46
  26610.320    48.281     4.46    8.84
  26899.439    48.213    -0.24    8.58
  27188.556    47.718    -1.71    9.27
  27477.671    45.942    -6.14    8.39
  27766.783    44.385    -5.39    6.96
  28055.892    44.666     0.97    6.98
  28344.998    46.226     5.39    7.50
  28634.102    49.246    10.45    8.21
  28923.204    53.410    14.40   10.74
  29212.303    58.061    16.09   13.23
  29501.399    63.303    18.13   13.14
  29790.492    67.632    14.97   10.81
  30079.583    69.047     4.90    9.78
  30368.672    70.126     3.73    9.61
  30657.758    69.563    -1.95    9.43
  30946.841    65.729   -13.26   11.10
  31235.922    62.276   -11.95   10.24
  31525.000    60.063    -7.65    9.41
  31814.075    59.580    -1.67    9.39
  32103.148    57.287    -7.93    8.91
  32392.219    56.598    -2.38   10.08
  32681.286    57.735     3.93   10.92
  32970.351    61.095    11.62   13.11
  33259.414    64.011    10.09   14.80
  33548.474    68.784    16.51   20.70
  33837.532    77.378    29.73   28.55
  34126.587    80.059     9.28   27.89
  34415.639    84.680    15.99   26.45
  34704.689    87.907    11.16   25.83
  34993.736    88.339     1.49   23.70
  35282.780    86.569    -6.12   22.91
  35571.823    83.807    -9.56   21.71
  35860.862    77.309   -22.48   14.10
  36149.899    72.356   -17.14   13.14
  36438.933    69.179   -10.99   10.38
  36727.965    68.872    -1.06   11.65
  37016.994    69.426     1.92   12.18
  37306.021    70.024     2.07   14.41
  37595.045    70.459     1.51   16.01
  37884.067    69.276    -4.10   16.56
  38173.086    68.309    -3.34   16.90
  38462.102    66.179    -7.37   15.84
  38751.116    66.213     0.12   15.77
  39040.128    66.349     0.47   16.70
  39329.137    66.959     2.11   15.86
  39618.143    67.205     0.85   16.97
  39907.147    68.259     3.65   19.24
  40196.148    64.735   -12.19   16.16
  40485.146    62.910    -6.32   15.19
  40774.143    62.976     0.23   14.97
  41063.136    61.722    -4.34   15.43
  41352.127    59.322    -8.31   15.16
  41641.116    59.504     0.63   14.62
  41930.102    62.142     9.13   18.47
  42219.085    62.349     0.72   18.93
  42508.066    62.862     1.77   22.54
  42797.044    58.909   -13.68   20.91
  43086.400    55.381   -12.19   17.10
  43375.920    51.209   -14.41    9.51
  43665.437    49.511    -5.86    8.44
  43954.952    49.123    -1.34    8.81
  44244.464    49.528     1.40    9.54
  44533.974    50.787     4.35   11.23
  44823.481    50.442    -1.19   10.83
  45112.986    49.942    -1.73   10.80
  45402.488    48.059    -6.51   11.72
  45691.987    46.563    -5.17   12.34
  45981.484    43.676    -9.97   12.30
  46270.979    41.906    -6.11   11.78
  46560.471    39.046    -9.88    9.12
  46849.960    36.759    -7.90    5.92
  47139.447    35.942    -2.82    5.91
  47428.932    35.809    -0.46    6.50
  47718.413    35.728    -0.28    6.97
  48007.893    37.149     4.91    7.68
  48297.370    40.671    12.17    9.99
  48586.844    43.242     8.88   11.21
  48876.316    46.532    11.37   11.55
  49165.785    49.373     9.81   10.45
  49455.252    52.576    11.06    8.51
  49744.716    53.995     4.90    5.81
  50034.178    54.762     2.65    5.91
  50323.637    57.026     7.82   10.26
  50613.094    56.807    -0.76   10.89
  50902.548    57.373     1.96   10.81
  51192.000    58.346     3.36   11.33
  51481.449    60.459     7.30   12.53
  51770.896    63.046     8.94   16.21
  52060.340    64.959     6.61   18.88
  52349.782    68.309    11.57   21.43
  52639.221    73.201    16.90   21.54
  52928.658    77.546    15.01   23.20
  53218.092    78.701     3.99   22.72
  53507.524    84.942    21.56   30.97
  53796.953    91.184    21.56   37.30
  54086.380    96.326    17.77   41.68
  54375.804    97.408     3.74   42.73
  54665.226    96.192    -4.20   39.78
  54954.645    92.394   -13.12   35.63
  55244.062    91.526    -3.00   33.45
  55533.476    91.636     0.38   30.84
  55822.888    94.135     8.64   33.57
  56112.298    94.149     0.05   34.94
  56401.704    93.609    -1.87   35.61
  56691.109    91.705    -6.58   36.87
  56980.511    86.237   -18.89   37.78
  57269.910    77.304   -30.87   33.49
  57559.307    70.356   -24.01   28.96
  57848.702    65.770   -15.85   23.70
  58138.094    61.876   -13.46   18.43
  58427.483    59.059    -9.73   12.49
  58716.870    57.097    -6.78   11.50
  59006.255    56.959    -0.48   18.45
  59295.637    58.317     4.69   19.72
  59585.017    57.535    -2.70   19.10
  59874.394    56.705    -2.87   18.76
  60163.768    55.759    -3.27   18.38
  60453.141    51.565   -14.49    7.95
  60742.511    49.170    -8.28    4.91
  61031.878    47.309    -6.43    4.41
  61321.243    46.908    -1.39    3.67
  61610.605    46.795    -0.39    3.66
  61899.965    47.204     1.42    3.85
  62189.323    48.027     2.84    4.72
  62478.678    49.339     4.53    5.54
  62768.030    51.210     6.47    8.68
  63057.380    54.631    11.82   15.50
  63346.728    55.859     4.24   15.65
  63636.073    58.792    10.14   21.65
  63925.416    58.753    -0.14   21.63
  64214.756    55.246   -12.12   13.87
  64504.094    53.309    -6.69   14.01
  64793.430    50.666    -9.13   12.92
  65082.763    46.326   -15.00   11.11
  65372.093    42.434   -13.45   10.62
  65661.422    38.580   -13.32   11.33
  65950.747    35.666   -10.07   10.40
  66240.071    32.546   -10.79    7.87
  66529.391    30.516    -7.02    6.00
  66818.710    28.753    -6.10    4.96
  67108.026    27.942    -2.80    4.06
  67397.339    27.753    -0.66    4.34
  67686.650    27.739    -0.05    4.60
  67975.959    27.974     0.81    4.71
  68265.265    28.010     0.12    4.56
  68554.569    28.332     1.11    4.08
  68843.870    27.872    -1.59    4.06
  69133.169    27.115    -2.62    3.78
  69422.466    26.359    -2.61    3.15
  69711.760    25.992    -1.27    2.96
  70001.052    26.007     0.05    2.67
  70290.341    26.856     2.94    3.05
  70579.628    29.226     8.19    5.46
  70868.912    30.995     6.12    6.49
  71158.194    33.176     7.54    6.94
  71447.474    34.535     4.70    6.85
  71736.751    34.718     0.63    6.74
  72026.026    34.857     0.48    6.40
  72315.298    35.027     0.59    6.01
  72604.568    35.009    -0.06    5.75
  72893.836    35.959     3.29    5.73
  73183.101    37.073     3.85    6.00
  73472.364    39.242     7.50    5.05
  73761.624    40.942     5.88    3.93
  74050.882    42.078     3.93    3.59
  74340.137    41.287    -2.73    3.77
  74629.391    40.959    -1.13    3.76
  74918.641    40.654    -1.05    3.90
  75207.890    40.509    -0.50    3.97
  75497.136    40.339    -0.59    4.25
  75786.379    41.819     5.12    5.42
  76075.620    44.109     7.92    7.75
  76364.859    45.926     6.28    9.64
  76654.095    47.942     6.97    9.76
  76943.329    49.011     3.70    9.96
  77232.561    50.166     3.99    9.49
  77521.790    50.676     1.76    9.10
  77811.017    51.511     2.89    9.00
  78100.242    51.450    -0.21    7.97
  78389.464    52.459     3.49    7.33
  78678.683    53.959     5.19    9.87
  78967.901    55.856     6.56   13.64
  79257.116    60.654    16.59   24.47
  79546.328    61.434     2.70   24.29
  79835.538    62.959     5.27   24.22
  80124.746    63.044     0.29   24.02
  80413.951    62.835    -0.72   24.31
  80703.154    61.247    -5.49   22.78
  80992.355    55.975   -18.23   14.56
  81281.553    52.976   -10.37    4.28
  81570.749    53.286     1.07    3.81
  81859.943    53.549     0.91    4.04
  82149.134    54.417     3.00    5.33
  82438.323    56.654     7.74    6.57
  82727.509    58.204     5.36    7.60
  83016.694    61.652    11.92    9.56
  83305.875    65.012    11.62   10.48
  83595.055    70.576    19.24   12.08
  83884.232    74.567    13.80   12.57
  84173.406    78.055    12.06   16.70
  84462.579    79.807     6.06   16.43
  84751.749    78.109    -5.87   17.57
  85040.916    76.373    -6.00   18.59
  85330.082    72.819   -12.29   17.50
  85619.245    69.434   -11.71   14.27
  85908.405    65.184   -14.70    9.29
  86197.563    65.401     0.75    9.84
  86486.719    65.326    -0.26   10.55
  86775.873    68.311    10.32   13.00
  87065.024    71.597    11.37   14.41
  87354.173    74.408     9.72   18.34
  87643.319    74.237    -0.59   17.34
  87932.463    73.373    -2.99   14.34
  88221.605    72.773    -2.08   14.31
  88510.745    71.684    -3.77   14.06
  88799.882    67.924   -13.00   13.96
  89089.017    64.378   -12.27    9.16
  89378.149    64.209    -0.58    9.37
  89667.279    64.359     0.52   12.56
  89956.407    60.451   -13.52   10.21
  90245.533    59.925    -1.82    9.75
  90534.656    59.926     0.00    9.53
  90823.777    60.705     2.70   10.07
  91112.895    60.876     0.59    9.57
  91402.011    60.787    -0.31    9.00
  91691.125    61.166     1.31    8.32
  91980.237    61.649     1.67    8.15
  92269.346    61.292    -1.23    8.38
  92558.453    64.176     9.97   20.77
  92847.557    65.959     6.17   24.79
  93136.660    67.092     3.92   27.38
  93425.759    65.942    -3.98   29.06
  93714.857    63.942    -6.92   32.31
  94003.952    60.468   -12.02   33.25
  94293.045    52.409   -27.88   27.20
  94582.136    45.155   -25.09    8.49
  94871.225    42.433    -9.42    7.05
  95160.311    41.576    -2.97    7.48
  95449.394    40.563    -3.50    6.23
  95738.476    39.523    -3.60    5.42
  96027.555    38.292    -4.26    4.37
  96316.632    37.688    -2.09    3.83
  96605.706    37.339    -1.21    3.36
  96894.779    37.371     0.11    3.20
  97183.849    38.297     3.20    4.88
  97472.916    39.112     2.82    5.71
  97761.982    40.642     5.29    6.71
  98051.045    42.442     6.23    7.52
  98340.106    44.156     5.93    7.65
  98629.164    46.309     7.45    7.98
  98918.220    47.753     4.99    7.62
  99207.274    49.359     5.56    8.26
  99496.326    50.569     4.19    7.60
  99785.375    51.856     4.45    7.42
 100074.422    54.046     7.58   14.38
 100363.467    55.959     6.62   15.96
 100652.509    56.909     3.29   15.52
 100941.550    58.442     5.30   15.32
 101230.588    58.242    -0.69   14.95
 101519.623    57.425    -2.83   15.41
 101808.657    55.790    -5.66   15.03
 102097.688    52.368   -11.84    7.18
 102386.716    51.492    -3.03    4.40
 102675.743    50.942    -1.90    2.96
 102964.767    51.012     0.24    3.20
 103253.789    51.804     2.74    3.26
 103542.809    52.196     1.36    3.29
 103831.826    52.276     0.27    3.46
 104120.842    52.292     0.06    3.49
 104409.855    52.011    -0.97    3.64
 104698.865    51.891    -0.41    3.88
 104987.874    51.574    -1.10    3.97
 105277.085    51.609     0.12    4.17
 105566.581    51.614     0.02    3.97
 105856.075    52.063     1.55    4.30
 106145.567    53.592     5.28    8.90
 106435.056    56.709    10.77   12.45
 106724.544    59.146     8.42   14.80
 107014.029    61.563     8.35   15.11
 107303.511    62.044     1.66   14.97
 107592.992    62.809     2.64   14.55
 107882.470    62.591    -0.75   13.42
 108171.946    63.326     2.54   11.93
 108461.420    62.701    -2.16   10.45
 108750.891    61.762    -3.24    7.29
 109040.361    61.842     0.28    6.90
 109329.828    62.857     3.51    9.72
 109619.292    64.408     5.36   12.95
 109908.755    65.749     4.63   14.82
 110198.215    66.155     1.40   14.42
 110487.673    67.826     5.77   14.72
 110777.129    70.120     7.93   14.18
 111066.582    70.637     1.79   12.41
 111356.033    70.925     0.99    8.49
 111645.482    79.076    28.16   22.72
 111934.929   100.304    73.34   48.17
 112224.373   113.795    46.61   49.63
 112513.816   121.632    27.08   49.37
 112803.256   130.373    30.20   59.43
 113092.694   130.511     0.48   60.94
 113382.129   123.477   -24.30   59.58
 113671.562   115.614   -27.16   57.79
 113960.994    97.942   -61.06   34.50
 114250.422    86.542   -39.39   26.38
 114539.849    78.728   -27.00   19.98
 114829.273    73.959   -16.48   16.31
 115118.696    69.532   -15.29   13.38
 115408.116    66.603   -10.12    9.41
 115697.533    64.742    -6.43    8.53
 115986.949    64.460    -0.97    9.51
 116276.362    68.753    14.83   20.50
 116565.773    74.626    20.29   33.02
 116855.182    81.026    22.11   39.09
 117144.589    82.491     5.06   40.65
 117433.993    80.201    -7.91   41.86
 117723.395    76.692   -12.12   40.31
 118012.795    70.363   -21.87   34.99
 118302.193    64.909   -18.85   25.39
 118591.589    59.518   -18.63   10.81
 118880.982    58.400    -3.87    6.61
 119170.373    58.078    -1.11    4.83
 119459.762    57.959    -0.41    4.15
 119749.149    56.676    -4.44    4.60
 120038.533    54.287    -8.25    6.16
 120327.916    51.587    -9.33    7.28
 120617.296    48.576   -10.41    7.36
 120906.674    45.353   -11.14    7.29
 121196.049    43.315    -7.04    6.79
 121485.423    42.201    -3.85    7.90
 121774.794    44.385     7.55   13.14
 122064.163    47.253     9.91   15.40
 122353.530    50.259    10.39   16.17
 122642.895    52.253     6.89   15.13
 122932.258    52.521     0.93   12.48
 123221.618    51.598    -3.19   10.05
 123510.976    50.826    -2.67    6.46
 123800.332    49.073    -6.06    5.50
 124089.686    49.632     1.93   11.92
 124379.037    49.580    -0.18   13.13
 124668.387    48.576    -3.47   13.04
 124957.734    48.569    -0.02   13.11
 125247.079    47.778    -2.73   13.23
 125536.422    47.890     0.39   13.58
 125825.763    47.218    -2.32   13.61
 126115.101    45.451    -6.11    7.90
 126404.438    44.451    -3.46    5.00
 126693.772    44.713     0.91    5.19
 126983.104    44.787     0.26    4.73
 127272.434    46.196     4.87    4.92
 127561.761    46.514     1.10    5.03
 127851.087    47.226     2.46    4.69
 128140.410    46.975    -0.87    4.67
 128429.731    46.434    -1.87    5.42
 128719.050    46.909     1.64    5.79
 129008.367    47.121     0.73    5.48
 129297.682    47.129     0.03    6.02
 129586.994    47.511     1.32    6.34
 129876.305    48.259     2.58    6.88
 130165.613    50.532     7.86    7.03
 130454.919    53.047     8.69    6.56
 130744.223    53.042    -0.02    7.08
 131033.524    54.121     3.73    7.02
 131322.824    56.007     6.52    8.18
 131612.121    58.092     7.21    8.86
 131901.417    59.876     6.16   11.50
 132190.710    62.753     9.94   18.58
 132480.001    64.580     6.32   18.06
 132769.289    67.654    10.63   20.22
 133058.576    67.434    -0.76   19.33
 133347.861    64.781    -9.17   16.08
 133637.143    62.552    -7.70    9.01
 133926.423    61.218    -4.61    4.61
 134215.701    61.166    -0.18    4.37
 134504.977    61.115    -0.18    3.98
 134794.251    61.401     0.99    5.23
 135083.523    62.494     3.78    6.57
 135372.792    64.253     6.08   13.92
 135662.060    63.735    -1.79   14.17
 135951.325    61.580    -7.45   14.85
 136240.588    57.692   -13.44   12.55
 136529.849    54.620   -10.62    8.59
 136819.108    50.192   -15.31    6.89
 137108.365    47.714    -8.57    5.89
 137397.619    45.787    -6.66    4.79
 137686.872    45.059    -2.52    3.91
 137976.122    44.332    -2.51    3.61
 138265.371    43.842    -1.69    3.32
 138554.617    43.531    -1.07    2.47
 138843.861    43.977     1.54    2.38
 139133.103    44.346     1.28    2.18
 139422.342    44.559     0.74    2.00
 139711.580    44.342    -0.75    1.89
 140000.815    44.339    -0.01    1.65
 140290.049    44.259    -0.28    1.72
 140579.280    44.287     0.10    1.48
 140868.509    43.976    -1.08    1.63
 141157.737    44.542     1.96    3.00
 141446.961    45.809     4.38    4.68
 141736.184    48.009     7.61    7.09
 142025.405    49.149     3.94    7.22
 142314.624    49.857     2.45    7.24
 142603.840    49.718    -0.48    7.40
 142893.055    51.090     4.74    7.43
 143182.267    50.809    -0.97    7.45
 143471.477    50.281    -1.82    7.61
 143760.686    50.649     1.27    7.84
 144049.892    51.067     1.45    8.09
 144339.096    51.467     1.38    7.53
 144628.297    52.163     2.41    7.27
 144917.497    51.592    -1.97    7.06
 145206.695    51.804     0.73    6.74
 145495.891    50.188    -5.59    6.38
 145785.084    50.209     0.07    6.15
 146074.275    49.891    -1.10    6.19
 146363.465    49.362    -1.83    6.12
 146652.652    48.822    -1.87    6.16
 146941.837    48.666    -0.54    6.09
 147231.020    49.425     2.62    5.69
 147520.201    50.390     3.34    5.35
 147809.380    50.827     1.51    5.09
 148098.557    51.011     0.64    5.25
 148387.732    51.632     2.15    4.90
 148676.904    52.908     4.41    4.29
 148966.075    53.804     3.10    3.77
 149255.244    53.781    -0.08    3.91
 149544.410    53.349    -1.49    4.39
 149833.574    52.926    -1.46    5.06
 150122.737    53.469     1.88    4.92
 150411.897    53.563     0.33    4.84
 150701.055    53.176    -1.34    5.12
 150990.211    53.196     0.07    5.53
 151279.365    53.336     0.48    5.49
 151568.517    53.014    -1.11    5.45
 151857.667    53.822     2.79    5.03
 152146.815    53.942     0.42    5.31
 152435.961    53.592    -1.21    5.64
 152725.105    52.795    -2.76    5.90
 153014.246    51.528    -4.38    5.94
 153303.386    51.112    -1.44    5.86
 153592.524    50.442    -2.32    5.64
 153881.659    50.409    -0.12    5.77
 154170.793    49.509    -3.11    6.23
 154459.924    48.509    -3.46    6.46
 154749.053    46.569    -6.71    7.54
 155038.181    44.080    -8.61    8.63
 155327.306    40.926   -10.91    8.63
 155616.429    38.028   -10.02    8.27
 155905.550    36.492    -5.31    7.09
 156194.670    35.926    -1.96    6.91
 156483.787    36.626     2.42    7.54
 156772.902    38.235     5.56    7.82
 157062.015    40.424     7.57    6.58
 157351.126    42.209     6.17    5.06
 157640.235    43.586     4.76    3.60
 157929.342    43.892     1.06    3.47
 158218.446    44.235     1.19    3.60
 158507.549    44.188    -0.16    3.32
 158796.650    44.192     0.02    3.24
 159085.749    43.701    -1.70    3.69
 159374.846    42.459    -4.30    3.97
 159663.940    41.201    -4.35    3.67
 159953.033    40.718    -1.67    3.32
 160242.124    40.632    -0.30    3.33
 160531.212    40.804     0.60    3.26
 160820.299    40.155    -2.24    5.67
 161109.384    37.787    -8.19    9.09
 161398.466    34.373   -11.81   11.52
 161687.547    30.735   -12.58   12.08
 161976.625    28.149    -8.95   11.41
 162265.702    28.039    -0.38   11.66
 162554.776    28.959     3.18   11.47
 162843.849    32.603    12.61   12.05
 163132.919    36.770    14.41   11.75
 163421.988    42.235    18.91    9.73
 163711.054    45.759    12.19    6.87
 164000.119    47.242     5.13    6.11
 164289.181    46.426    -2.82    7.74
 164578.242    47.353     3.21    7.72
 164867.300    45.059    -7.94    9.10
 165156.357    43.556    -5.20    8.37
 165445.411    42.276    -4.43    8.38
 165734.464    41.090    -4.10    8.44
 166023.514    41.339     0.86    7.95
 166312.562    42.739     4.84    8.46
 166601.609    45.235     8.64    9.52
 166890.653    47.259     7.00    9.75
 167179.696    50.126     9.92    9.99
 167468.797    52.509     8.24    9.26
 167758.267    55.739    11.16    6.17
 168047.734    57.679     6.70    5.03
 168337.200    58.209     1.83    4.83
 168626.664    58.390     0.63    4.65
 168916.125    58.442     0.18    4.41
 169205.585    57.993    -1.55    4.27
 169495.043    57.442    -1.90    4.60
 169784.499    57.666     0.77    5.02
 170073.952    57.960     1.01    5.03
 170363.404    59.609     5.70    5.51
 170652.854    60.298     2.38    5.33
 170942.302    61.176     3.03    4.56
 171231.747    61.028    -0.51    4.79
 171521.191    60.281    -2.58    4.96
 171810.633    59.559    -2.50    5.52
 172100.073    57.196    -8.16    5.91
 172389.511    55.576    -5.60    5.94
 172678.947    55.149    -1.47    5.89
 172968.381    55.804     2.26    6.24
 173257.813    56.580     2.68    6.40
 173547.243    57.253     2.32    5.85
 173836.671    57.434     0.63    5.13
 174126.097    58.218     2.71    4.53
 174415.521    59.078     2.97    4.28
 174704.943    59.585     1.75    3.83
 174994.363    59.603     0.06    3.68
 175283.781    60.265     2.29    3.77
 175573.198    60.804     1.86    4.35
 175862.612    60.891     0.30    5.05
 176152.024    60.839    -0.18    5.15
 176441.434    60.425    -1.43    5.54
 176730.843    59.109    -4.55    6.38
 177020.249    58.925    -0.63    6.49
 177309.654    58.974     0.17    6.09
 177599.056    58.889    -0.30    6.03
 177888.457    58.192    -2.41    6.10
 178177.855    58.451     0.89    4.99
 178467.252    58.587     0.47    4.15
 178756.647    58.209    -1.31    4.15
 179046.040    57.615    -2.05    3.93
 179335.430    57.247    -1.27    3.70
 179624.819    57.656     1.41    3.72
 179914.206    58.090     1.50    4.23
 180203.591    58.976     3.06    4.36
 180492.974    59.684     2.45    4.90
 180782.355    59.569    -0.40    5.56
 181071.735    59.996     1.47    5.96
 181361.112    59.366    -2.18    6.03
 181650.487    59.390     0.08    5.82
 181939.860    58.759    -2.18    6.42
 182229.232    58.359    -1.38    6.06
 182518.601    57.632    -2.51    5.95
 182807.969    56.890    -2.56    5.69
 183097.335    56.149    -2.56    5.58
 183386.698    54.959    -4.11    5.22
 183676.060    55.390     1.49    5.05
 183965.420    55.332    -0.20    4.80
 184254.778    55.735     1.39    4.49
 184544.134    55.632    -0.36    4.31
 184833.488    56.008     1.30    4.05
 185122.840    55.326    -2.36    3.97
 185412.190    55.476     0.52    3.96
 185701.539    55.205    -0.93    3.84
 185990.885    55.666     1.59    4.78
 186280.230    57.309     5.68    5.27
 186569.572    57.787     1.65    6.29
 186858.913    58.759     3.36    6.30
 187148.252    59.839     3.73    6.03
 187437.588    60.383     1.88    5.84
 187726.923    60.679     1.02    5.74
 188016.256    60.309    -1.28    5.46
 188305.588    60.106    -0.70    4.44
 188594.917    60.339     0.80    4.57
 188884.244    59.876    -1.60    4.77
 189173.569    57.925    -6.74    6.01
 189462.893    56.735    -4.11    6.23
 189752.215    55.518    -4.21    6.53
 190041.534    55.992     1.64    7.31
 190330.852    55.959    -0.12    7.87
 190620.168    55.942    -0.06    7.76
 190909.482    57.359     4.90    7.76
 191198.794    58.442     3.74    7.34
 191488.104    59.491     3.62    5.99
 191777.413    61.009     5.25    5.71
 192066.719    61.994     3.40    6.04
 192356.024    62.028     0.12    5.99
 192645.326    62.228     0.69    5.57
 192934.627    62.459     0.80    5.43
 193223.926    62.179    -0.97    5.04
 193513.223    61.892    -0.99    5.89
 193802.518    61.132    -2.63    5.81
 194091.812    60.728    -1.40    5.59
 194381.103    58.492    -7.73    9.34
 194670.392    52.304   -21.39   12.73
 194959.680    45.609   -23.14   13.68
 195248.966    40.942   -16.13   13.31
 195538.250    35.925   -17.34   11.37
 195827.532    33.115    -9.71    8.56
 196116.812    31.149    -6.79    5.64
 196406.090    31.582     1.49    6.47
 196695.366    31.718     0.47    6.76
 196984.641    32.688     3.35    7.11
 197273.914    33.994     4.51    7.81
 197563.184    35.854     6.43    8.32
 197852.453    39.991    14.30   11.01
 198141.720    43.226    11.18   11.74
 198430.986    47.242    13.89   11.68
 198720.249    51.205    13.70   10.14
 199009.510    55.097    13.45    7.54
 199298.770    57.722     9.07    4.35
 199588.028    57.874     0.53    4.06
 199877.284    57.142    -2.53    3.78
 200166.538    56.580    -1.94    3.61
 200455.790    56.722     0.49    3.39
 200745.040    56.556    -0.57    3.30
 201034.289    56.359    -0.68    3.42
 201323.535    56.598     0.83    4.09
 201612.780    55.942    -2.27    4.98
 201902.023    56.637     2.40    5.68
 202191.264    56.304    -1.15    5.56
 202480.504    55.859    -1.54    5.90
 202769.741    55.726    -0.46    6.02
 203058.977    55.409    -1.09    6.01
 203348.210    54.483    -3.20    6.24
 203637.442    54.346    -0.48    6.47
 203926.672    54.026    -1.11    7.20
 204215.901    54.994     3.35    7.15
 204505.127    54.975    -0.07    7.05
 204794.352    54.309    -2.30    7.08
 205083.574    53.287    -3.53    7.54
 205372.795    51.908    -4.77    8.48
 205662.014    50.496    -4.88    7.93
 205951.232    49.270    -4.24    7.39
 206240.447    48.179    -3.77    6.55
 206529.661    47.342    -2.89    6.55
 206818.872    47.856     1.78    6.35
 207108.082    49.121     4.37    6.63
 207397.290    51.076     6.76    7.40
 207686.497    52.322     4.31    8.20
 207975.701    53.192     3.01    8.52
 208264.904    54.259     3.69    8.64
 208554.105    55.408     3.97    8.86
 208843.304    55.149    -0.89    8.95
 209132.501    53.856    -4.47    8.51
 209421.696    52.221    -5.65    7.84
 209710.890    50.339    -6.51    7.31
 210000.082    48.115    -7.69    6.77
 210289.272    46.925    -4.11    6.32
 210578.460    47.253     1.13    6.80
 210867.646    46.942    -1.07    6.54
 211156.831    46.586    -1.23    6.44
 211446.014    45.400    -4.10    5.62
 211735.195    45.890     1.69    6.00
 212024.374    46.994     3.82    6.75
 212313.551    46.892    -0.35    6.98
 212602.727    46.535    -1.23    6.09
 212891.901    46.676     0.48    5.96
 213181.073    47.132     1.58    5.61
 213470.243    46.485    -2.24    4.18
 213759.411    45.871    -2.12    3.04
 214048.578    45.326    -1.89    2.46
 214337.742    45.336     0.03    2.61
 214626.905    45.235    -0.35    2.58
 214916.067    45.332     0.33    2.92
 215205.226    45.080    -0.87    2.67
 215494.384    45.426     1.19    2.66
 215783.540    45.642     0.75    2.44
 216072.694    45.309    -1.15    2.02
 216361.846    46.123     2.81    3.64
 216650.996    47.166     3.61    4.97
 216940.145    48.626     5.05    6.33
 217229.292    50.994     8.19    6.80
 217518.437    52.409     4.89    6.82
 217807.581    53.609     4.15    6.63
 218096.722    55.012     4.85    5.65
 218385.862    55.994     3.39    5.23
 218675.000    56.978     3.40    4.95
 218964.137    56.778    -0.69    5.20
 219253.271    55.518    -4.36    6.27
 219542.404    55.309    -0.72    6.52
 219831.535    54.822    -1.69    6.72
 220120.664    54.067    -2.61    6.82
 220409.792    52.742    -4.58    6.86
 220698.917    51.184    -5.39    6.13
 220988.041    50.309    -3.03    5.53
 221277.164    50.892     2.02    5.21
 221566.284    51.046     0.53    5.13
 221855.403    51.046     0.00    4.91
 222144.520    51.166     0.42    5.29
 222433.635    53.532     8.18    7.73
 222722.748    55.166     5.65    8.52
 223011.860    58.218    10.56    8.54
 223300.970    59.580     4.71    7.95
 223590.078    61.597     6.98    6.49
 223879.184    62.523     3.20    5.27
 224168.289    62.349    -0.60    4.83
 224457.392    62.129    -0.76    4.84
 224746.493    61.153    -3.38    5.24
 225035.592    60.425    -2.52    5.66
 225324.690    59.026    -4.84    5.31
 225613.786    57.976    -3.63    5.15
 225902.880    56.909    -3.69    5.76
 226191.973    55.339    -5.43    6.52
 226481.064    54.115    -4.23    7.21
 226770.153    52.460    -5.72    7.63
 227059.240    51.159    -4.50    8.09
 227348.325    51.172     0.04    8.07
 227637.409    50.477    -2.40    7.86
 227926.491    50.518     0.14    7.42
 228215.572    50.028    -1.70    6.96
 228504.650    50.192     0.57    6.74
 228793.727    50.759     1.96    6.07
 229082.802    50.809     0.17    5.71
 229371.876    50.286    -1.81    5.81
 229660.947    50.149    -0.48    6.09
 229950.341    50.576     1.47    5.94
 230239.784    50.373    -0.70    6.80
 230529.226    49.509    -2.99    7.36
 230818.665    50.159     2.25    7.61
 231108.103    50.746     2.03    8.11
 231397.539    53.097     8.12    7.22
 231686.973    54.353     4.34    6.36
 231976.406    55.123     2.66    5.93
 232265.837    56.196     3.71    6.00
 232555.266    56.609     1.42    5.60
 232844.693    57.477     3.00    5.29
 233134.119    58.644     4.03    5.08
 233423.543    59.076     1.49    5.02
 233712.965    58.270    -2.78    6.26
 234002.386    56.565    -5.89    7.18
 234291.805    56.046    -1.79    7.03
 234581.222    55.356    -2.38    7.39
 234870.638    54.925    -1.49    7.47
 235160.051    53.011    -6.61    6.98
 235449.464    51.631    -4.77    7.30
 235738.874    50.684    -3.27    6.90
 236028.283    50.218    -1.61    6.96
 236317.690    49.511    -2.44    7.10
 236607.095    48.597    -3.16    7.02
 236896.499    47.008    -5.49    7.14
 237185.900    46.546    -1.60    6.73
 237475.301    46.676     0.45    6.08
 237764.699    46.890     0.74    6.28
 238054.096    48.528     5.66    6.81
 238343.491    50.309     6.15    6.53
 238632.885    52.468     7.46    5.84
 238922.276    53.631     4.02    5.45
 239211.666    54.389     2.62    5.01
 239501.055    53.304    -3.75    5.63
 239790.442    52.563    -2.56    5.64
 240079.827    53.023     1.59    5.68
 240369.210    52.942    -0.28    6.13
 240658.592    53.494     1.91    5.90
 240947.972    53.742     0.86    6.12
 241237.350    53.767     0.08    5.96
 241526.727    54.700     3.23    6.16
 241816.102    55.409     2.45    6.25
 242105.475    55.492     0.29    5.59
 242394.847    56.400     3.14    4.95
 242684.216    56.591     0.66    4.85
 242973.585    56.671     0.28    4.89
 243262.951    56.080    -2.04    5.08
 243552.316    54.877    -4.16    4.98
 243841.680    53.826    -3.63    4.67
 244131.041    53.188    -2.20    4.51
 244420.401    52.304    -3.05    4.58
 244709.759    51.408    -3.10    4.70
 244999.116    51.026    -1.32    4.65
 245288.471    50.502    -1.81    5.27
 245577.824    50.620     0.41    5.09
 245867.176    50.735     0.40    5.32
 246156.526    51.451     2.47    5.78
 246445.874    51.303    -0.51    6.06
 246735.221    51.209    -0.32    6.57
 247024.566    51.797     2.03    5.99
 247313.910    51.959     0.56    5.54
 247603.251    51.218    -2.56    5.84
 247892.591    50.383    -2.89    5.85
 248181.930    50.253    -0.45    5.88
 248471.267    49.368    -3.06    6.46
 248760.602    47.856    -5.23    6.99
 249049.935    45.856    -6.91    6.88
 249339.267    45.546    -1.07    6.81
 249628.598    45.876     1.14    6.97
 249917.926    46.576     2.42    7.33
 250207.253    46.408    -0.58    7.40
 250496.579    47.359     3.29    8.00
 250785.902    48.996     5.66    7.65
 251075.224    50.356     4.70    7.12
 251364.545    49.876    -1.66    7.65
 251653.864    49.891     0.05    7.55
 251943.181    49.713    -0.62    7.34
 252232.496    49.942     0.79    7.53
 252521.810    49.580    -1.25    7.27
 252811.123    49.342    -0.82    6.57
 253100.433    50.326     3.40    6.27
 253389.742    51.442     3.86    6.58
 253679.050    52.442     3.46    6.64
 253968.356    53.726     4.44    6.45
 254257.660    54.644     3.17    5.59
 254546.962    55.008     1.26    5.76
 254836.263    54.654    -1.22    5.85
 255125.563    53.824    -2.87    5.99
 255414.860    52.115    -5.91    5.81
 255704.156    51.408    -2.44    6.85
 255993.451    50.659    -2.59    6.91
 256282.744    50.218    -1.52    8.39
 256572.035    50.090    -0.44    9.25
 256861.325    48.292    -6.21   10.35
 257150.613    46.258    -7.03   11.10
 257439.899    43.179   -10.64   10.99
 257729.184    40.028   -10.89    9.83
 258018.467    38.426    -5.54    9.44
 258307.749    36.149    -7.87    7.83
 258597.029    34.192    -6.76    6.23
 258886.308    33.890    -1.04    5.69
 259175.585    32.802    -3.76    4.25
 259464.860    32.326    -1.65    2.80
 259754.133    32.892     1.96    3.66
 260043.406    33.024     0.46    4.02
 260332.676    33.346     1.11    4.29
 260621.945    32.822    -1.81    4.07
 260911.212    32.809    -0.04    4.03
 261200.478    32.994     0.64    3.97
 261489.742    32.745    -0.86    3.75
 261779.005    32.253    -1.70    2.93
 262068.266    32.132    -0.42    3.16
 262357.525    31.856    -0.95    3.50
 262646.783    31.942     0.30    3.99
 262936.039    31.975     0.11    4.03
 263225.294    32.459     1.67    3.60
 263514.547    32.146    -1.09    3.54
 263803.798    32.549     1.40    3.88
 264093.048    32.692     0.49    4.30
 264382.296    32.844     0.52    4.49
 264671.543    33.061     0.75    5.07
 264960.788    32.841    -0.76    5.34
 265250.032    32.363    -1.65    4.94
 265539.274    32.718     1.23    4.89
 265828.514    33.226     1.75    4.90
 266117.753    33.876     2.25    5.18
 266406.991    34.555     2.35    5.13
 266696.227    34.478    -0.27    4.63
 266985.461    35.442     3.33    4.94
 267274.693    36.389     3.27    4.92
 267563.925    37.813     4.93    5.31
 267853.154    38.247     1.50    5.98
 268142.382    39.213     3.34    5.97
 268431.608    41.315     7.27    5.35
 268720.833    42.398     3.75    5.61
 269010.057    42.426     0.09    5.87
 269299.278    43.146     2.49    6.29
 269588.499    43.614     1.62    7.22
 269877.717    43.874     0.90    7.35
 270166.934    44.210     1.16    7.47
 270456.150    45.129     3.18    7.46
 270745.364    45.804     2.34    7.76
 271034.576    45.664    -0.49    8.00
 271323.787    45.959     1.02    7.66
 271612.997    46.349     1.35    7.41
 271902.205    46.735     1.34    6.89
 272191.411    46.276    -1.59    6.58
 272480.616    45.009    -4.38    6.79
 272769.819    42.976    -7.03    7.28
 273059.021    42.614    -1.25    7.28
 273348.221    41.925    -2.38    6.82
 273637.419    40.784    -3.94    6.87
 273926.617    41.909     3.89    8.09
 274215.812    42.586     2.34    8.62
 274505.006    44.292     5.90    8.65
 274794.199    45.776     5.13    8.03
 275083.390    47.225     5.01    7.27
 275372.579    47.863     2.21    6.96
