-306120.735   476.268     0.00   12.98
-305831.354   473.496    -9.58   12.97
-305541.970   471.410    -7.21    9.23
-305252.583   470.501    -3.14    7.90
-304963.193   470.370    -0.45    7.70
-304673.800   469.910    -1.59    7.65
-304384.404   470.941     3.56    7.80
-304095.005   472.114     4.05    7.30
-303805.602   472.318     0.70    7.27
-303516.197   474.616     7.94    8.48
-303226.789   475.587     3.35    7.71
-302937.377   475.806     0.76    8.00
-302647.963   478.155     8.12    7.44
-302358.545   478.734     2.00    8.76
-302069.124   481.301     8.87    8.94
-301779.701   481.796     1.71    8.94
-301490.274   481.834     0.13    8.82
-301200.844   482.447     2.12    9.81
-300911.411   484.501     7.09   11.89
-300621.975   493.793    32.10   28.30
-300332.536   503.201    32.50   36.05
-300043.093   515.162    41.32   41.64
-299753.648   530.670    53.58   45.30
-299464.200   549.707    65.77   47.77
-299174.748   575.982    90.77   49.27
-298885.294   602.934    93.11   51.18
-298595.836   624.467    74.38   51.59
-298306.375   643.141    64.51   48.12
-298016.911   662.793    67.89   41.23
-297727.444   669.000    21.44   38.52
-297437.974   674.389    18.61   38.18
-297148.501   678.348    13.68   36.01
-296859.025   684.419    20.97   39.62
-296569.546   681.816    -8.99   42.18
-296280.063   670.931   -37.60   52.90
-295990.578   655.365   -53.77   63.25
-295701.089   630.738   -85.07   69.04
-295411.598   615.834   -51.48   69.09
-295122.103   606.173   -33.37   68.97
-294832.605   593.618   -43.37   64.37
-294543.104   588.500   -17.68   60.54
-294253.600   591.284     9.62   59.51
-293964.092   594.684    11.74   56.81
-293674.582   592.834    -6.39   54.04
-293385.069   599.818    24.12   54.73
-293095.552   608.311    29.33   57.37
-292806.032   616.653    28.81   58.04
-292516.509   629.362    43.89   60.31
-292226.983   640.878    39.77   61.26
-291937.454   655.386    50.11   58.64
-291647.922   666.482    38.32   57.11
-291358.387   681.224    50.91   52.94
-291068.849   692.000    37.21   45.33
-290779.307   703.351    39.20   35.43
-290489.762   706.331    10.29   30.43
-290200.214   714.301    27.52   24.28
-289911.130   717.983    12.74   19.20
-289622.251   715.939    -7.08   15.01
-289333.369   713.034   -10.05   15.19
-289044.485   707.828   -18.02   12.07
-288755.597   704.768   -10.59   10.85
-288466.706   700.983   -13.10    9.82
-288177.811   697.138   -13.31    9.20
-287888.914   694.638    -8.65    8.62
-287600.014   691.983    -9.19    7.90
-287311.110   691.255    -2.52    7.78
-287022.203   690.207    -3.63    7.17
-286733.293   689.060    -3.97    6.39
-286444.381   689.393     1.15    5.27
-286155.464   689.568     0.61    5.10
-285866.545   690.179     2.12    5.91
-285577.623   690.534     1.23    6.49
-285288.697   691.834     4.50    7.42
-284999.769   693.114     4.43    7.80
-284710.837   694.348     4.27    7.53
-284421.902   693.268    -3.74    8.04
-284132.964   689.681   -12.41   12.36
-283844.023   683.034   -23.01   15.91
-283555.079   677.811   -18.08   18.42
-283266.131   670.251   -26.16   17.75
-282977.181   663.237   -24.27   15.61
-282688.227   657.616   -19.45   12.57
-282399.270   653.484   -14.30   10.12
-282110.310   649.993   -12.08    9.59
-281821.347   647.380    -9.04    9.61
-281532.380   647.303    -0.26    9.53
-281243.411   646.801    -1.74   10.76
-280954.438   647.862     3.67   13.86
-280665.462   647.567    -1.02   14.51
-280376.483   647.834     0.93   14.79
-280087.501   646.983    -2.95   15.86
-279798.516   645.811    -4.06   16.18
-279509.528   644.000    -6.26   15.52
-279220.536   642.042    -6.78   12.24
-278931.541   643.845     6.24   16.08
-278642.543   654.918    38.31   33.85
-278353.542   669.328    49.86   47.10
-278064.538   683.670    49.62   53.10
-277775.531   699.813    55.85   56.61
-277486.520   715.334    53.70   58.80
-277197.506   735.901    71.16   60.51
-276908.489   754.061    62.83   56.65
-276619.469   773.259    66.42   59.00
-276330.446   790.619    60.06   60.27
-276041.420   813.094    77.75   53.95
-275752.390   834.334    73.48   46.10
-275463.357   851.138    58.14   43.88
-275174.321   869.484    63.47   49.08
-274885.282   879.746    35.50   46.32
-274596.240   893.368    47.13   48.64
-274307.194   900.747    25.53   47.61
-274018.145   900.001    -2.58   57.86
-273729.094   890.334   -33.44   75.49
-273440.038   862.242   -97.18   96.83
-273150.980   838.653   -81.60  109.97
-272861.919   788.673  -172.90  112.72
-272572.854   763.403   -87.41  118.35
-272283.786   725.436  -131.34  107.91
-271994.715   684.658  -141.06   74.72
-271705.641   663.811   -72.11   58.41
-271416.563   647.893   -55.06   30.54
-271127.483   639.583   -28.74   21.79
-270838.399   633.043   -22.62   15.40
-270549.312   629.984   -10.58   11.93
-270260.222   627.259    -9.43    7.96
-269971.128   625.428    -6.33    5.63
-269682.032   625.218    -0.73    5.48
-269392.932   626.449     4.26    6.86
-269103.829   628.984     8.77    8.90
-268814.722   635.145    21.31   15.35
-268525.613   649.811    50.73   36.81
-268236.500   675.104    87.48   77.81
-267947.384   723.087   165.95  117.09
-267658.265   772.665   171.47  135.85
-267369.143   826.759   187.09  139.66
-267080.017   891.890   225.26  119.88
-266790.889   926.964   121.30   98.57
-266501.757   936.268    32.18   89.00
-266212.621   927.711   -29.59  106.51
-265923.483   908.941   -64.91  131.49
-265634.341   857.059  -179.43  167.80
-265345.196   815.026  -145.36  173.85
-265056.048   759.162  -193.19  182.16
-264766.897   694.384  -224.01  178.60
-264477.742   637.567  -196.48  171.82
-264188.585   564.937  -251.16  157.25
-263899.424   511.983  -183.12  139.98
-263610.259   459.418  -181.77  125.25
-263321.092   411.589  -165.39   98.73
-263031.921   390.370   -73.37   85.56
-262742.747   362.668   -95.79   56.78
-262453.570   360.649    -6.98   63.44
-262164.389   352.862   -26.92   60.02
-261875.206   340.875   -41.45   44.10
-261586.019   334.501   -22.04   40.01
-261296.829   319.897   -50.50   24.81
-261007.635   310.206   -33.51   22.78
-260718.439   306.801   -11.77   21.25
-260429.239   302.828   -13.74   22.17
-260140.035   299.362   -11.98   24.34
-259850.829   289.483   -34.16   28.16
-259561.619   278.681   -37.35   36.55
-259272.406   260.552   -62.68   47.34
-258983.190   239.368   -73.24   49.38
-258693.971   224.587   -51.10   48.71
-258404.748   209.823   -51.04   43.14
-258115.522   198.698   -38.46   37.42
-257826.293   187.818   -37.62   28.26
-257537.061   183.550   -14.75   27.58
-257247.825   180.430   -10.79   26.27
-256958.586   175.483   -17.10   24.91
-256669.344   169.043   -22.26   20.00
-256380.098   165.884   -10.92   15.65
-256090.849   165.206    -2.34   15.62
-255801.597   161.259   -13.65    8.96
-255512.342   160.151    -3.83    8.67
-255223.083   158.776    -4.75    6.53
-254933.821   159.075     1.03    7.20
-254644.556   157.918    -4.00    7.81
-254355.288   155.834    -7.20    5.53
-254066.016   154.384    -5.01    5.66
-253776.741   154.742     1.24    5.70
-253487.463   156.094     4.67    8.03
-253198.181   155.811    -0.98    7.85
-252908.896   155.829     0.06    7.74
-252619.608   156.911     3.74    7.80
-252330.317   156.931     0.07    5.99
-252041.022   155.897    -3.58    5.93
-251751.724   156.155     0.89    5.25
-251462.423   156.018    -0.48    5.65
-251173.119   155.568    -1.55    6.51
-250883.811   155.789     0.76    6.64
-250594.500   155.776    -0.04    8.37
-250305.185   155.377    -1.38    8.40
-250015.867   155.905     1.82    8.78
-249726.546   155.118    -2.72    6.50
-249437.222   155.567     1.55    5.66
-249147.894   155.588     0.07    5.43
-248858.564   155.069    -1.79    5.33
-248569.229   155.280     0.73    5.31
-248279.892   155.568     1.00    6.36
-247990.551   156.075     1.75    6.39
-247701.207   157.655     5.46    7.03
-247411.859   159.772     7.31    6.88
-247122.509   161.377     5.55    5.66
-246833.155   162.873     5.17    5.54
-246543.797   164.130     4.34    5.38
-246254.437   165.348     4.21    5.63
-245965.073   166.184     2.89    5.39
-245675.705   166.811     2.16    5.30
-245386.335   167.602     2.74    5.03
-245096.961   167.416    -0.64    5.08
-244807.583   166.419    -3.44    5.21
-244518.203   165.918    -1.73    4.98
-244228.819   165.886    -0.11    5.21
-243939.432   164.834    -3.63    5.39
-243650.041   165.000     0.57    5.68
-243360.647   164.582    -1.44    5.74
-243071.250   164.301    -0.97    5.64
-242781.849   163.984    -1.09    5.64
-242492.445   163.742    -0.84    6.02
-242203.038   164.430     2.38    5.90
-241913.628   164.568     0.48    5.57
-241624.214   164.060    -1.75    5.41
-241334.797   164.163     0.36    5.83
-241045.376   164.416     0.87    5.85
-240755.952   164.000    -1.44    6.14
-240466.525   163.000    -3.45    6.01
-240177.094   162.655    -1.19    6.01
-239887.660   162.977     1.11    5.54
-239598.223   163.845     3.00    4.74
-239308.783   163.907     0.22    5.56
-239019.339   164.052     0.50    5.38
-238729.891   164.636     2.02    6.59
-238440.441   166.421     6.17   10.11
-238150.987   167.263     2.91   11.25
-237861.529   166.901    -1.25   11.29
-237572.069   167.018     0.40   11.35
-237282.604   166.958    -0.20   11.39
-236993.137   165.434    -5.26    8.69
-236703.666   163.128    -7.97    6.60
-236414.192   160.759    -8.18    7.43
-236124.715   158.570    -7.56    8.82
-235835.234   155.384   -11.01    9.83
-235545.750   153.000    -8.24    9.85
-235256.262   152.098    -3.11    8.69
-234966.771   151.468    -2.18    8.26
-234677.277   151.944     1.64    8.44
-234387.779   153.966     6.98    8.96
-234098.278   154.328     1.25    9.07
-233808.774   154.924     2.06    8.90
-233519.266   156.060     3.92    7.72
-233229.755   157.001     3.25    7.71
-232940.240   156.958    -0.15    6.63
-232650.722   157.293     1.16    5.66
-232361.201   157.224    -0.24    5.08
-232071.676   157.207    -0.06    4.47
-231782.148   158.108     3.11    3.85
-231492.617   158.828     2.49    4.21
-231203.082   159.362     1.85    4.77
-230913.544   159.552     0.65    5.05
-230624.002   160.035     1.67    5.42
-230334.457   159.969    -0.23    6.06
-230044.909   159.738    -0.80    6.20
-229755.357   159.687    -0.18    5.80
-229465.802   159.552    -0.47    6.12
-229176.243   159.880     1.13    6.09
-228886.681   160.190     1.07    5.87
-228597.116   160.851     2.28    5.76
-228307.547   162.356     5.20    6.21
-228017.975   163.285     3.21    6.17
-227728.710   164.618     4.61    6.43
-227439.868   164.921     1.05    6.52
-227151.021   165.727     2.79    6.15
-226862.171   166.924     4.14    5.96
-226573.318   168.018     3.78    6.05
-226284.462   169.196     4.08    5.74
-225995.602   169.587     1.35    5.67
-225706.739   169.218    -1.28    5.73
-225417.872   168.246    -3.36    6.02
-225129.002   167.195    -3.64    6.80
-224840.129   165.251    -6.73    7.49
-224551.252   163.447    -6.24    7.48
-224262.372   162.026    -4.92    7.13
-223973.488   160.811    -4.21    7.14
-223684.601   159.895    -3.17    7.13
-223395.711   159.155    -2.56    6.76
-223106.817   157.823    -4.61    7.50
-222817.920   157.259    -1.95    7.70
-222529.019   157.360     0.35    7.70
-222240.115   157.292    -0.24    7.91
-221951.207   156.751    -1.87    6.83
-221662.297   156.614    -0.47    6.82
-221373.382   156.377    -0.82    6.85
-221084.465   155.931    -1.54    7.09
-220795.544   154.212    -5.95    7.04
-220506.619   152.851    -4.71    6.98
-220217.691   150.851    -6.92    7.72
-219928.760   149.276    -5.45    8.10
-219639.825   147.450    -6.32    8.27
-219350.887   146.307    -3.95    8.25
-219061.945   144.901    -4.87    7.61
-218773.000   143.649    -4.33    7.06
-218484.052   143.772     0.43    6.90
-218195.100   144.051     0.97    6.59
-217906.145   143.951    -0.35    5.94
-217617.186   143.416    -1.85    5.99
-217328.224   142.587    -2.87    5.55
-217039.258   143.026     1.52    5.91
-216750.289   142.918    -0.37    5.65
-216461.317   143.675     2.62    6.62
-216172.341   146.068     8.28    6.98
-215883.362   147.742     5.79    7.07
-215594.379   149.651     6.61    7.23
-215305.393   151.568     6.63    7.17
-215016.403   152.734     4.03    7.75
-214727.410   154.224     5.16    7.66
-214438.414   154.693     1.62    7.38
-214149.414   155.301     2.10    7.16
-213860.410   156.276     3.37    6.91
-213571.404   157.601     4.58    7.35
-213282.393   158.449     2.93    7.37
-212993.380   160.104     5.73    7.49
-212704.363   161.276     4.06    7.77
-212415.342   163.707     8.41    8.11
-212126.318   166.042     8.08    7.76
-211837.290   168.000     6.77    7.09
-211548.259   170.534     8.77    7.25
-211259.225   173.607    10.63    8.70
-210970.187   178.368    16.47   12.42
-210681.146   182.792    15.31   14.17
-210392.101   188.738    20.57   16.22
-210103.053   193.984    18.15   16.36
-209814.001   198.465    15.50   16.68
-209524.946   203.924    18.89   17.11
-209235.887   213.518    33.19   23.23
-208946.825   226.977    46.56   35.50
-208657.759   252.130    87.01   58.17
-208368.690   282.173   103.92   78.52
-208079.618   324.918   147.86   94.20
-207790.542   368.553   150.94   91.25
-207501.462   394.059    88.22   78.95
-207212.379   404.618    36.52   69.14
-206923.293   385.698   -65.44   90.67
-206634.203   349.897  -123.83  115.78
-206345.109   302.553  -163.76  115.84
-206056.012   254.051  -167.76   97.31
-205766.912   211.380  -147.59   68.92
-205477.808   184.934   -91.47   41.63
-205188.701   168.084   -58.28   14.33
-204899.590   163.173   -16.99    5.35
-204610.476   161.880    -4.47    4.49
-204321.358   161.397    -1.67    4.25
-204032.237   161.026    -1.28    4.41
-203743.112   161.052     0.09    4.74
-203453.984   162.118     3.69    7.20
-203164.852   162.811     2.40    7.64
-202875.717   161.431    -4.77    7.67
-202586.578   161.075    -1.23    8.14
-202297.436   160.068    -3.48    6.24
-202008.290   160.434     1.27    6.03
-201719.141   160.821     1.34    5.87
-201429.988   161.242     1.45    5.42
-201140.832   162.914     5.78    5.96
-200851.672   164.091     4.07    6.12
-200562.509   164.889     2.76    5.71
-200273.342   165.414     1.82    5.41
-199984.172   167.384     6.81    5.74
-199694.998   167.395     0.04    5.55
-199405.820   167.927     1.84    5.81
-199116.640   167.601    -1.13    6.46
-198827.455   167.284    -1.09    7.61
-198538.267   167.467     0.63    8.08
-198249.076   167.167    -1.04    8.17
-197959.881   167.184     0.06    8.21
-197670.683   167.207     0.08    8.60
-197381.481   166.108    -3.80    8.44
-197092.275   165.246    -2.98    6.69
-196803.066   165.857     2.11    7.46
-196513.854   166.414     1.93    7.85
-196224.638   166.412    -0.01    7.11
-195935.418   166.288    -0.43    7.57
-195646.195   166.619     1.15    7.90
-195356.969   165.840    -2.69    7.89
-195067.739   165.276    -1.95    8.06
-194778.505   163.949    -4.59    8.18
-194489.268   163.649    -1.04    7.99
-194200.027   162.314    -4.61    7.46
-193910.783   163.042     2.52    6.99
-193621.535   162.904    -0.48    6.54
-193332.283   164.569     5.76    7.22
-193043.029   166.212     5.68    8.79
-192753.770   167.284     3.70    8.92
-192464.508   168.763     5.11    9.99
-192175.243   171.121     8.15   10.57
-191885.973   173.451     8.05    9.77
-191596.701   173.466     0.05    9.86
-191307.425   175.601     7.38    9.15
-191018.145   177.918     8.01    7.89
-190728.862   179.201     4.44    7.71
-190439.575   179.356     0.54    7.22
-190150.284   179.173    -0.63    7.43
-189860.990   178.534    -2.21    7.73
-189571.693   176.931    -5.54    7.52
-189282.392   175.583    -4.66    7.69
-188993.087   173.668    -6.62    8.00
-188703.779   171.128    -8.78    8.30
-188414.467   168.793    -8.07    7.37
-188125.152   166.254    -8.78    6.77
-187835.833   163.370    -9.97    8.00
-187546.511   160.551    -9.74    9.20
-187257.185   157.927    -9.07    9.89
-186967.855   155.653    -7.86    9.10
-186678.522   155.121    -1.84    9.36
-186389.185   155.368     0.85    9.51
-186099.845   156.793     4.93   10.24
-185810.501   158.993     7.60    9.45
-185521.154   160.121     3.90    8.79
-185231.803   160.707     2.03    8.01
-184942.448   159.845    -2.98    8.18
-184653.090   158.934    -3.15    8.15
-184363.728   160.009     3.72    8.74
-184074.363   161.104     3.78    9.64
-183784.994   162.780     5.79   10.27
-183495.621   166.071    11.37   10.18
-183206.245   167.776     5.89    9.01
-182916.865   170.234     8.49    8.76
-182627.482   171.951     5.93    9.12
-182338.095   173.042     3.77    9.51
-182048.705   173.377     1.16    9.77
-181759.311   175.634     7.80    9.66
-181469.913   175.242    -1.36    9.19
-181180.512   174.759    -1.67    8.93
-180891.107   174.068    -2.39    9.26
-180601.698   174.043    -0.08    9.90
-180312.286   172.949    -3.78   10.44
-180022.871   169.518   -11.85    9.48
-179733.451   167.108    -8.33    8.83
-179444.029   164.334    -9.58    7.76
-179154.602   163.389    -3.27    7.77
-178865.172   163.450     0.21    7.49
-178575.738   163.673     0.77    7.64
-178286.301   164.634     3.32    8.29
-177996.860   166.518     6.51    9.09
-177707.416   168.993     8.55    8.87
-177417.967   172.535    12.24    7.33
-177128.516   174.535     6.91    5.87
-176839.060   174.518    -0.06    5.81
-176549.601   174.318    -0.69    6.19
-176260.139   173.534    -2.71    6.35
-175970.673   173.621     0.30    6.65
-175681.203   172.484    -3.93    7.47
-175391.729   172.167    -1.10    7.49
-175102.252   172.052    -0.40    7.73
-174812.771   172.927     3.02    8.58
-174523.287   172.958     0.11    8.91
-174233.799   172.944    -0.05    8.79
-173944.307   172.798    -0.50    8.55
-173654.812   174.401     5.54    9.57
-173365.313   174.569     0.58    9.70
-173075.811   175.453     3.05    9.62
-172786.305   176.234     2.70    8.79
-172496.795   177.834     5.53    8.50
-172207.281   178.914     3.73    8.31
-171917.764   178.904    -0.04    7.46
-171628.244   178.968     0.22    6.57
-171338.719   179.331     1.26    7.11
-171049.191   180.292     3.32    7.56
-170759.660   181.534     4.29    9.47
-170470.124   187.190    19.53   21.46
-170180.585   197.168    34.46   37.28
-169891.043   221.414    83.74   63.78
-169601.496   248.518    93.60   77.74
-169311.947   282.983   119.03   86.26
-169022.393   320.345   129.03   81.60
-168732.836   349.242    99.79   73.26
-168443.275   380.901   109.33   69.69
-168153.710   389.813    30.78   70.12
-167864.142   395.414    19.34   70.74
-167574.570   395.684     0.93   72.00
-167284.995   391.132   -15.72   68.81
-166995.416   387.931   -11.05   64.13
-166705.833   384.895   -10.49   57.11
-166416.246   383.060    -6.34   50.37
-166126.656   372.389   -36.85   54.12
-165837.062   366.785   -19.35   57.03
-165547.586   349.201   -60.74   55.85
-165258.778   338.939   -35.53   49.03
-164969.966   335.808   -10.84   43.36
-164681.151   338.934    10.82   41.26
-164392.332   347.268    28.85   46.86
-164103.509   353.467    21.46   52.67
-163814.683   355.868     8.32   56.50
-163525.853   346.234   -33.35   62.42
-163237.019   335.043   -38.74   65.82
-162948.182   326.469   -29.68   69.43
-162659.341   310.873   -53.99   66.69
-162370.496   286.897   -83.01   56.90
-162081.648   281.433   -18.92   55.39
-161792.796   273.069   -28.95   51.59
-161503.940   269.616   -11.95   47.58
-161215.081   268.759    -2.97   41.62
-160926.218   282.276    46.79   49.39
-160637.352   299.414    59.33   57.80
-160348.481   327.416    96.93   71.84
-160059.607   356.001    98.95   77.72
-159770.730   387.501   109.04   80.78
-159481.848   424.190   127.00   80.18
-159192.963   449.880    88.92   78.50
-158904.075   478.621    99.49   77.49
-158615.182   515.168   126.50   81.45
-158326.286   545.801   106.03   77.91
-158037.387   565.665    68.76   66.41
-157748.483   570.087    15.30   56.42
-157459.576   558.084   -41.54   67.64
-157170.666   526.851  -108.10   82.32
-156881.751   490.157  -127.00   89.75
-156592.833   451.026  -135.43   73.64
-156303.911   421.399  -102.54   58.07
-156014.986   396.684   -85.54   40.86
-155726.056   382.301   -49.78   33.53
-155437.123   373.602   -30.10   34.50
-155148.187   361.587   -41.58   43.90
-154859.247   348.927   -43.81   51.99
-154570.303   334.091   -51.34   52.49
-154281.355   323.772   -35.71   53.15
-153992.403   310.655   -45.39   51.43
-153703.448   294.069   -57.40   46.33
-153414.489   283.534   -36.46   46.33
-153125.527   273.551   -34.54   44.16
-152836.561   261.780   -40.74   37.80
-152547.591   247.966   -47.80   29.02
-152258.617   243.026   -17.09   23.97
-151969.640   243.614     2.04   26.50
-151680.659   247.111    12.10   28.26
-151391.674   248.751     5.68   27.91
-151102.685   248.035    -2.48   28.64
-150813.693   244.862   -10.98   32.20
-150524.697   237.229   -26.41   35.75
-150235.698   223.484   -47.56   36.86
-149946.694   210.763   -44.01   30.86
-149657.687   201.018   -33.72   20.58
-149368.676   196.268   -16.43   20.00
-149079.662   191.711   -15.77   17.88
-148790.643   187.890   -13.22   17.18
-148501.621   184.042   -13.31   17.35
-148212.596   181.184    -9.89   16.69
-147923.566   176.905   -14.81   15.64
-147634.533   173.342   -12.33   12.97
-147345.496   171.751    -5.51   12.63
-147056.455   171.449    -1.05   15.39
-146767.411   173.337     6.53   21.15
-146478.363   174.895     5.39   27.24
-146189.311   175.331     1.51   32.12
-145900.255   172.121   -11.11   31.45
-145611.196   166.412   -19.75   23.02
-145322.133   163.649    -9.56   12.31
-145033.066   164.251     2.08   12.17
-144743.996   167.501    11.24   18.65
-144454.921   173.111    19.40   22.44
-144165.843   176.845    12.92   22.55
-143876.761   181.151    14.89   23.47
-143587.676   191.052    34.25   26.86
-143298.586   196.124    17.54   26.92
-143009.493   201.724    19.37   24.81
-142720.397   204.793    10.62   20.69
-142431.296   205.638     2.92   18.65
-142142.192   205.018    -2.15   17.77
-141853.083   203.403    -5.59   17.29
-141563.972   199.862   -12.25   14.45
-141274.856   198.801    -3.67   13.83
-140985.737   199.776     3.37   12.65
-140696.613   201.035     4.35   12.73
-140407.487   202.419     4.79   11.33
-140118.356   203.755     4.62   10.89
-139829.221   203.389    -1.27   10.44
-139540.083   202.357    -3.57   10.50
-139250.941   199.318   -10.51   10.13
-138961.795   197.395    -6.65    9.64
-138672.646   196.147    -4.32    8.77
-138383.492   196.584     1.51    9.67
-138094.335   196.351    -0.81    8.81
-137805.174   198.087     6.00    8.32
-137516.010   198.742     2.27    7.47
-137226.841   197.184    -5.39    7.75
-136937.669   195.280    -6.58    8.58
-136648.493   192.743    -8.77   10.11
-136359.313   189.348   -11.74    9.79
-136070.130   186.638    -9.37   10.90
-135780.942   184.263    -8.21   10.43
-135491.751   180.897   -11.64    9.02
-135202.556   179.239    -5.73    8.08
-134913.358   176.552    -9.29    5.55
-134624.155   175.104    -5.01    5.08
-134334.949   175.104     0.00    5.35
-134045.739   176.467     4.71    9.49
-133756.525   177.695     4.25   10.40
-133467.307   177.789     0.32   10.98
-133178.086   179.755     6.80   11.72
-132888.860   182.395     9.13   12.88
-132599.631   181.914    -1.66   12.86
-132310.398   180.665    -4.32   12.29
-132021.161   179.301    -4.72   11.23
-131731.921   177.098    -7.62    9.02
-131442.677   174.604    -8.62    5.95
-131153.428   172.734    -6.46    5.14
-130864.177   172.570    -0.57    5.72
-130574.921   172.141    -1.49    5.68
-130285.661   172.636     1.71    6.23
-129996.398   173.201     1.95    6.56
-129707.131   174.772     5.43    6.94
-129417.860   176.553     6.16    7.26
-129128.585   177.960     4.87    7.39
-128839.306   180.069     7.29    7.58
-128550.024   181.780     5.91    6.85
-128260.737   182.436     2.27    6.70
-127971.447   184.362     6.66    6.91
-127682.153   184.914     1.91    6.62
-127392.855   184.724    -0.66    6.76
-127103.554   183.091    -5.64    7.34
-126814.248   181.552    -5.32    6.90
-126524.939   180.118    -4.96    6.38
-126235.626   179.224    -3.09    5.02
-125946.309   179.755     1.83    5.11
-125656.988   181.239     5.13    5.78
-125367.664   183.318     7.18    6.41
-125078.335   185.813     8.62    6.78
-124789.003   189.360    12.26    8.87
-124499.667   192.845    12.05    9.71
-124210.327   195.026     7.54    9.50
-123920.983   197.206     7.53    8.91
-123631.635   200.124    10.08   10.45
-123342.284   202.759     9.11   10.99
-123052.928   205.501     9.48   10.67
-122763.569   206.325     2.85   10.62
-122474.206   208.679     8.14   11.74
-122184.839   210.518     6.35   10.88
-121895.468   210.157    -1.25   12.14
-121606.094   207.687    -8.53   12.05
-121316.715   208.798     3.84   11.93
-121027.333   209.351     1.91   11.48
-120737.947   206.207   -10.86   12.45
-120448.557   202.452   -12.98   12.26
-120159.163   201.284    -4.04   11.52
-119869.765   200.585    -2.41   10.71
-119580.363   199.966    -2.14   10.17
-119290.958   202.242     7.86   11.07
-119001.549   205.780    12.23   13.02
-118712.135   209.992    14.55   14.39
-118422.718   217.018    24.27   13.12
-118133.297   222.466    18.82   11.23
-117843.872   226.742    14.77    9.99
-117554.444   229.337     8.97    8.34
-117265.011   229.738     1.38    8.58
-116975.575   228.878    -2.97    8.86
-116686.134   227.518    -4.70   10.26
-116396.690   224.276   -11.20   12.38
-116107.242   221.880    -8.28   13.36
-115817.790   220.337    -5.33   14.20
-115528.334   219.780    -1.93   15.06
-115238.874   219.966     0.64   14.69
-114949.411   217.651    -8.00   14.93
-114659.943   217.155    -1.71   14.26
-114370.472   215.984    -4.05   13.25
-114080.996   215.801    -0.63   10.93
-113791.517   218.206     8.31   10.77
-113502.034   223.618    18.69   13.35
-113212.547   228.588    17.17   13.66
-112923.056   232.263    12.70   13.28
-112633.561   236.311    13.98   13.54
-112344.063   237.813     5.19   14.17
-112054.560   238.585     2.67   14.76
-111765.054   238.297    -1.00   15.65
-111475.543   237.776    -1.80   15.32
-111186.029   237.776     0.00   13.87
-110896.511   239.354     5.45   13.17
-110606.989   242.351    10.35   16.35
-110317.463   251.108    30.24   29.14
-110027.933   254.121    10.41   30.79
-109738.399   258.121    13.81   33.68
-109448.861   255.134   -10.32   32.50
-109159.320   248.653   -22.38   28.62
-108869.774   242.651   -20.73   25.74
-108580.225   235.035   -26.30   21.45
-108290.671   228.984   -20.90   16.89
-108001.114   223.588   -18.64   14.54
-107711.553   219.001   -15.84   12.36
-107421.988   215.141   -13.33   10.41
-107132.418   212.941    -7.59    9.40
-106842.845   210.975    -6.79    8.60
-106553.269   209.934    -3.59    7.63
-106263.688   209.051    -3.05    6.37
-105974.103   209.784     2.53    8.00
-105684.514   210.930     3.96    8.93
-105394.922   212.218     4.45    9.35
-105105.325   215.079     9.88    9.16
-104815.724   216.246     4.03    9.23
-104526.120   218.604     8.14    9.60
-104236.512   220.780     7.51   10.32
-103946.899   222.431     5.70   10.32
-103657.283   223.862     4.94   10.40
-103367.663   225.311     5.00   10.40
-103078.785   226.742     4.95    9.52
-102790.006   227.856     3.86    9.21
-102501.223   228.718     2.98   10.09
-102212.436   229.583     3.00    9.68
-101923.645   230.242     2.28    9.38
-101634.850   230.724     1.67    8.96
-101346.052   232.009     4.45    9.76
-101057.249   233.568     5.40   10.93
-100768.442   234.698     3.91   13.15
-100479.632   235.018     1.11   13.37
-100190.818   237.351     8.08   14.16
 -99901.999   238.500     3.98   13.46
 -99613.177   240.468     6.81   13.47
 -99324.351   243.124     9.20   16.39
 -99035.521   247.518    15.21   20.12
 -98746.687   252.534    17.37   24.10
 -98457.849   256.602    14.08   27.03
 -98169.007   260.701    14.19   29.14
 -97880.161   265.035    15.00   30.69
 -97591.311   270.845    20.12   31.91
 -97302.458   271.895     3.63   29.88
 -97013.600   275.483    12.42   27.71
 -96724.738   280.690    18.03   26.75
 -96435.873   287.821    24.69   25.74
 -96147.003   295.768    27.51   23.49
 -95858.130   301.399    19.49   20.49
 -95569.252   307.845    22.32   16.58
 -95280.371   313.914    21.01   11.36
 -94991.486   316.828    10.09    9.35
 -94702.596   320.034    11.10    9.85
 -94413.703   321.483     5.02   10.12
 -94124.806   322.895     4.89   10.12
 -93835.905   323.535     2.22    8.80
 -93546.999   324.604     3.70   10.07
 -93258.090   324.276    -1.13    9.62
 -92969.177   323.118    -4.01    8.95
 -92680.260   321.927    -4.12    8.69
 -92391.339   319.914    -6.97    6.79
 -92102.414   319.059    -2.96    7.25
 -91813.485   318.482    -2.00    7.09
 -91524.553   318.551     0.24    7.31
 -91235.616   317.813    -2.56    7.46
 -90946.675   317.179    -2.19    7.50
 -90657.730   315.157    -7.00    8.72
 -90368.781   313.395    -6.10    8.85
 -90079.828   310.834    -8.86    8.83
 -89790.872   308.224    -9.03    8.71
 -89501.911   306.679    -5.35    8.46
 -89212.946   305.434    -4.31    8.32
 -88923.977   304.960    -1.64    8.23
 -88635.005   305.000     0.14    8.43
 -88346.028   306.673     5.79    8.12
 -88057.047   308.738     7.15    7.28
 -87768.063   311.212     8.56    7.02
 -87479.074   312.711     5.19    5.46
 -87190.082   312.484    -0.79    5.77
 -86901.085   311.362    -3.88    5.98
 -86612.084   310.707    -2.27    6.37
 -86323.080   309.397    -4.53    7.45
 -86034.071   307.714    -5.82    7.83
 -85745.058   306.724    -3.42    6.91
 -85456.042   305.246    -5.11    7.55
 -85167.021   305.138    -0.37    6.74
 -84877.997   304.901    -0.82    6.11
 -84588.968   304.905     0.01    5.08
 -84299.935   304.823    -0.28    4.55
 -84010.899   304.501    -1.11    6.15
 -83721.858   303.956    -1.88    6.36
 -83432.813   303.772    -0.64    7.48
 -83143.765   302.884    -3.07    8.45
 -82854.712   302.878    -0.02    8.92
 -82565.655   302.405    -1.64    8.69
 -82276.595   301.907    -1.72    8.45
 -81987.530   301.101    -2.79    8.21
 -81698.461   299.857    -4.30    7.87
 -81409.388   300.124     0.92    6.63
 -81120.312   299.801    -1.12    6.26
 -80831.231   299.681    -0.41    5.54
 -80542.146   300.207     1.82    5.93
 -80253.057   300.928     2.49    5.74
 -79963.964   300.801    -0.44    5.21
 -79674.867   301.018     0.75    4.67
 -79385.767   299.895    -3.88    4.75
 -79096.662   299.738    -0.54    4.55
 -78807.553   298.966    -2.67    4.34
 -78518.440   298.018    -3.28    4.57
 -78229.323   297.399    -2.14    4.58
 -77940.201   296.101    -4.49    4.87
 -77651.076   295.362    -2.55    5.61
 -77361.947   293.751    -5.57    6.17
 -77072.814   291.588    -7.48    7.14
 -76783.677   289.138    -8.47    6.91
 -76494.535   287.584    -5.37    5.61
 -76205.390   287.084    -1.73    5.24
 -75916.241   287.308     0.77    5.62
 -75627.087   287.982     2.33    6.03
 -75337.930   290.501     8.71    6.48
 -75048.768   292.886     8.25    5.64
 -74759.603   294.566     5.81    5.27
 -74470.433   295.681     3.86    4.88
 -74181.259   295.890     0.72    4.55
 -73892.082   296.331     1.52    4.77
 -73602.900   297.196     2.99    5.28
 -73313.714   297.201     0.02    5.33
 -73024.524   297.399     0.68    5.61
 -72735.330   296.438    -3.32    5.86
 -72446.132   296.009    -1.48    6.04
 -72156.930   294.052    -6.77    6.83
 -71867.724   292.619    -4.95    6.69
 -71578.514   290.759    -6.43    6.21
 -71289.299   288.567    -7.58    6.72
 -71000.081   286.897    -5.77    7.25
 -70710.859   285.365    -5.30    7.58
 -70421.632   284.190    -4.06    7.49
 -70132.401   281.742    -8.46    7.42
 -69843.167   279.647    -7.24    7.78
 -69553.928   276.884    -9.55    8.47
 -69264.685   274.829    -7.11   10.16
 -68975.438   272.921    -6.60   11.11
 -68686.187   269.000   -13.55   11.68
 -68396.932   265.501   -12.10   12.52
 -68107.673   261.501   -13.83   14.02
 -67818.410   258.075   -11.84   15.42
 -67529.143   256.155    -6.64   16.54
 -67239.871   252.184   -13.73   20.16
 -66950.596   249.079   -10.73   21.37
 -66661.316   247.042    -7.04   21.38
 -66372.033   244.584    -8.50   21.17
 -66082.745   245.331     2.58   21.21
 -65793.453   248.118     9.63   19.66
 -65504.157   250.167     7.08   16.67
 -65214.857   251.384     4.21   14.62
 -64925.553   249.638    -6.03   12.63
 -64636.245   247.960    -5.80   13.68
 -64346.933   245.618    -8.10   15.00
 -64057.616   242.263   -11.59   19.21
 -63768.296   230.397   -41.01   30.62
 -63478.971   218.035   -42.73   34.41
 -63189.642   216.419    -5.58   37.28
 -62900.309   221.569    17.80   44.74
 -62610.972   232.468    37.67   55.15
 -62321.631   252.880    70.55   62.32
 -62032.286   277.500    85.09   64.51
 -61742.937   298.436    72.35   46.14
 -61453.584   303.246    16.63   38.94
 -61164.226   300.222   -10.45   41.78
 -60874.864   290.821   -32.49   47.11
 -60585.499   271.069   -68.26   41.35
 -60296.129   251.052   -69.17   33.77
 -60006.755   241.147   -34.23   27.21
 -59717.377   227.337   -47.72   31.65
 -59427.994   215.707   -40.19   39.26
 -59138.608   195.118   -71.15   51.22
 -58849.218   171.035   -83.22   57.68
 -58559.823   150.784   -69.97   53.88
 -58270.424   132.884   -61.85   48.14
 -57981.021   127.195   -19.66   45.07
 -57691.614   132.118    17.01   52.95
 -57402.203   136.956    16.72   57.05
 -57112.788   151.738    51.07   64.40
 -56823.369   173.569    75.43   64.79
 -56533.945   193.550    69.04   63.93
 -56244.517   214.551    72.56   58.04
 -55955.085   236.365    75.37   47.19
 -55665.649   254.035    61.05   33.41
 -55376.209   266.500    43.07   21.91
 -55086.765   273.647    24.69   16.27
 -54797.317   278.668    17.35   12.08
 -54507.864   280.091     4.92   11.27
 -54218.407   279.104    -3.41   11.52
 -53928.947   277.621    -5.12   11.97
 -53639.482   273.968   -12.62   12.22
 -53350.012   271.201    -9.56   14.52
 -53060.539   265.124   -20.99   17.17
 -52771.062   260.828   -14.84   17.31
 -52481.580   251.984   -30.55   21.33
 -52192.094   249.202    -9.61   21.04
 -51902.604   241.714   -25.86   24.71
 -51613.110   236.796   -16.99   23.92
 -51323.612   228.789   -27.66   23.11
 -51034.109   225.857   -10.13   23.66
 -50744.603   219.924   -20.49   22.79
 -50455.092   218.118    -6.24   24.37
 -50165.577   213.690   -15.29   24.85
 -49876.058   209.759   -13.58   24.68
 -49586.535   206.813   -10.18   24.93
 -49297.007   203.518   -11.38   22.78
 -49007.476   202.585    -3.22   22.87
 -48717.940   209.483    23.82   27.25
 -48428.400   219.108    33.24   33.90
 -48138.856   227.138    27.73   35.93
 -47849.307   240.801    47.19   32.72
 -47559.755   249.604    30.40   29.99
 -47270.198   253.026    11.82   27.87
 -46980.637   254.889     6.43   25.02
 -46691.072   257.584     9.31   24.82
 -46401.503   256.239    -4.65   26.06
 -46111.930   253.956    -7.88   25.20
 -45822.352   256.897    10.16   28.64
 -45532.770   268.284    39.32   32.99
 -45243.184   275.763    25.83   30.09
 -44953.594   282.566    23.49   26.79
 -44664.000   287.949    18.59   24.11
 -44374.401   295.034    24.47   22.48
 -44084.798   303.044    27.66   26.50
 -43795.191   307.944    16.92   32.68
 -43505.580   313.151    17.98   37.08
 -43215.965   312.862    -1.00   36.70
 -42926.345   311.621    -4.28   39.33
 -42636.721   304.946   -23.05   42.77
 -42347.093   294.784   -35.09   49.28
 -42057.461   285.897   -30.68   46.29
 -41767.825   276.878   -31.14   43.16
 -41478.184   274.634    -7.75   40.60
 -41188.539   278.707    14.06   42.78
 -40899.439   281.466     9.54   47.48
 -40610.696   284.518    10.57   48.59
 -40321.949   288.780    14.76   50.47
 -40033.197   292.138    11.63   51.89
 -39744.442   296.534    15.22   52.33
 -39455.682   298.360     6.32   48.15
 -39166.918   302.707    15.06   45.05
 -38878.149   312.084    32.47   40.53
 -38589.377   318.368    21.76   36.47
 -38300.600   313.598   -16.52   34.17
 -38011.820   304.732   -30.70   33.31
 -37723.035   295.184   -33.06   32.01
 -37434.245   286.237   -30.98   31.05
 -37145.452   279.813   -22.24   28.99
 -36856.654   266.206   -47.11   33.02
 -36567.852   249.806   -56.79   34.07
 -36279.046   235.179   -50.65   32.52
 -35990.236   229.868   -18.39   31.47
 -35701.422   227.168    -9.35   31.78
 -35412.603   228.052     3.06   34.59
 -35123.780   234.066    20.82   37.88
 -34834.953   240.901    23.66   42.55
 -34546.122   250.416    32.94   44.75
 -34257.286   257.246    23.65   44.68
 -33968.446   264.345    24.58   43.89
 -33679.602   264.239    -0.37   43.81
 -33390.754   262.311    -6.68   38.31
 -33101.902   267.550    18.14   35.25
 -32813.045   278.104    36.53   30.17
 -32524.184   283.467    18.57   28.81
 -32235.319   279.452   -13.90   28.58
 -31946.450   270.584   -30.70   25.61
 -31657.576   265.984   -15.92   23.35
 -31368.699   269.588    12.47   26.86
 -31079.817   268.362    -4.24   28.44
 -30790.930   267.145    -4.22   29.25
 -30502.040   261.878   -18.23   29.59
 -30213.145   262.114     0.82   29.92
 -29924.246   263.155     3.60   31.83
 -29635.343   259.601   -12.30   33.70
 -29346.436   255.276   -14.97   34.74
 -29057.524   251.968   -11.45   34.70
 -28768.608   242.401   -33.11   35.50
 -28479.688   231.698   -37.04   29.47
 -28190.764   225.255   -22.30   26.39
 -27901.835   218.931   -21.89   22.55
 -27612.902   215.618   -11.47   22.14
 -27323.965   210.155   -18.90   19.26
 -27035.024   210.518     1.25   20.54
 -26746.078   210.784     0.92   19.42
 -26457.128   211.418     2.19   18.38
 -26168.174   212.431     3.51   19.10
 -25879.216   212.570     0.48   18.29
 -25590.253   209.629   -10.18   17.46
 -25301.286   211.234     5.56   20.64
 -25012.315   216.711    18.95   26.62
 -24723.340   222.069    18.54   32.28
 -24434.360   229.138    24.46   33.86
 -24145.376   237.101    27.55   32.86
 -23856.388   246.162    31.35   28.17
 -23567.396   249.436    11.33   24.17
 -23278.399   244.362   -17.55   30.28
 -22989.398   228.280   -55.65   37.18
 -22700.393   218.026   -35.48   36.81
 -22411.383   209.111   -30.85   33.88
 -22122.369   201.819   -25.23   30.28
 -21833.351   194.418   -25.61   25.77
 -21544.329   186.068   -28.89   24.53
 -21255.302   183.399    -9.23   25.45
 -20966.271   177.151   -21.62   29.35
 -20677.236   163.328   -47.82   33.40
 -20388.196   143.993   -66.89   45.96
 -20099.153   122.372   -74.80   58.89
 -19810.105   100.949   -74.12   66.15
 -19521.052    75.362   -88.52   63.27
 -19231.996    48.678   -92.31   55.21
 -18942.935    33.337   -53.07   48.88
 -18653.870    19.534   -47.75   40.53
 -18364.800     7.714   -40.89   25.87
 -18075.726     0.077   -26.42   16.02
 -17786.648    -3.172   -11.24   10.44
 -17497.566    -5.032    -6.44    3.38
 -17208.479    -5.603    -1.97    2.80
 -16919.388    -5.433     0.59    1.85
 -16630.293    -5.517    -0.29    1.56
 -16341.193    -5.689    -0.60    1.47
 -16052.089    -5.879    -0.66    1.47
 -15762.981    -5.941    -0.22    1.25
 -15473.869    -6.128    -0.64    1.20
 -15184.752    -5.948     0.62    1.26
 -14895.631    -5.696     0.87    1.61
 -14606.506    -5.276     1.45    2.00
 -14317.376    -4.906     1.28    2.34
 -14028.242    -4.149     2.62    2.40
 -13739.103    -3.533     2.13    2.43
 -13449.961    -3.105     1.48    2.75
 -13160.814    -2.886     0.76    2.91
 -12871.663    -3.216    -1.14    3.16
 -12582.507    -3.272    -0.19    3.29
 -12293.347    -3.628    -1.23    3.52
 -12004.183    -4.132    -1.75    3.50
 -11715.014    -4.349    -0.75    3.19
 -11425.841    -4.310     0.14    3.10
 -11136.664    -4.202     0.37    2.95
 -10847.482    -3.832     1.28    3.24
 -10558.297    -4.396    -1.95    3.17
 -10269.106    -5.319    -3.19    2.63
  -9979.912    -5.601    -0.98    2.63
  -9690.713    -5.724    -0.42    2.58
  -9401.510    -5.534     0.66    2.71
  -9112.302    -5.584    -0.17    2.76
  -8823.090    -4.876     2.45    3.80
  -8533.874    -4.224     2.25    4.55
  -8244.653    -2.906     4.56    5.26
  -7955.429    -2.322     2.02    5.57
  -7666.199    -2.032     1.00    5.38
  -7376.966    -2.224    -0.66    5.55
  -7087.728    -2.049     0.61    5.82
  -6798.485    -1.676     1.29    5.35
  -6509.239    -1.781    -0.36    4.91
  -6219.988    -1.299     1.66    4.45
  -5930.733    -0.672     2.17    3.94
  -5641.473    -0.371     1.04    3.64
  -5352.209    -0.630    -0.89    2.63
  -5062.940     0.001     2.18    1.95
  -4773.668     0.311     1.07    1.84
  -4484.391     0.921     2.11    2.09
  -4195.109     1.141     0.76    2.03
  -3905.823     0.984    -0.54    2.00
  -3616.533     1.582     2.07    2.83
  -3327.238     1.721     0.48    3.43
  -3037.940     1.311    -1.42    4.19
  -2748.636     0.934    -1.30    4.76
  -2459.329    -0.310    -4.30    5.22
  -2170.017    -1.138    -2.86    5.56
  -1880.700    -1.896    -2.62    5.50
  -1591.379    -2.754    -2.96    4.95
  -1302.054    -2.810    -0.19    4.73
  -1012.725    -1.716     3.78    4.94
   -723.391    -0.832     3.06    4.67
   -434.053    -0.415     1.44    4.31
   -144.710     0.234     2.24    3.21
    144.637     1.111     3.03    2.19
    433.989     1.365     0.88    1.03
    723.344     1.433     0.23    1.33
   1012.705     1.731     1.03    1.76
   1302.069     2.582     2.94    2.79
   1591.438     3.395     2.81    3.37
   1880.811     4.251     2.96    3.63
   2170.189     4.875     2.16    3.97
   2459.571     4.679    -0.68    4.60
   2748.958     3.934    -2.57    5.43
   3038.349     3.151    -2.71    5.78
   3327.744     2.069    -3.74    5.43
   3617.144     1.259    -2.80    4.88
   3906.548     1.384     0.43    4.40
   4195.956     1.742     1.24    4.16
   4485.369     2.632     3.08    3.71
   4774.787     2.721     0.31    2.96
   5064.208     3.138     1.44    3.12
   5353.634     3.242     0.36    3.09
   5643.065     3.251     0.03    3.07
   5932.500     3.082    -0.58    2.76
   6221.939     2.707    -1.30    2.79
   6511.383     2.834     0.44    2.75
   6800.831     3.061     0.78    2.19
   7090.284     3.368     1.06    2.89
   7379.741     3.792     1.47    3.05
   7669.202     4.401     2.10    3.34
   7958.668     5.075     2.33    3.58
   8248.138     5.377     1.04    3.67
   8537.613     5.334    -0.15    3.81
   8827.092     4.690    -2.23    3.82
   9116.576     4.157    -1.84    3.42
   9406.064     3.851    -1.06    3.07
   9695.556     3.094    -2.62    2.46
   9985.053     3.087    -0.03    2.04
  10274.554     3.184     0.34    1.69
  10564.060     3.292     0.37    1.59
  10853.570     3.418     0.43    1.68
  11143.084     3.292    -0.43    1.71
  11432.603     2.941    -1.21    1.62
  11722.127     2.931    -0.03    1.75
  12011.654     2.568    -1.26    1.88
  12301.187     1.759    -2.79    2.78
  12590.723     0.436    -4.57    3.51
  12880.265    -0.620    -3.65    3.53
  13169.810    -1.940    -4.56    3.56
  13459.360    -3.051    -3.84    2.88
  13748.915    -3.932    -3.04    2.08
  14038.474    -4.160    -0.79    2.21
  14328.037    -3.652     1.75    2.78
  14617.605    -2.999     2.25    3.89
  14907.177    -2.532     1.61    4.17
  15196.754    -1.889     2.22    4.29
  15486.335    -1.362     1.82    3.97
  15775.921    -1.023     1.17    3.96
  16065.511    -1.105    -0.28    4.30
  16355.106    -0.838     0.92    4.26
  16644.705    -0.821     0.06    4.55
  16934.308    -1.827    -3.47    4.88
  17223.916    -2.368    -1.87    4.93
  17513.529    -3.110    -2.56    4.91
  17803.146    -4.532    -4.91    3.83
  18092.767    -5.362    -2.87    2.64
  18382.393    -5.686    -1.12    2.35
  18672.023    -5.925    -0.83    2.18
  18961.658    -5.932    -0.03    2.15
  19251.297    -6.220    -0.99    1.64
  19540.941    -6.219     0.00    1.17
  19830.589    -6.189     0.10    1.30
  20120.242    -6.143     0.16    1.36
  20409.899    -6.155    -0.04    1.64
  20699.560    -6.144     0.04    1.69
  20989.227    -5.913     0.79    1.56
  21278.583    -5.999    -0.30    1.50
  21567.292    -5.862     0.48    1.40
  21856.005    -5.982    -0.42    1.41
  22144.723    -5.616     1.27    1.59
  22433.444    -5.384     0.80    1.58
  22722.171    -5.466    -0.28    1.81
  23010.902    -5.327     0.48    1.98
  23299.637    -5.316     0.04    1.91
  23588.377    -5.500    -0.64    1.91
  23877.121    -5.679    -0.62    1.96
  24165.870    -5.957    -0.96    1.91
  24454.623    -5.866     0.32    1.80
  24743.380    -6.017    -0.52    1.57
  25032.143    -6.076    -0.20    1.58
  25320.909    -5.611     1.61    2.15
  25609.680    -4.582     3.56    3.78
  25898.456    -3.741     2.92    4.35
  26187.236    -3.079     2.29    4.44
  26476.020    -2.310     2.66    4.20
  26764.809    -2.132     0.61    4.02
  27053.602    -2.211    -0.27    4.08
  27342.400    -2.886    -2.34    3.90
  27631.203    -4.000    -3.86    3.09
  27920.010    -4.582    -2.02    2.54
  28208.821    -5.155    -1.98    2.39
  28497.637    -5.745    -2.04    1.77
  28786.457    -6.007    -0.91    1.49
  29075.282    -5.982     0.09    1.68
  29364.111    -6.220    -0.82    1.59
  29652.945    -6.293    -0.25    1.49
  29941.783    -6.482    -0.66    1.35
  30230.626    -6.379     0.36    1.32
  30519.473    -6.237     0.49    1.40
  30808.325    -6.066     0.59    1.64
  31097.181    -5.737     1.14    1.72
  31386.042    -5.207     1.84    2.25
  31674.907    -4.886     1.11    2.27
  31963.777    -4.773     0.39    2.22
  32252.651    -4.599     0.60    2.23
  32541.530    -4.337     0.91    2.07
  32830.413    -4.482    -0.50    2.10
  33119.301    -4.672    -0.66    2.07
  33408.193    -4.966    -1.02    1.88
  33697.090    -5.381    -1.44    1.60
  33985.991    -5.679    -1.03    1.62
  34274.897    -5.793    -0.39    1.33
  34563.807    -5.720     0.25    1.41
  34852.722    -5.711     0.03    1.30
  35141.641    -4.949     2.64    2.99
  35430.565    -2.800     7.44    5.73
  35719.494    -0.666     7.39    6.57
  36008.427     2.068     9.46    6.95
  36297.364     3.588     5.26    6.63
  36586.306     5.601     6.97    5.19
  36875.252     6.224     2.16    4.00
  37164.203     6.324     0.34    3.64
  37453.159     6.469     0.50    3.27
  37742.119     6.501     0.11    3.09
  38031.084     7.104     2.09    2.47
  38320.053     7.658     1.92    2.15
  38609.026     7.944     0.99    2.00
  38898.005     8.084     0.49    1.80
  39186.987     7.872    -0.73    2.21
  39475.975     7.873     0.00    2.38
  39764.966     7.811    -0.22    2.30
  40053.963     7.701    -0.38    2.27
  40342.964     7.707     0.02    2.27
  40631.969     7.649    -0.20    2.13
  40920.979     7.949     1.04    2.05
  41209.994     7.738    -0.73    2.03
  41499.013     7.793     0.19    2.12
  41788.036     8.118     1.12    1.98
  42077.065     8.375     0.89    1.98
  42366.097     8.534     0.55    2.04
  42655.135     8.751     0.75    2.12
  42944.176     8.890     0.48    2.23
  43233.223     9.196     1.06    2.19
  43522.274     9.162    -0.12    2.27
  43811.329     8.927    -0.81    2.56
  44100.389     8.914    -0.05    2.59
  44389.454     8.966     0.18    2.68
  44678.523     9.084     0.41    2.52
  44967.597     9.160     0.26    2.20
  45256.675     9.001    -0.55    2.02
  45545.758     8.818    -0.64    1.88
  45834.846     8.616    -0.70    1.95
  46123.938     8.155    -1.59    1.73
  46413.034     7.431    -2.50    1.89
  46702.135     7.534     0.36    2.04
  46991.241     7.207    -1.13    2.10
  47280.352     6.895    -1.08    2.20
  47569.466     6.862    -0.11    2.05
  47858.586     6.707    -0.54    2.06
  48147.710     6.259    -1.55    2.61
  48436.839     5.698    -1.94    3.06
  48725.972     5.485    -0.74    3.07
  49015.110     5.276    -0.72    3.21
  49304.252     4.878    -1.38    3.28
  49593.399     4.941     0.22    3.15
  49882.551     4.857    -0.29    3.58
  50171.707     4.868     0.04    4.28
  50460.868     5.255     1.34    4.53
  50750.033     5.091    -0.57    4.44
  51039.203     4.202    -3.08    5.17
  51328.377     3.918    -0.98    5.37
  51617.557     5.178     4.36    5.26
  51906.740     5.872     2.40    5.03
  52195.929     5.901     0.10    4.94
  52485.122     6.251     1.21    4.69
  52774.319     7.414     4.02    3.74
  53063.521     8.018     2.09    3.12
  53352.728     8.251     0.81    2.92
  53641.939     8.759     1.76    2.27
  53931.155     8.649    -0.38    2.23
  54220.376     8.670     0.07    2.27
  54509.601     8.742     0.25    2.14
  54798.831     8.173    -1.97    2.28
  55088.065     7.601    -1.98    2.62
  55377.304     7.324    -0.96    3.06
  55666.548     6.190    -3.92    3.98
  55955.796     4.534    -5.72    4.91
  56245.049     2.982    -5.37    5.14
  56534.307     2.951    -0.11    5.33
  56823.569     3.419     1.62    5.72
  57112.835     4.034     2.13    5.89
  57402.107     4.632     2.07    5.69
  57691.383     5.640     3.48    5.18
  57980.663     6.834     4.13    3.86
  58269.949     5.793    -3.60    4.58
  58559.239     4.698    -3.79    4.68
  58848.533     3.301    -4.83    4.71
  59137.832     2.416    -3.06    4.70
  59427.136     2.397    -0.07    4.95
  59716.445     3.121     2.50    5.19
  60005.758     3.993     3.01    5.42
  60295.075     5.718     5.96    4.88
  60584.398     7.372     5.72    3.80
  60873.725     8.311     3.24    2.78
  61163.056     8.518     0.72    2.38
  61452.393     8.653     0.47    2.36
  61741.734     9.009     1.23    1.77
  62031.079     8.616    -1.36    1.72
  62320.429     8.414    -0.70    1.69
  62609.784     8.401    -0.05    1.85
  62899.144     8.289    -0.39    1.72
  63188.508     7.993    -1.02    1.72
  63477.877     8.173     0.62    1.82
  63767.250     8.101    -0.25    1.76
  64056.628     8.234     0.46    1.69
  64346.011     7.983    -0.87    1.76
  64635.399     7.601    -1.32    1.99
  64924.791     7.276    -1.12    1.95
  65214.188     7.227    -0.17    2.02
  65503.589     7.288     0.21    1.97
  65792.995     7.179    -0.38    2.01
  66082.406     7.431     0.87    1.95
  66371.821     7.395    -0.13    1.94
  66661.242     7.239    -0.54    2.15
  66950.666     7.134    -0.36    2.15
  67240.096     6.419    -2.47    2.58
  67529.530     6.009    -1.42    2.64
  67818.969     5.880    -0.45    2.86
  68108.412     6.018     0.48    3.00
  68397.861     6.601     2.02    2.88
  68687.313     7.124     1.81    2.56
  68976.771     7.483     1.24    2.43
  69266.233     7.801     1.10    2.21
  69555.700     8.196     1.36    2.17
  69845.172     7.751    -1.54    2.49
  70134.648     7.567    -0.64    2.60
  70424.129     7.399    -0.58    2.53
  70713.615     6.968    -1.49    3.42
  71003.105     5.168    -6.22    4.70
  71292.600     3.584    -5.47    5.25
  71582.100     1.224    -8.15    5.66
  71871.604    -0.466    -5.84    5.44
  72161.113    -2.171    -5.89    4.95
  72450.627    -4.008    -6.34    2.85
  72740.146    -4.754    -2.58    2.24
  73029.669    -5.103    -1.21    2.22
  73319.197    -5.335    -0.80    2.08
  73608.730    -5.703    -1.27    1.59
  73898.267    -5.778    -0.26    1.69
  74187.809    -5.896    -0.41    1.75
  74477.356    -6.224    -1.13    1.60
  74766.907    -6.302    -0.27    1.38
  75056.464    -6.364    -0.21    1.29
  75346.025    -6.466    -0.35    1.40
  75635.590    -6.625    -0.55    1.31
  75925.161    -6.866    -0.83    1.09
  76214.736    -6.965    -0.34    1.11
  76504.315    -7.015    -0.17    1.07
  76793.900    -6.958     0.20    1.16
  77083.489    -6.906     0.18    1.21
  77373.083    -6.821     0.29    1.18
  77662.682    -6.827    -0.02    1.33
  77952.285    -6.932    -0.36    1.43
  78241.893    -6.899     0.12    1.42
  78531.506    -6.959    -0.21    1.37
  78821.124    -7.194    -0.81    1.34
  79110.746    -7.069     0.43    1.40
  79400.373    -7.059     0.03    1.45
  79690.005    -6.810     0.86    1.68
  79979.641    -6.696     0.40    1.57
  80269.283    -6.586     0.38    1.62
  80558.929    -6.432     0.53    1.61
  80848.579    -6.482    -0.18    1.58
  81138.235    -5.872     2.11    2.02
  81427.895    -5.305     1.96    2.36
  81717.560    -4.788     1.79    2.61
  82007.230    -3.249     5.31    3.82
  82296.904    -2.132     3.86    4.09
  82586.583    -1.788     1.19    4.01
  82876.267    -2.016    -0.79    3.82
  83165.956    -2.337    -1.11    3.35
  83455.606    -2.451    -0.39    3.35
  83744.281    -2.758    -1.07    3.31
  84032.961    -2.566     0.67    3.74
  84321.645    -2.036     1.84    4.04
  84610.334    -1.289     2.59    4.44
  84899.028     0.168     5.05    4.91
  85187.727     1.359     4.13    5.00
  85476.430     2.450     3.78    4.90
  85765.138     3.587     3.94    5.11
  86053.851     3.992     1.40    5.26
  86342.569     5.242     4.33    4.77
  86631.291     6.354     3.85    4.42
  86920.018     6.828     1.64    4.10
  87208.750     6.828     0.00    3.87
  87497.486     7.311     1.67    3.02
  87786.227     7.534     0.77    2.58
  88074.973     7.259    -0.95    2.72
  88363.724     7.433     0.60    2.47
  88652.479     7.348    -0.29    2.49
  88941.240     7.535     0.65    2.39
  89230.004     7.755     0.76    2.37
  89518.774     7.829     0.26    2.04
  89807.548     8.288     1.59    1.65
  90096.328     8.168    -0.41    1.66
  90385.112     8.280     0.39    1.62
  90673.900     8.351     0.24    1.73
  90962.694     8.272    -0.27    1.72
  91251.492     8.453     0.63    1.87
  91540.295     8.484     0.11    1.87
  91829.102     8.645     0.56    2.00
  92117.915     8.718     0.25    2.01
  92406.732     9.026     1.07    1.97
  92695.554     9.009    -0.06    2.73
  92984.381     8.638    -1.28    3.01
  93273.212     8.534    -0.36    3.18
  93562.048     8.535     0.00    2.79
  93850.889     8.293    -0.84    3.01
  94139.735     8.362     0.24    3.00
  94428.586     8.601     0.83    2.64
  94717.441     8.889     1.00    2.55
  95006.301     9.162     0.95    2.52
  95295.166     9.368     0.71    2.07
  95584.035     9.675     1.07    2.15
  95872.910     9.380    -1.02    2.11
  96161.789     8.878    -1.74    2.71
  96450.673     8.468    -1.42    3.28
  96739.562     8.073    -1.37    3.32
  97028.455     7.742    -1.15    3.63
  97317.354     7.284    -1.58    3.69
  97606.257     7.096    -0.65    3.59
  97895.165     6.792    -1.05    3.68
  98184.077     5.968    -2.85    4.28
  98472.995     5.372    -2.06    4.42
  98761.917     4.434    -3.25    4.53
  99050.844     2.732    -5.89    4.41
  99339.776     1.653    -3.73    4.11
  99628.712     1.742     0.31    4.33
  99917.654     2.042     1.04    4.80
 100206.600     2.958     3.17    5.40
 100495.551     3.897     3.25    5.61
 100784.507     5.466     5.43    5.76
 101073.468     6.818     4.68    5.52
 101362.433     7.598     2.70    5.18
 101651.403     8.051     1.57    5.19
 101940.378     8.534     1.67    5.39
 102229.358     9.621     3.76    4.55
 102518.343    10.328     2.45    3.93
 102807.332    11.059     2.53    3.01
 103096.327    11.632     1.99    1.98
 103385.326    11.001    -2.18    3.06
 103674.330    10.500    -1.73    4.15
 103963.338     9.651    -2.94    4.71
 104252.352     9.868     0.75    4.24
 104541.370     9.679    -0.66    4.03
 104830.394    10.218     1.86    2.91
 105119.422    10.259     0.15    2.53
 105408.454    10.284     0.09    1.45
 105697.492    10.018    -0.92    1.32
 105986.535     9.924    -0.32    1.31
 106275.582     9.638    -0.99    1.48
 106564.634     9.337    -1.04    1.38
 106853.691     9.229    -0.37    1.33
 107142.753     9.138    -0.32    1.37
 107431.819     9.069    -0.24    1.30
 107720.891     9.184     0.40    1.27
 108009.967     9.340     0.54    1.18
 108299.048     9.263    -0.27    1.40
 108588.134     9.051    -0.73    1.76
 108877.225     8.673    -1.31    2.53
 109166.321     7.966    -2.45    3.05
 109455.421     7.255    -2.46    3.12
 109744.527     6.751    -1.74    3.06
 110033.637     6.259    -1.70    2.88
 110322.752     6.276     0.06    2.59
 110611.872     5.851    -1.47    2.27
 110900.997     5.711    -0.49    2.00
 111190.126     4.960    -2.60    2.95
 111479.261     3.118    -6.37    4.81
 111768.400     0.452    -9.22    6.31
 112057.544    -2.586   -10.51    6.69
 112346.693    -5.090    -8.66    6.14
 112635.847    -7.516    -8.39    4.81
 112925.006    -9.534    -6.98    2.32
 113214.170   -10.302    -2.66    0.97
 113503.338   -10.482    -0.62    0.00
 113792.511   -10.482     0.00    0.00
 114081.690   -10.482     0.00    0.00
 114370.873   -10.482     0.00    0.00
 114660.061   -10.482     0.00    0.00
 114949.253   -10.482     0.00    0.00
 115238.451   -10.482     0.00    0.00
 115527.654   -10.482     0.00    0.00
 115816.861   -10.482     0.00    0.00
 116106.073   -10.482     0.00    0.00
 116395.291   -10.482     0.00    0.00
 116684.513   -10.482     0.00    0.00
 116973.740   -10.482     0.00    0.00
 117262.971   -10.482     0.00    0.00
 117552.208   -10.482     0.00    0.00
 117841.450   -10.482     0.00    0.00
 118130.696   -10.482     0.00    0.00
 118419.948   -10.482     0.00    0.00
 118709.204   -10.482     0.00    0.00
 118998.465   -10.482     0.00    0.00
 119287.731   -10.482     0.00    0.00
 119577.002   -10.482     0.00    0.00
 119866.278   -10.482     0.00    0.00
 120155.559   -10.482     0.00    0.00
 120444.844   -10.482     0.00    0.00
 120734.135   -10.482     0.00    0.00
 121023.430   -10.482     0.00    0.00
 121312.731   -10.482     0.00    0.00
 121602.036   -10.482     0.00    0.00
 121891.346   -10.482     0.00    0.00
 122180.661   -10.482     0.00    0.00
 122469.981   -10.482     0.00    0.00
 122759.306   -10.482     0.00    0.00
 123048.636   -10.482     0.00    0.00
 123337.970   -10.482     0.00    0.00
 123627.310   -10.482     0.00    0.00
 123916.654   -10.482     0.00    0.00
 124206.004   -10.482     0.00    0.00
 124495.358   -10.482     0.00    0.00
 124784.718   -10.482     0.00    0.00
 125074.082   -10.482     0.00    0.00
 125363.451   -10.482     0.00    0.00
 125652.825   -10.482     0.00    0.00
 125942.204   -10.482     0.00    0.00
 126231.588   -10.482     0.00    0.00
 126520.977   -10.482     0.00    0.00
 126810.370   -10.482     0.00    0.00
 127099.769   -10.482     0.00    0.00
 127389.173   -10.482     0.00    0.00
 127678.581   -10.482     0.00    0.00
 127967.995   -10.482     0.00    0.00
 128257.413   -10.482     0.00    0.00
 128546.836   -10.482     0.00    0.00
 128836.265   -10.482     0.00    0.00
 129125.698   -10.482     0.00    0.00
 129415.136   -10.482     0.00    0.00
 129704.579   -10.482     0.00    0.00
 129994.027   -10.482     0.00    0.00
 130283.480   -10.482     0.00    0.00
 130572.938   -10.482     0.00    0.00
 130862.401   -10.482     0.00    0.00
 131151.869   -10.482     0.00    0.00
 131441.342   -10.482     0.00    0.00
 131730.820   -10.482     0.00    0.00
 132020.302   -10.482     0.00    0.00
 132309.790   -10.482     0.00    0.00
 132599.283   -10.482     0.00    0.00
 132888.780   -10.482     0.00    0.00
 133178.283   -10.482     0.00    0.00
 133467.790   -10.482     0.00    0.00
 133757.303   -10.482     0.00    0.00
 134046.820   -10.482     0.00    0.00
 134336.343   -10.482     0.00    0.00
 134625.870   -10.482     0.00    0.00
 134915.403   -10.482     0.00    0.00
 135204.940   -10.482     0.00    0.00
 135494.482   -10.482     0.00    0.00
 135784.029   -10.482     0.00    0.00
 136073.582   -10.482     0.00    0.00
 136363.139   -10.482     0.00    0.00
 136652.701   -10.482     0.00    0.00
 136942.268   -10.482     0.00    0.00
 137231.841   -10.482     0.00    0.00
 137521.418   -10.482     0.00    0.00
 137811.000   -10.482     0.00    0.00
 138100.587   -10.482     0.00    0.00
 138390.179   -10.482     0.00    0.00
 138679.776   -10.482     0.00    0.00
 138969.378   -10.482     0.00    0.00
 139258.985   -10.482     0.00    0.00
 139548.597   -10.482     0.00    0.00
 139838.214   -10.482     0.00    0.00
 140127.837   -10.482     0.00    0.00
 140417.464   -10.482     0.00    0.00
 140707.096   -10.482     0.00    0.00
 140996.733   -10.482     0.00    0.00
 141286.375   -10.482     0.00    0.00
 141576.022   -10.482     0.00    0.00
 141865.674   -10.482     0.00    0.00
 142155.331   -10.482     0.00    0.00
 142444.993   -10.482     0.00    0.00
 142734.660   -10.482     0.00    0.00
 143024.332   -10.482     0.00    0.00
 143314.009   -10.482     0.00    0.00
 143603.692   -10.482     0.00    0.00
 143893.379   -10.482     0.00    0.00
 144183.071   -10.482     0.00    0.00
 144472.768   -10.482     0.00    0.00
 144762.470   -10.482     0.00    0.00
 145052.177   -10.482     0.00    0.00
 145341.890   -10.482     0.00    0.00
 145631.607   -10.482     0.00    0.00
 145920.509   -10.482     0.00    0.00
 146209.154   -10.482     0.00    0.00
 146497.804   -10.482     0.00    0.00
 146786.458   -10.482     0.00    0.00
 147075.118   -10.482     0.00    0.00
 147363.783   -10.482     0.00    0.00
 147652.453   -10.482     0.00    0.00
 147941.128   -10.482     0.00    0.00
 148229.808   -10.482     0.00    0.00
 148518.493   -10.482     0.00    0.00
 148807.183   -10.482     0.00    0.00
 149095.878   -10.482     0.00    0.00
 149384.577   -10.482     0.00    0.00
 149673.282   -10.482     0.00    0.00
 149961.992   -10.482     0.00    0.00
 150250.707   -10.482     0.00    0.00
 150539.427   -10.482     0.00    0.00
 150828.152   -10.482     0.00    0.00
 151116.882   -10.482     0.00    0.00
 151405.617   -10.482     0.00    0.00
 151694.357   -10.482     0.00    0.00
 151983.101   -10.482     0.00    0.00
 152271.851   -10.482     0.00    0.00
 152560.606   -10.482     0.00    0.00
 152849.366   -10.482     0.00    0.00
 153138.131   -10.482     0.00    0.00
 153426.901   -10.482     0.00    0.00
 153715.676   -10.482     0.00    0.00
 154004.456   -10.482     0.00    0.00
 154293.242   -10.482     0.00    0.00
 154582.032   -10.482     0.00    0.00
 154870.827   -10.482     0.00    0.00
 155159.627   -10.482     0.00    0.00
 155448.432   -10.482     0.00    0.00
 155737.242   -10.482     0.00    0.00
 156026.058   -10.482     0.00    0.00
 156314.878   -10.482     0.00    0.00
 156603.703   -10.482     0.00    0.00
 156892.534   -10.482     0.00    0.00
 157181.369   -10.482     0.00    0.00
 157470.210   -10.482     0.00    0.00
 157759.055   -10.482     0.00    0.00
 158047.906   -10.482     0.00    0.00
 158336.761   -10.482     0.00    0.00
 158625.622   -10.482     0.00    0.00
 158914.487   -10.482     0.00    0.00
 159203.358   -10.482     0.00    0.00
 159492.234   -10.482     0.00    0.00
 159781.115   -10.482     0.00    0.00
 160070.001   -10.482     0.00    0.00
 160358.892   -10.482     0.00    0.00
 160647.788   -10.482     0.00    0.00
 160936.689   -10.482     0.00    0.00
 161225.595   -10.482     0.00    0.00
 161514.506   -10.482     0.00    0.00
 161803.422   -10.482     0.00    0.00
 162092.343   -10.482     0.00    0.00
 162381.270   -10.482     0.00    0.00
 162670.201   -10.482     0.00    0.00
 162959.138   -10.482     0.00    0.00
 163248.079   -10.482     0.00    0.00
 163537.026   -10.482     0.00    0.00
 163825.978   -10.482     0.00    0.00
 164114.934   -10.482     0.00    0.00
 164403.896   -10.482     0.00    0.00
 164692.863   -10.482     0.00    0.00
 164981.835   -10.482     0.00    0.00
 165270.812   -10.482     0.00    0.00
 165559.794   -10.482     0.00    0.00
