#   20.105  -0.077   1.397 ;Mean Elev.(m), Avg Gradient(m/km), RMS Gradient(m/km) - SRTM1     
#   35.027  -0.277   1.454 ;Mean Elev.(m), Avg Gradient(m/km), RMS Gradient(m/km) - ASTER GDEM
#   20.019  -0.089   1.483 ;Mean Elev.(m), Avg Gradient(m/km), RMS Gradient(m/km) - GMTED2010 
   1 294.168859   7.707824    31.013    31.013  2 54662.00115921 26.581
   2 294.167660   7.705067    31.649    31.596  4 54671.91680443 37.715
   3 294.166968   7.703907    32.218    32.161  4 54681.83244812 32.330
   4 294.168510   7.704143    32.471    32.466  4 54691.74809077 38.596
   5 294.170603   7.708202    32.266    32.282  4 54701.66373048 43.119
   6 294.171048   7.707486    31.693    31.771  4 54711.57937836 36.425
   7 294.168574   7.705719    31.645    31.645  4 54721.49502988 53.053
   8 294.165406   7.701707    30.845    30.864  3 54731.41067904 30.703
   9 294.162411   7.700252    30.495    30.518  4 54741.32632586 55.295
  10 294.161784   7.699361    29.339    29.288  4 54751.24197249 28.982
  11 294.162187   7.699894    28.779    28.673  3 54761.15761866 41.336
  12 294.163212   7.700936    28.165    28.169  3 54771.07326235 28.865
  13 294.164195   7.702089    28.019    28.041  4 54780.98890292 40.343
  14 294.165576   7.701675    27.592    27.500  4 54790.90454150 40.771
  15 294.166849   7.701969    27.591    27.568  4 54800.82017917 27.973
  16 294.168176   7.703936    27.675    27.670  4 54810.73581680 28.557
  17 294.169587   7.705988    27.570    27.551  3 54820.65145701 23.839
  18 294.168619   7.703536    27.341    27.367  4 54830.56711028 26.024
  19 294.166204   7.701676    27.202    27.068  4 54840.48274975 26.450
  20 294.162891   7.700367    26.720    27.015  3 54850.39839906 28.205
  21 294.160435   7.700404    26.707    26.707  4 54860.31404751 23.669
  22 294.159797   7.699980    25.880    26.716  4 54870.22969610 24.907
  23 294.160545   7.700031    25.609    26.805  4 54880.14534334 24.406
  24 294.161774   7.700383    25.367    26.624  4 54890.06098732 28.474
  25 294.161738   7.699354    21.512    19.958  4 54899.97662841 31.769
  26 294.160411   7.699327    26.695    26.531  4 54909.89226727 21.675
  27 294.160679   7.698412    26.844    26.442  4 54919.80790543 20.418
  28 294.162149   7.700886    26.434    26.518  4 54929.72354283 23.383
  29 294.165789   7.701979    26.589    26.505  3 54939.63917978 17.885
  30 294.168736   7.704724    25.944    25.993  4 54949.55481467 22.042
  31 294.169837   7.705801    24.444    24.117  4 54959.47045311 21.404
  32 294.167653   7.705122    24.788    24.352  4 54969.38610167 25.210
  33 294.166612   7.703759    25.022    25.051  4 54979.30174900 21.671
  34 294.165967   7.703065    24.252    24.104  4 54989.21739590 22.364
  35 294.165734   7.702216    26.088    26.009  3 54999.13304285 50.824
  36 294.165410   7.701927    27.367    27.356  3 55009.04868786 39.758
  37 294.165439   7.701482    28.513    28.484  3 55018.96433122 25.999
  38 294.164991   7.701761    29.806    29.774  4 55028.87997327 40.545
  39 294.164995   7.701717    30.495    30.399  4 55038.79561506 27.893
  40 294.166462   7.702981    30.981    30.920  4 55048.71125570 28.929
  41 294.168459   7.705686    31.086    31.066  4 55058.62689414 29.813
  42 294.170301   7.705049    31.067    31.084  4 55068.54253354 31.534
  43 294.167275   7.704276    30.837    30.771  4 55078.45818357 33.959
  44 294.164445   7.701194    30.633    30.604  3 55088.37383160 54.852
  45 294.162088   7.700591    29.697    29.687  4 55098.28947747 29.991
  46 294.162180   7.699900    28.703    28.770  3 55108.20512292 38.476
  47 294.163369   7.700390    28.029    27.632  3 55118.12076724 27.705
  48 294.164051   7.701901    27.852    27.753  4 55128.03640900 26.849
  49 294.164605   7.701347    27.432    27.413  3 55137.95204913 29.450
  50 294.165028   7.701458    27.412    27.336  3 55147.86768774 27.651
  51 294.166650   7.701663    27.505    27.280  4 55157.78332619 25.747
  52 294.167994   7.704399    26.811    26.823  3 55167.69896414 23.054
  53 294.169584   7.706531    26.333    26.266  4 55177.61460173 22.328
  54 294.169824   7.704600    26.455    26.704  4 55187.53024681 22.279
  55 294.166729   7.702832    26.059    26.764  3 55197.44589824 20.783
  56 294.164114   7.701015    26.714    26.874  3 55207.36154840 26.136
  57 294.162821   7.700632    26.620    26.779  4 55217.27719761 25.962
  58 294.162203   7.700599    26.379    26.522  4 55227.19284593 26.550
  59 294.162220   7.700305    18.804    18.862  3 55237.10849160 40.432
  60 294.162145   7.700797    20.414    18.480  4 55247.02413359 40.511
  61 294.161627   7.699965    18.228    18.245  3 55256.93977341 37.149
  62 294.161286   7.699465    22.419    22.450  4 55266.85541244 28.756
  63 294.161713   7.700847    24.634    26.027  4 55276.77105076 22.194
  64 294.164656   7.701010    25.922    25.855  3 55286.68668861 18.975
  65 294.168008   7.703259    22.913    22.924  4 55296.60232387 26.863
  66 294.168229   7.704967    25.103    25.133  4 55306.51796458 19.657
  67 294.166225   7.702812    26.035    26.067  4 55316.43361188 19.972
  68 294.164903   7.701141    26.332    26.241  3 55326.34925752 54.459
  69 294.164854   7.701248    27.103    27.114  3 55336.26490154 23.362
  70 294.165413   7.702376    28.393    28.401  4 55346.18054480 30.673
  71 294.166354   7.701917    29.597    29.614  4 55356.09618711 28.903
  72 294.166421   7.702264    30.332    30.332  4 55366.01182719 54.143
  73 294.166558   7.703094    30.798    30.801  4 55375.92746578 29.991
  74 294.167713   7.704166    31.427    31.417  4 55385.84310366 32.449
  75 294.169386   7.705988    32.263    32.266  4 55395.75874074 49.957
  76 294.170872   7.708156    32.550    32.559  4 55405.67438115 54.250
  77 294.169570   7.704802    32.544    32.475  4 55415.59003327 34.083
  78 294.167318   7.702194    32.898    32.845  4 55425.50568197 38.896
  79 294.164838   7.701440    32.716    32.696  4 55435.42132744 36.052
  80 294.163216   7.700876    32.423    32.361  3 55445.33697133 34.987
  81 294.162956   7.701194    32.024    32.050  4 55455.25261408 33.259
  82 294.164820   7.700657    31.612    31.652  4 55465.16825637 44.839
  83 294.166491   7.703694    30.439    30.428  4 55475.08389504 51.795
  84 294.168182   7.705105    28.847    28.811  4 55484.99953105 29.909
  85 294.169008   7.705572    28.429    28.377  4 55494.91516525 26.860
  86 294.169797   7.707432    27.488    27.508  4 55504.83079857 44.869
  87 294.168675   7.704593    26.981    27.048  4 55514.74644952 34.363
  88 294.168151   7.704200    27.708    27.718  3 55524.66209968 25.834
  89 294.167292   7.703429    27.599    27.558  4 55534.57774806 27.951
  90 294.165864   7.701880    27.497    27.455  3 55544.49339457 28.621
  91 294.164057   7.701056    27.599    27.679  3 55554.40903885 27.558
  92 294.163444   7.700357    27.295    27.319  4 55564.32468198 27.300
  93 294.164631   7.701678    27.032    26.970  4 55574.24032404 26.556
  94 294.166538   7.703135    25.062    25.016  4 55584.15596452 31.723
  95 294.168285   7.704301    22.672    21.186  3 55594.07160163 26.423
  96 294.169349   7.705312    19.152    19.081  3 55603.98723537 33.474
  97 294.170247   7.706512    21.850    20.351  3 55613.90286723 24.839
  98 294.170442   7.707767    19.585    20.075  4 55623.81850499 24.208
  99 294.168812   7.704585    23.915    23.884  4 55633.73415865 22.986
 100 294.167796   7.704022    22.311    21.297  4 55643.64980964 25.389
 101 294.167162   7.703758    25.165    26.254  4 55653.56545775 20.337
 102 294.166630   7.702481    21.110    21.121  3 55663.48110159 28.093
 103 294.165601   7.701795    25.442    26.343  4 55673.39674202 26.181
 104 294.165625   7.701532    26.527    26.575  3 55683.31238061 20.849
 105 294.167314   7.704143    26.849    26.843  4 55693.22801716 28.196
 106 294.170347   7.707391    28.126    28.155  4 55703.14365209 22.979
 107 294.171200   7.707652    29.643    29.654  4 55713.05929585 53.635
 108 294.169062   7.705284    30.282    30.255  3 55722.97494497 27.816
 109 294.167131   7.701974    31.062    31.086  4 55732.89059249 39.081
 110 294.165481   7.702033    31.462    31.495  4 55742.80623830 30.851
 111 294.165707   7.701567    31.661    31.695  3 55752.72188326 30.508
 112 294.167205   7.702250    32.239    32.225  4 55762.63752590 33.214
 113 294.168321   7.703271    32.387    32.328  4 55772.55316563 34.414
 114 294.168675   7.703481    32.776    32.791  4 55782.46880195 37.983
 115 294.169096   7.705215    32.523    32.475  4 55792.38443511 35.241
 116 294.170647   7.707887    32.531    32.544  4 55802.30006824 47.951
 117 294.169964   7.706147    31.936    31.853  4 55812.21571808 40.707
 118 294.169928   7.706091    31.257    31.286  4 55822.13136594 53.195
 119 294.170313   7.707030    29.995    29.994  4 55832.04700884 32.576
 120 294.171076   7.706414    29.573    29.559  4 55841.96264769 31.615
 121 294.171023   7.707191    28.923    28.940  3 55851.87828339 28.942
 122 294.171845   7.708661    28.698    28.656  4 55861.79391725 28.709
 123 294.169025   7.706658    28.433    28.470  4 55871.70957193 28.956
 124 294.169072   7.705376    28.022    28.034  4 55881.62522265 24.544
 125 294.169720   7.705003    27.849    27.884  4 55891.54086665 25.806
 126 294.170469   7.705938    27.706    27.684  4 55901.45650458 26.522
 127 294.171463   7.707535    27.628    27.626  4 55911.37213814 28.796
 128 294.167921   7.703318    27.486    27.463  4 55921.28779329 27.484
 129 294.166442   7.701554    27.325    27.286  4 55931.20344533 28.820
 130 294.165900   7.702779    27.375    27.354  4 55941.11909279 27.691
 131 294.165939   7.702604    27.312    27.517  3 55951.03473605 24.640
 132 294.165735   7.701995    23.501    21.522  3 55960.95037564 31.599
 133 294.165687   7.702000    27.160    27.357  3 55970.86601316 25.769
 134 294.167448   7.702727    24.481    24.459  4 55980.78164978 26.185
 135 294.170148   7.706139    22.487    21.049  4 55990.69728496 21.549
 136 294.170100   7.707586    22.316    20.811  4 56000.61293018 24.873
 137 294.168450   7.704720    24.040    24.062  4 56010.52858165 22.086
 138 294.166334   7.703317    25.681    26.608  4 56020.44422869 19.324
 139 294.165044   7.700892    24.399    24.409  4 56030.35987269 35.446
 140 294.164413   7.701827    26.743    26.782  4 56040.27551382 24.749
 141 294.166033   7.702735    27.304    27.185  3 56050.19115285 20.292
 142 294.168899   7.704754    28.856    28.873  4 56060.10678902 48.953
 143 294.171561   7.707813    29.128    29.168  3 56070.02242424 31.451
 144 294.169279   7.705326    29.381    29.284  3 56079.93807507 22.467
 145 294.166725   7.703629    29.888    29.837  4 56089.85372323 46.492
 146 294.165972   7.701972    30.560    30.559  3 56099.76936924 29.160
 147 294.165912   7.702952    30.983    30.962  4 56109.68500093 42.527
 148 294.167315   7.704015    30.986    30.968  4 56119.60064131 32.525
 149 294.169123   7.705779    31.547    31.536  4 56129.51627793 39.651
 150 294.170435   7.707449    32.220    32.224  4 56139.43191115 55.312
 151 294.167834   7.705092    32.739    32.745  4 56149.34756066 36.133
 152 294.166998   7.702885    32.699    32.697  3 56159.26320966 36.844
 153 294.166707   7.703987    33.164    33.164  4 56169.17885663 55.416
 154 294.167393   7.704272    32.875    32.886  4 56179.09450052 42.980
 155 294.168162   7.704089    32.420    32.463  3 56189.01014026 45.300
 156 294.168532   7.704616    31.510    31.473  4 56198.92577676 33.393
 157 294.169926   7.705785    30.524    30.520  4 56208.84141081 30.057
 158 294.171773   7.709471    29.471    29.552  4 56218.75704295 38.368
 159 294.171855   7.708251    28.654    28.570  4 56228.67268997 31.703
 160 294.170499   7.705246    28.226    28.386  4 56238.58834487 26.049
 161 294.168291   7.704426    27.636    27.598  4 56248.50399536 26.513
 162 294.167036   7.704081    27.546    27.525  4 56258.41964082 26.966
 163 294.167237   7.702640    27.386    27.419  4 56268.33528333 27.922
 164 294.167451   7.703432    27.163    27.245  3 56278.25092350 22.315
 165 294.166299   7.702792    27.284    27.180  4 56288.16657241 23.223
 166 294.165459   7.701861    23.494    22.327  4 56298.08222124 37.010
 167 294.164640   7.701421    21.179    21.175  3 56307.99786605 39.228
 168 294.164039   7.701055    24.737    26.578  3 56317.91350847 29.193
 169 294.164139   7.700740    23.431    23.355  4 56327.82914992 29.781
 170 294.165568   7.701944    23.238    23.199  4 56337.74479038 30.481
 171 294.168310   7.703474    21.817    20.073  4 56347.66042919 23.607
 172 294.170159   7.706825    21.533    20.342  4 56357.57606486 23.947
 173 294.167768   7.703641    22.714    20.965  3 56367.49171490 18.050
 176 294.163809   7.701331    26.189    26.264  4 56397.23865238 20.195
 177 294.165928   7.701991    22.083    22.187  3 56407.15429319 38.362
 178 294.168032   7.704286    24.682    24.696  3 56417.06992983 44.337
 179 294.170849   7.706656    25.501    25.560  4 56426.98556185 23.738
 180 294.167950   7.704186    26.760    26.659  4 56436.90121347 19.722
 181 294.165235   7.701655    27.967    27.997  4 56446.81686527 23.390
 182 294.164053   7.701027    28.716    28.656  3 56456.73251471 25.382
 183 294.163712   7.700916    29.749    29.767  4 56466.64816109 26.831
 184 294.164123   7.701195    30.199    30.169  3 56476.56380344 27.748
 185 294.165229   7.701426    30.389    30.346  3 56486.47944222 28.299
 186 294.166359   7.702889    30.459    30.413  4 56496.39507777 26.190
 187 294.168688   7.705106    30.872    30.848  4 56506.31071157 31.126
 188 294.172437   7.707982    31.237    31.273  4 56516.22634494 30.682
 189 294.171212   7.706262    31.768    31.739  4 56526.14199916 54.203
 190 294.169289   7.706603    31.926    31.904  4 56536.05764881 49.907
 192 294.165619   7.702226    31.411    31.420  4 56555.88893923 31.015
 193 294.165334   7.702258    30.893    30.813  3 56565.80458196 29.595
 194 294.166982   7.702990    30.496    30.459  4 56575.72022361 28.948
 195 294.169529   7.705812    29.332    29.321  4 56585.63586194 31.167
 196 294.171747   7.707870    28.542    28.515  3 56595.55149956 25.462
 197 294.168526   7.704838    27.863    27.787  4 56605.46715285 26.381
 198 294.166512   7.701700    27.691    27.499  4 56615.38280126 27.204
 199 294.165711   7.702556    27.447    27.429  4 56625.29844509 27.354
 200 294.167196   7.702014    27.490    27.402  4 56635.21408645 26.965
 201 294.169432   7.704410    27.180    27.136  4 56645.12972416 21.725
 202 294.166725   7.704092    23.719    23.735  4 56655.04537644 40.667
 203 294.165280   7.701387    22.342    22.340  4 56664.96102511 46.359
 204 294.164009   7.700372    27.289    27.415  4 56674.87667108 26.012
 205 294.163338   7.701639    25.421    27.077  4 56684.79231581 27.465
 206 294.165191   7.701357    25.421    27.056  4 56694.70795922 27.107
 207 294.168001   7.703685    21.696    19.850  4 56704.62359779 23.208
 208 294.170227   7.707535    19.423    19.412  4 56714.53923053 22.114
 209 294.166788   7.703354    19.202    19.231  4 56724.45488261 30.306
 210 294.162648   7.701446    23.239    23.253  4 56734.37053298 27.746
 211 294.161891   7.699258    23.199    23.205  4 56744.28618004 27.738
 212 294.163838   7.700845    23.415    23.371  4 56754.20182209 23.276
 213 294.167721   7.703981    20.704    20.703  4 56764.11745840 28.339
 214 294.170281   7.706640    21.750    21.694  3 56774.03309299 26.854
 215 294.166084   7.702055    24.477    23.814  4 56783.94875037 17.982
 216 294.161809   7.699544    26.569    26.401  4 56793.86440390 19.711
 217 294.158976   7.699258    26.509    26.426  4 56803.78005411 15.342
 218 294.160636   7.699281    26.944    27.343  3 56813.69569730 14.237
 219 294.162696   7.701105    26.589    26.669  4 56823.61133671 22.562
 220 294.165303   7.702284    28.616    28.533  4 56833.52697217 27.625
 221 294.168293   7.703338    29.444    29.320  4 56843.44260414 29.642
 222 294.168042   7.704306    30.259    30.243  4 56853.35824566 28.427
 223 294.165820   7.702519    31.294    31.319  4 56863.27389936 30.219
 224 294.164578   7.701860    31.997    32.000  4 56873.18955222 32.408
 225 294.164101   7.701346    32.256    32.256  3 56883.10520195 33.606
 226 294.163336   7.701688    32.645    32.616  4 56893.02084806 55.124
 227 294.161912   7.701081    32.526    32.498  4 56902.93649123 32.503
 228 294.160890   7.699497    32.078    32.080  4 56912.85213297 33.039
 229 294.161823   7.699888    31.594    31.619  4 56922.76777312 34.676
 230 294.165346   7.701380    30.939    30.963  3 56932.68341114 30.122
 231 294.169945   7.704909    29.827    29.811  4 56942.59904369 29.496
 232 294.169954   7.707091    29.183    29.170  4 56952.51468781 33.655
 233 294.166964   7.704144    29.116    29.102  4 56962.43033925 30.115
 234 294.165059   7.701025    28.897    28.888  4 56972.34598568 33.202
 235 294.165053   7.701535    27.943    27.835  3 56982.26162718 29.401
 236 294.167847   7.703470    27.580    27.667  4 56992.17726394 26.785
 237 294.171270   7.708386    27.047    26.950  4 57002.09289661 24.434
 238 294.168560   7.704512    25.419    25.137  4 57012.00855414 25.239
 239 294.165922   7.702492    27.524    27.678  3 57021.92420576 21.629
 240 294.164302   7.701026    27.562    27.799  3 57031.83985490 25.057
 241 294.163742   7.701515    26.042    27.437  4 57041.75550195 26.400
 242 294.164514   7.702253    25.824    27.241  4 57051.67114706 27.393
 243 294.166454   7.703099    25.697    27.026  4 57061.58678801 24.363
 244 294.168293   7.704878    26.974    27.091  4 57071.50242325 17.723
 245 294.169863   7.707266    24.875    25.806  4 57081.41805400 18.515
 246 294.169063   7.705851    23.481    23.373  4 57091.33369761 21.783
 247 294.165863   7.702275    23.715    23.641  4 57101.24935537 26.387
 248 294.164849   7.700979    21.041    21.045  4 57111.16500941 46.308
 249 294.165354   7.701960    20.856    20.662  3 57121.08065733 33.031
 250 294.165971   7.701684    21.513    21.512  4 57130.99629983 42.320
 251 294.166272   7.703034    25.026    25.147  4 57140.91193691 17.591
 252 294.167719   7.703640    26.134    26.208  3 57150.82757117 14.843
 253 294.170943   7.705687    23.107    23.105  4 57160.74320226 25.310
 254 294.168788   7.704993    25.003    25.062  3 57170.65885684 14.552
 255 294.166811   7.703373    26.569    26.612  4 57180.57451240 15.847
 256 294.165179   7.701301    27.327    27.358  4 57190.49016408 21.246
 257 294.163609   7.700883    28.729    28.820  3 57200.40581182 25.787
 258 294.163491   7.700136    29.820    29.832  4 57210.32144577 29.838
 259 294.164508   7.700641    30.673    30.633  4 57220.23708922 54.422
 260 294.166044   7.701359    31.528    31.528  4 57230.15273145 56.271
 261 294.167111   7.703299    32.046    32.021  4 57240.06837107 54.738
 262 294.168755   7.704021    32.098    32.081  4 57249.98400821 34.896
 263 294.169878   7.706475    32.575    32.559  4 57259.89964288 53.304
 264 294.171870   7.707306    32.267    32.220  4 57269.81527699 36.923
 265 294.169715   7.706994    31.820    31.788  4 57279.73092946 36.096
 266 294.168453   7.703978    31.059    31.052  4 57289.64658588 34.130
 267 294.166400   7.703919    29.911    29.890  4 57299.56223877 29.491
 268 294.165245   7.702507    28.411    28.440  4 57309.47788837 30.461
 269 294.163503   7.701438    27.194    27.177  4 57319.39353422 37.148
 270 294.162764   7.699844    28.181    28.129  4 57329.30917703 26.867
 271 294.163883   7.699904    28.061    28.033  4 57339.22481735 26.601
 272 294.162918   7.701198    27.749    27.651  4 57349.14046589 23.783
 273 294.163785   7.700646    27.407    27.316  3 57359.05611158 24.561
 274 294.164291   7.701142    26.077    26.052  4 57368.97175389 30.768
 275 294.164893   7.701662    26.585    27.123  4 57378.88739384 25.150
 276 294.166671   7.702860    24.939    24.940  4 57388.80303262 23.337
 277 294.169350   7.705262    25.481    26.318  4 57398.71867050 17.723
 278 294.171733   7.708257    25.015    26.252  4 57408.63430748 18.674
 279 294.169031   7.705986    23.014    22.687  4 57418.54996136 20.504
 280 294.166292   7.702991    21.874    20.464  4 57428.46561269 23.341
 281 294.164069   7.701181    24.703    26.505  3 57438.38126109 21.900
 282 294.163391   7.701625    23.140    23.290  4 57448.29690756 24.779
 283 294.164596   7.700799    26.387    26.442  4 57458.21255310 22.567
 284 294.166354   7.701897    18.965    19.031  4 57468.12819530 49.629
 285 294.168174   7.704027    19.150    19.143  4 57478.04383331 52.135
 286 294.169285   7.705685    19.341    19.331  4 57487.95946822 35.745
 287 294.170865   7.707205    24.237    24.842  4 57497.87510133 15.607
 288 294.171240   7.708519    23.655    23.549  4 57507.79074095 29.224
 289 294.168840   7.704319    27.276    27.288  4 57517.70639800 16.776
 290 294.166918   7.703820    27.200    27.110  4 57527.62205157 18.274
 291 294.165930   7.702291    28.035    27.983  4 57537.53770263 26.025
 292 294.164674   7.700902    29.080    29.118  3 57547.45335086 25.436
 293 294.163455   7.700680    29.708    29.730  3 57557.36899706 28.031
 294 294.163597   7.701156    30.683    30.611  4 57567.28464187 36.500
 295 294.164921   7.701689    31.790    31.764  4 57577.20028594 56.040
 296 294.165941   7.703371    32.621    32.661  4 57587.11592844 48.275
 297 294.167093   7.701878    32.781    32.759  4 57597.03156925 37.656
