-337959.862   203.109     0.00   16.34
-337670.419   206.211    10.72   15.53
-337380.974   208.528     8.00   14.15
-337091.527   210.761     7.72   12.00
-336802.076   211.597     2.89   11.03
-336512.624   212.433     2.89    9.54
-336223.168   216.484    13.99   12.16
-335933.711   219.347     9.89   12.71
-335644.250   222.791    11.90   14.51
-335354.787   225.288     8.63   14.97
-335065.322   230.533    18.12   17.44
-334775.854   234.056    12.17   15.17
-334486.383   234.240     0.64   15.52
-334196.910   235.502     4.36   15.37
-333907.434   235.671     0.58   15.77
-333617.956   235.247    -1.46   16.70
-333328.475   235.917     2.31   16.94
-333038.992   233.364    -8.82   15.11
-332749.506   232.813    -1.91   14.90
-332460.017   232.416    -1.37   16.03
-332170.526   232.567     0.52   15.39
-331881.032   234.089     5.26   15.59
-331591.536   233.864    -0.78   16.03
-331302.037   230.586   -11.32   13.56
-331012.536   228.916    -5.77   13.45
-330723.032   229.367     1.56   15.27
-330433.525   231.667     7.94   15.66
-330144.016   233.383     5.93   15.91
-329854.504   239.843    22.31   20.57
-329564.990   245.709    20.26   22.13
-329275.473   252.750    24.32   22.70
-328986.512   258.227    18.95   23.79
-328697.550   260.696     8.54   22.23
-328408.585   259.967    -2.52   22.97
-328119.617   257.209    -9.54   24.82
-327830.647   251.106   -21.12   25.25
-327541.674   244.523   -22.78   25.12
-327252.698   241.133   -11.73   19.76
-326963.720   240.333    -2.77   19.56
-326674.740   242.767     8.42   21.81
-326385.756   247.451    16.21   23.41
-326096.770   253.826    22.06   21.83
-325807.782   258.817    17.27   21.92
-325518.791   264.227    18.72   19.12
-325229.798   267.133    10.06   18.77
-324940.801   271.416    14.82   16.70
-324651.803   272.795     4.77   16.09
-324362.801   275.158     8.17   14.12
-324073.797   276.244     3.76   13.98
-323784.791   275.384    -2.97   15.33
-323495.782   272.968    -8.36   16.80
-323206.770   267.050   -20.47   22.55
-322917.755   260.701   -21.97   25.41
-322628.738   257.332   -11.66   28.81
-322339.719   250.595   -23.31   31.73
-322050.697   245.167   -18.78   34.53
-321761.672   241.433   -12.92   38.17
-321472.645   240.005    -4.94   41.46
-321183.615   238.606    -4.84   44.53
-320894.582   238.347    -0.89   45.22
-320605.547   232.650   -19.71   43.07
-320316.509   224.138   -29.45   42.80
-320027.469   215.864   -28.62   42.16
-319738.425   201.983   -48.02   38.01
-319449.380   196.451   -19.14   34.38
-319160.332   196.679     0.79   33.61
-318871.281   204.517    27.11   38.94
-318582.227   206.094     5.46   40.99
-318293.171   212.950    23.72   41.65
-318004.112   222.675    33.64   39.18
-317715.051   230.349    26.55   36.01
-317425.987   242.761    42.94   37.83
-317136.920   244.302     5.33   40.24
-316847.851   255.300    38.04   38.37
-316558.779   265.899    36.66   33.33
-316269.704   274.589    30.06   26.23
-315980.627   274.554    -0.12   26.05
-315691.547   273.150    -4.86   25.60
-315402.465   270.569    -8.93   20.97
-315113.380   266.722   -13.31   21.04
-314824.292   265.951    -2.67   21.87
-314535.202   267.942     6.89   22.34
-314246.109   267.138    -2.78   22.91
-313957.013   268.667     5.29   20.06
-313667.915   268.772     0.36   20.45
-313378.814   270.012     4.29   20.69
-313089.710   270.520     1.75   22.90
-312800.604   270.738     0.76   22.17
-312511.495   270.709    -0.10   22.83
-312222.384   274.155    11.92   24.66
-311933.270   275.106     3.29   24.14
-311644.153   278.840    12.92   26.12
-311355.033   282.012    10.97   25.66
-311065.911   288.183    21.34   22.91
-310776.786   293.837    19.55   22.17
-310487.659   298.727    16.91   19.01
-310198.529   302.722    13.82   17.86
-309909.396   305.261     8.78   16.88
-309620.261   305.209    -0.18   14.98
-309331.123   310.583    18.59   20.11
-309041.982   321.196    36.70   27.11
-308752.838   337.869    57.66   40.51
-308463.692   358.166    70.19   54.14
-308174.544   382.033    82.54   67.86
-307885.392   407.808    89.14   79.96
-307596.238   429.337    74.45   82.95
-307307.081   448.500    66.27   80.33
-307017.922   470.383    75.67   79.43
-306728.760   492.857    77.72   75.48
-306439.595   509.872    58.84   72.24
-306150.428   532.033    76.63   76.51
-305861.257   565.772   116.67   91.63
-305572.085   601.740   124.37  101.55
-305282.909   634.450   113.11  107.80
-304993.731   655.291    72.06  103.17
-304704.550   681.366    90.16  105.77
-304415.367   698.847    60.45  109.22
-304126.180   722.138    80.54  110.76
-303836.991   740.330    62.90  108.98
-303547.800   773.571   114.94  112.96
-303258.606   792.071    63.97  116.38
-302969.409   808.313    56.16  115.33
-302680.209   826.400    62.54  106.54
-302391.006   843.111    57.78  102.01
-302101.801   880.783   130.25  101.92
-301812.594   898.987    62.94   94.73
-301523.383   931.451   112.24   99.31
-301234.170   972.750   142.79  101.50
-300944.954  1011.569   134.21   98.71
-300655.736  1057.333   158.23   84.04
-300366.514  1104.469   162.97   80.76
-300077.290  1146.364   144.85   86.09
-299788.064  1182.347   124.40   98.20
-299498.834  1212.517   104.30  105.17
-299209.602  1257.933   157.02  104.79
-298920.367  1290.968   114.21   94.70
-298631.130  1319.067    97.14   98.77
-298341.890  1344.140    86.68   95.46
-298052.647  1374.800   105.99  101.34
-297763.401  1420.617   158.39  117.36
-297474.153  1454.150   115.93  131.57
-297184.902  1498.417   153.03  127.35
-296895.648  1534.640   125.22  107.57
-296606.391  1560.067    87.90   94.09
-296317.132  1582.451    77.38   84.59
-296027.870  1579.433   -10.43  100.82
-295738.605  1582.860    11.84  108.93
-295449.338  1585.083     7.68  105.28
-295160.068  1587.571     8.60  106.61
-294870.795  1588.380     2.79  111.13
-294581.519  1585.794    -8.94  110.35
-294292.241  1603.450    61.03  101.19
-294002.960  1608.233    16.53  109.08
-293713.676  1619.882    40.26  107.44
-293424.389  1640.661    71.83   96.75
-293135.100  1652.133    39.65   84.87
-292845.808  1668.968    58.19   64.85
-292556.513  1668.917    -0.18   57.41
-292267.216  1662.606   -21.81   50.70
-291977.916  1647.537   -52.08   47.35
-291688.613  1642.744   -16.57   43.55
-291399.307  1636.399   -21.93   41.76
-291109.998  1629.106   -25.21   37.95
-290820.687  1623.192   -20.44   33.77
-290531.373  1620.077   -10.76   34.98
-290242.057  1622.523     8.45   40.79
-289952.737  1627.654    17.73   44.82
-289663.415  1629.998     8.10   46.43
-289374.090  1636.162    21.30   46.30
-289084.762  1637.654     5.15   43.16
-288795.432  1636.346    -4.52   43.64
-288506.099  1633.261   -10.66   44.21
-288216.763  1628.367   -16.91   44.91
-287927.424  1622.167   -21.43   47.06
-287638.082  1608.353   -47.74   48.74
-287348.738  1595.898   -43.04   47.19
-287059.391  1580.183   -54.31   46.44
-286770.041  1567.344   -44.37   48.29
-286480.689  1555.482   -40.99   49.07
-286191.333  1542.603   -44.51   50.14
-285901.975  1526.817   -54.55   54.90
-285612.614  1512.227   -50.42   59.94
-285323.251  1490.985   -73.40   67.60
-285033.884  1471.117   -68.66   83.72
-284744.515  1425.484  -157.69   89.12
-284455.143  1392.643  -113.49   89.90
-284165.768  1355.128  -129.63   93.08
-283876.391  1311.880  -149.45   94.96
-283587.010  1279.637  -111.42   95.06
-283297.627  1228.778  -175.74  106.02
-283008.241  1191.745  -127.97  103.55
-282718.853  1149.933  -144.47   96.73
-282429.461  1105.968  -151.92   80.83
-282140.067  1076.968  -100.20   75.17
-281850.670  1045.037  -110.33   72.07
-281561.270  1025.150   -68.71   61.55
-281271.868  1016.891   -28.54   55.42
-280982.462  1014.567    -8.03   53.59
-280693.054  1009.802   -16.46   59.18
-280403.643  1013.727    13.56   66.05
-280114.229  1017.550    13.21   65.18
-279824.813  1023.281    19.80   58.50
-279535.394  1037.700    49.82   65.95
-279245.971  1061.773    83.17   81.45
-278956.546  1098.502   126.90  101.12
-278667.119  1147.626   169.72  104.26
-278377.688  1198.827   176.89   99.04
-278088.255  1243.499   154.34   82.90
-277798.819  1281.709   132.01   69.02
-277509.380  1318.650   127.62   62.54
-277219.938  1351.158   112.31   65.23
-276930.493  1374.583    80.93   57.81
-276641.046  1397.833    80.32   53.71
-276351.596  1414.833    58.73   49.93
-276062.143  1438.917    83.20   45.58
-275772.687  1451.278    42.70   44.24
-275483.228  1477.267    89.78   55.48
-275193.767  1499.175    75.68   59.22
-274904.302  1529.663   105.32   70.69
-274614.835  1552.967    80.50   69.93
-274325.365  1576.485    81.24   67.60
-274035.892  1597.054    71.05   61.33
-273746.417  1609.223    42.04   52.18
-273456.938  1619.833    36.65   50.87
-273167.457  1624.213    15.13   59.00
-272877.973  1617.200   -24.22   71.35
-272588.486  1600.433   -57.92   88.97
-272298.996  1568.416  -110.59  112.40
-272009.504  1524.319  -152.32  129.70
-271720.009  1457.700  -230.11  135.35
-271430.510  1400.517  -197.52  122.95
-271141.009  1332.170  -236.07   98.66
-270851.505  1282.020  -173.22   86.23
-270561.999  1246.089  -124.10   73.02
-270272.489  1217.295   -99.45   56.46
-269982.977  1200.483   -58.07   46.61
-269693.461  1189.761   -37.03   48.77
-269403.943  1187.789    -6.81   58.96
-269114.422  1175.523   -42.37   53.61
-268824.898  1172.772    -9.50   62.15
-268535.372  1159.306   -46.51   72.36
-268245.842  1134.789   -84.67   78.34
-267956.310  1121.317   -46.53   78.55
-267666.775  1113.037   -28.60   83.56
-267377.237  1112.027    -3.49   81.04
-267087.696  1110.942    -3.75   77.87
-266798.612  1098.620   -42.62   70.39
-266509.684  1095.761    -9.89   75.86
-266220.753  1095.784     0.08   77.35
-265931.820  1076.217   -67.72   83.68
-265642.883  1052.311   -82.73   67.62
-265353.944  1036.111   -56.06   54.86
-265065.001  1029.767   -21.96   47.36
-264776.056  1026.050   -12.86   50.73
-264487.108  1032.330    21.73   54.19
-264198.158  1053.399    72.91   62.44
-263909.204  1076.179    78.83   69.63
-263620.247  1118.484   146.40   83.76
-263331.288  1167.321   169.00  100.06
-263042.326  1205.332   131.54  111.00
-262753.361  1241.744   126.00  105.55
-262464.393  1272.037   104.83  106.30
-262175.422  1309.589   129.94   96.00
-261886.448  1342.597   114.22   81.95
-261597.472  1363.158    71.14   69.48
-261308.492  1366.054    10.02   72.18
-261019.510  1368.951    10.02   84.30
-260730.525  1374.244    18.32  100.12
-260441.537  1367.079   -24.79  117.07
-260152.546  1365.850    -4.25  131.00
-259863.552  1350.200   -54.15  156.10
-259574.556  1342.784   -25.66  158.88
-259285.556  1327.123   -54.19  165.80
-258996.554  1287.217  -138.08  170.80
-258707.548  1248.750  -133.09  170.25
-258418.540  1206.417  -146.47  168.15
-258129.529  1174.916  -108.99  159.21
-257840.515  1128.433  -160.82  156.16
-257551.498  1103.784   -85.28  144.82
-257262.479  1072.183  -109.33  138.53
-256973.456  1044.843   -94.59  125.77
-256684.431  1024.244   -71.27  104.69
-256395.402  1010.840   -46.37   81.93
-256106.371  1012.250     4.88   69.48
-255817.337  1017.267    17.36   64.91
-255528.300  1033.874    57.45   76.97
-255239.260  1061.089    94.15  106.34
-254950.217  1084.367    80.53  114.82
-254661.171  1107.520    80.10  121.24
-254372.123  1139.633   111.10  131.43
-254083.071  1154.899    52.81  136.51
-253794.017  1166.283    39.38  131.60
-253504.959  1161.850   -15.34  122.67
-253215.899  1168.908    24.42  116.66
-252926.836  1171.313     8.32  104.94
-252637.770  1170.381    -3.22   84.02
-252348.701  1172.860     8.57   77.05
-252059.629  1183.533    36.92   76.84
-251770.554  1204.966    74.14   78.92
-251481.477  1227.128    76.66   73.76
-251192.396  1245.847    64.75   69.23
-250903.313  1263.100    59.68   61.51
-250614.226  1277.158    48.62   50.59
-250325.137  1282.647    18.99   44.05
-250036.045  1284.520     6.48   35.32
-249746.949  1287.864    11.57   33.90
-249457.851  1287.106    -2.62   32.48
-249168.750  1286.983    -0.42   30.55
-248879.646  1285.630    -4.68   26.03
-248590.539  1284.520    -3.84   20.83
-248301.430  1290.200    19.65   21.14
-248012.317  1295.005    16.62   23.18
-247723.201  1300.416    18.72   22.69
-247434.083  1310.155    33.68   29.86
-247144.961  1319.654    32.85   40.00
-246855.837  1340.240    71.20   62.57
-246566.709  1350.719    36.24   67.70
-246277.579  1374.117    80.92   83.96
-245988.446  1378.347    14.63   68.20
-245699.309  1383.030    16.20   58.61
-245410.170  1380.925    -7.28   46.64
-245121.028  1380.603    -1.11   42.01
-244831.883  1379.315    -4.45   45.33
-244542.735  1376.523    -9.66   56.27
-244253.584  1359.483   -58.93   60.91
-243964.430  1344.332   -52.40   60.05
-243675.273  1336.062   -28.60   64.36
-243386.114  1322.700   -46.21   59.04
-243096.951  1304.558   -62.74   51.33
-242807.785  1295.891   -29.97   54.10
-242518.617  1289.795   -21.08   52.02
-242229.445  1281.745   -27.84   58.17
-241940.271  1271.196   -36.48   61.84
-241651.093  1254.916   -56.29   68.68
-241361.913  1243.951   -37.92   71.97
-241072.729  1231.175   -44.18   75.31
-240783.543  1210.950   -69.93   72.48
-240494.354  1185.158   -89.18   55.40
-240205.161  1163.650   -74.37   46.49
-239915.966  1151.433   -42.24   41.22
-239626.768  1138.520   -44.65   33.08
-239337.567  1132.532   -20.70   31.06
-239048.362  1129.586   -10.19   25.53
-238759.155  1128.350    -4.27   22.79
-238469.945  1129.308     3.31   25.74
-238180.732  1123.623   -19.66   28.31
-237891.516  1119.727   -13.47   29.89
-237602.297  1113.722   -20.76   27.55
-237313.075  1109.892   -13.24   23.54
-237023.850  1109.089    -2.78   25.71
-236734.622  1110.067     3.38   29.60
-236445.391  1116.020    20.58   36.77
-236156.157  1118.138     7.32   35.47
-235866.920  1116.833    -4.51   35.86
-235577.680  1117.767     3.23   36.41
-235288.437  1121.983    14.58   42.00
-234999.192  1119.209    -9.59   40.46
-234709.943  1118.150    -3.66   45.68
-234420.691  1108.140   -34.60   38.67
-234131.436  1100.040   -28.00   29.74
-233842.178  1097.007   -10.48   23.52
-233552.917  1092.047   -17.15   17.78
-233263.654  1090.830    -4.21   16.03
-232974.387  1094.183    11.59   19.25
-232685.117  1108.367    49.03   42.93
-232395.844  1119.738    39.31   49.88
-232106.568  1130.600    37.55   51.61
-231817.289  1143.589    44.90   56.23
-231528.008  1149.648    20.94   61.74
-231238.723  1156.717    24.44   70.14
-230949.435  1156.537    -0.62   73.81
-230660.144  1153.167   -11.65   72.42
-230370.850  1146.830   -21.90   68.54
-230081.553  1142.020   -16.63   65.57
-229792.253  1136.744   -18.24   53.14
-229502.951  1129.468   -25.15   41.32
-229213.645  1126.220   -11.22   37.27
-228924.336  1120.433   -20.00   31.77
-228635.024  1118.671    -6.09   33.44
-228345.709  1112.523   -21.25   24.52
-228056.391  1109.533   -10.33   20.72
-227767.070  1105.917   -12.50   17.55
-227477.746  1101.094   -16.67   13.51
-227188.419  1099.567    -5.28   13.83
-226899.089  1099.188    -1.31   13.54
-226609.756  1099.077    -0.38   12.64
-226320.420  1097.333    -6.03   10.22
-226031.080  1096.983    -1.21   10.67
-225741.738  1101.321    14.99   17.94
-225452.393  1103.609     7.91   19.57
-225163.045  1109.983    22.03   27.13
-224873.694  1114.612    16.00   26.43
-224584.339  1126.966    42.69   34.48
-224294.982  1137.417    36.12   36.49
-224005.622  1143.433    20.79   39.18
-223716.258  1153.968    36.40   40.39
-223426.892  1165.071    38.37   37.24
-223137.522  1167.840     9.57   38.71
-222848.150  1171.951    14.20   36.50
-222558.774  1171.595    -1.23   35.35
-222269.395  1168.347   -11.22   33.33
-221980.014  1163.175   -17.87   28.41
-221690.629  1164.606     4.94   26.40
-221401.241  1176.433    40.87   35.43
-221111.850  1189.761    46.05   47.19
-220822.456  1200.520    37.17   49.44
-220533.060  1209.382    30.62   48.42
-220243.660  1216.313    23.95   49.30
-219954.256  1224.692    28.95   53.00
-219664.850  1217.821   -23.74   57.11
-219375.441  1203.213   -50.47   67.14
-219086.029  1172.332  -106.70   78.63
-218796.614  1146.123   -90.55   84.45
-218507.195  1112.382  -116.58   92.80
-218217.774  1076.083  -125.41   88.28
-217928.349  1049.967   -90.23   69.33
-217638.922  1032.030   -61.97   56.65
-217349.491  1020.661   -39.28   48.67
-217060.058  1024.050    11.71   52.72
-216770.621  1031.925    27.21   53.12
-216481.181  1040.800    30.66   55.74
-216191.738  1038.517    -7.89   56.37
-215902.292  1031.162   -25.41   54.61
-215612.843  1016.755   -49.77   47.34
-215323.391  1010.044   -23.19   37.52
-215033.936  1004.667   -18.57   32.36
-214744.477  1004.823     0.54   29.20
-214455.016  1007.973    10.88   25.14
-214165.552  1009.518     5.34   20.73
-213876.084  1010.505     3.41   23.20
-213586.613  1008.671    -6.34   25.46
-213297.140  1003.727   -17.08   28.35
-213007.663   994.614   -31.48   30.22
-212718.183   988.840   -19.94   29.81
-212428.700   980.985   -27.13   25.99
-212139.214   978.744    -7.74   25.10
-211849.725   978.313    -1.49   22.30
-211560.232   981.333    10.43   29.14
-211270.737   984.717    11.69   31.23
-210981.239   991.188    22.35   33.79
-210691.737  1001.227    34.68   33.84
-210402.232  1008.968    26.74   35.55
-210112.725  1017.083    28.03   33.53
-209823.214  1028.366    38.97   30.77
-209533.700  1031.433    10.60   28.19
-209244.183  1036.661    18.06   27.59
-208954.662  1042.571    20.41   23.87
-208665.139  1045.020     8.46   24.34
-208375.613  1046.728     5.90   26.77
-208086.083  1051.925    17.95   28.61
-207796.551  1053.589     5.74   28.00
-207507.015  1055.067     5.11   31.86
-207217.476  1057.485     8.35   35.84
-206927.934  1057.150    -1.16   39.91
-206638.389  1063.200    20.89   47.52
-206348.841  1065.733     8.75   53.71
-206059.289  1075.630    34.18   61.84
-205769.735  1085.037    32.49   64.80
-205480.177  1084.433    -2.08   68.63
-205190.617  1082.020    -8.34   82.40
-204901.053  1070.155   -40.97   88.09
-204611.815  1060.000   -35.11   95.12
-204322.921  1054.840   -17.86   95.55
-204034.023  1065.709    37.62  101.37
-203745.123  1088.237    77.97  107.31
-203456.220  1119.833   109.36  107.34
-203167.313  1147.400    95.41   97.59
-202878.403  1174.974    95.44   86.14
-202589.491  1208.744   116.88   64.99
-202300.575  1229.347    71.31   62.40
-202011.656  1240.900    39.98   65.80
-201722.734  1247.330    22.25   64.98
-201433.808  1248.761     4.95   70.29
-201144.880  1249.933     4.06   71.50
-200855.948  1236.123   -47.80   63.44
-200567.014  1225.537   -36.64   47.99
-200278.076  1215.145   -35.96   46.05
-199989.135  1210.138   -17.33   50.21
-199700.191  1211.830     5.85   49.23
-199411.244  1207.683   -14.35   52.74
-199122.294  1205.219    -8.53   48.81
-198833.340  1196.692   -29.51   52.52
-198544.383  1186.111   -36.62   54.19
-198255.424  1187.383     4.40   58.08
-197966.461  1190.288    10.05   77.28
-197677.495  1194.701    15.27   90.91
-197388.526  1211.467    58.02  108.92
-197099.553  1233.959    77.83  109.42
-196810.578  1256.021    76.34  102.88
-196521.599  1260.351    14.99   94.93
-196232.617  1257.722    -9.10   96.49
-195943.633  1237.722   -69.20  103.01
-195654.645  1197.987  -137.49  114.00
-195365.653  1161.958  -124.67  119.62
-195076.659  1110.667  -177.47  121.34
-194787.661  1066.369  -153.27  120.11
-194498.661  1022.738  -150.96  105.08
-194209.657   989.558  -114.80   96.59
-193920.650   967.315   -76.96   96.70
-193631.640   931.106  -125.28  111.97
-193342.626   926.630   -15.49  118.52
-193053.610   926.332    -1.03  120.98
-192764.590   925.433    -3.11  120.31
-192475.567   915.209   -35.37  110.13
-192186.541   892.520   -78.50  109.02
-191897.512   868.974   -81.46  118.28
-191608.480   831.399  -130.00  134.82
-191319.444   782.033  -170.79  138.61
-191030.406   735.819  -159.88  149.29
-190741.364   717.227   -64.32  158.54
-190452.319   676.319  -141.52  178.25
-190163.271   629.145  -163.20  188.53
-189874.219   600.717   -98.35  199.88
-189585.165   582.933   -61.52  193.03
-189296.107   575.313   -26.36  193.00
-189007.046   576.037     2.51  187.09
-188717.982   570.233   -20.08  190.33
-188428.915   583.595    46.22  193.05
-188139.844   573.675   -34.32  170.49
-187850.770   545.500   -97.46  150.20
-187561.694   493.571  -179.63  132.83
-187272.614   460.067  -115.90  134.05
-186983.530   399.400  -209.85  131.78
-186694.444   346.433  -183.21  124.72
-186405.354   294.302  -180.32  118.62
-186116.261   249.675  -154.36  111.79
-185827.165   206.183  -150.43   92.20
-185538.066   171.951  -118.41   74.11
-185248.964   154.155   -61.55   59.04
-184959.858   137.535   -57.48   53.68
-184670.749   133.135   -15.22   60.41
-184381.637   130.020   -10.78   63.02
-184092.522   129.683    -1.16   63.17
-183803.404   133.565    13.42   61.67
-183514.282   132.128    -4.97   56.89
-183225.157   149.991    61.78   70.60
-182936.029   170.864    72.19   84.98
-182646.898   178.175    25.28   91.27
-182357.763   203.050    86.03  109.32
-182068.626   224.813    75.26  112.01
-181779.485   242.024    59.52  121.15
-181490.340   257.175    52.40  123.51
-181201.193   270.261    45.26  136.52
-180912.043   274.502    14.67  145.33
-180622.889   270.315   -14.48  153.01
-180333.732   265.401   -16.99  154.30
-180044.571   250.985   -49.85  137.06
-179755.408   243.900   -24.50  122.27
-179466.241   244.648     2.59  103.80
-179177.071   258.230    46.97  108.55
-178887.898   292.837   119.67  115.75
-178598.722   335.400   147.18  120.98
-178309.542   373.191   130.68  117.87
-178020.359   405.469   111.61  114.14
-177731.173   451.128   157.88  124.42
-177441.984   508.332   197.80  155.31
-177152.791   566.386   200.74  166.24
-176863.596   637.950   247.45  166.12
-176574.397   689.688   178.89  151.00
-176285.194   735.738   159.23  127.67
-175995.989   752.416    57.66  111.08
-175706.780   763.745    39.17  105.86
-175417.568   747.083   -57.61  111.66
-175128.353   731.267   -54.69  127.37
-174839.134   704.761   -91.64  145.99
-174549.912   656.523  -166.78  157.69
-174260.687   609.317  -163.21  170.39
-173971.459   543.692  -226.89  165.33
-173682.228   489.860  -186.12  170.74
-173392.993   452.552  -128.98  152.67
-173103.755   427.399   -86.96  127.04
-172814.514   417.416   -34.51  103.62
-172525.269   406.020   -39.40   73.73
-172236.021   397.499   -29.46   60.30
-171946.770   398.468     3.35   51.53
-171657.516   397.967    -1.73   55.61
-171368.258   406.486    29.45   54.52
-171078.997   414.916    29.14   60.55
-170789.733   419.138    14.60   63.18
-170500.466   415.250   -13.44   69.69
-170211.195   401.867   -46.26   84.91
-169921.921   389.326   -43.35  101.19
-169632.644   356.933  -111.97  113.48
-169343.364   340.433   -57.04  112.95
-169054.080   338.925    -5.21  115.65
-168764.793   333.696   -18.08  112.30
-168475.503   336.106     8.33  107.20
-168186.209   324.533   -40.00  110.62
-167896.912   328.030    12.09  107.05
-167607.612   305.869   -76.60  124.06
-167318.309   263.800  -145.41  135.72
-167029.002   227.517  -125.41  136.19
-166739.692   173.908  -185.29  129.31
-166450.379   129.188  -154.57  101.30
-166161.062    97.933  -108.02   73.80
-165871.742    70.175   -95.94   19.53
-165582.419    63.679   -22.45    7.84
-165293.093    61.400    -7.88    6.18
-165003.763    59.976    -4.92    5.79
-164714.430    58.864    -3.84    6.41
-164425.094    58.158    -2.44    6.65
-164135.754    58.466     1.07    7.60
-163846.411    57.823    -2.22    8.15
-163557.065    57.089    -2.54    8.47
-163267.715    56.606    -1.67    8.97
-162978.362    56.061    -1.88    8.74
-162689.006    55.958    -0.35    9.54
-162399.647    54.200    -6.08   10.30
-162110.284    52.433    -6.11    9.96
-161820.918    49.907    -8.73    9.52
-161531.549    49.313    -2.05    9.02
-161242.176    49.637     1.12    9.00
-160952.800    49.620    -0.06    7.21
-160663.421    51.917     7.94    8.36
-160374.038    54.727     9.71    9.09
-160084.652    58.583    13.33    8.38
-159795.263    62.209    12.53    9.84
-159505.870    63.950     6.02    9.44
-159216.475    64.583     2.19    9.60
-158927.075    64.233    -1.21    9.30
-158637.673    62.600    -5.64    9.64
-158348.267    60.795    -6.24    9.85
-158058.858    59.755    -3.59    9.68
-157769.445    57.261    -8.62    5.44
-157480.029    57.302     0.14    4.30
-157190.610    57.548     0.85    4.51
-156901.188    58.658     3.83    5.32
-156611.762    60.054     4.83    5.97
-156322.333    61.960     6.58    6.08
-156032.900    63.383     4.92    5.78
-155743.465    65.247     6.44    5.07
-155454.025    66.283     3.58    5.10
-155164.583    67.692     4.87    5.90
-154875.137    68.749     3.65    5.35
-154585.688    69.909     4.01    4.86
-154296.235    71.433     5.27    4.99
-154006.779    72.300     2.99    4.60
-153717.320    73.658     4.69    5.63
-153427.858    75.433     6.13    6.75
-153138.392    75.882     1.55    7.13
-152848.922    76.077     0.68    7.78
-152559.450    75.237    -2.90    7.94
-152269.974    74.692    -1.88    8.37
-151980.495    73.925    -2.65    9.49
-151691.012    71.487    -8.42    9.31
-151401.526    68.264   -11.13    9.28
-151112.036    64.608   -12.63    8.98
-150822.544    62.094    -8.68    8.14
-150533.048    60.017    -7.18    7.10
-150243.548    58.830    -4.10    6.51
-149954.045    57.942    -3.07    4.91
-149664.539    59.366     4.92    5.47
-149375.030    62.433    10.60    9.34
-149085.517    64.800     8.17    9.85
-148796.000    68.205    11.76   11.21
-148506.481    71.683    12.01   11.19
-148216.958    75.451    13.01   11.68
-147927.431    78.288     9.80   14.31
-147637.901    79.067     2.69   14.49
-147348.368    76.733    -8.06   15.06
-147058.832    75.037    -5.86   15.06
-146769.292    73.644    -4.81   14.49
-146479.748    71.367    -7.86   12.97
-146190.202    68.027   -11.54    8.89
-145900.652    66.546    -5.11    6.64
-145611.098    66.027    -1.79    5.94
-145321.541    65.571    -1.57    5.06
-145031.981    65.882     1.07    4.96
-144742.418    66.658     2.68    5.66
-144452.851    68.040     4.77    5.56
-144163.280    68.640     2.07    5.97
-143873.706    69.094     1.57    5.74
-143584.129    68.907    -0.65    5.31
-143294.549    69.298     1.35    5.34
-143004.965    70.417     3.87    4.76
-142715.377    70.654     0.82    4.46
-142425.953    71.900     4.31    4.73
-142137.095    72.933     3.58    4.44
-141848.233    74.433     5.19    4.39
-141559.368    75.300     3.00    4.11
-141270.499    76.552     4.33    4.56
-140981.627    77.950     4.84    5.22
-140692.751    80.784     9.81   10.71
-140403.873    94.983    49.15   35.97
-140114.990   123.701    99.41   71.12
-139826.105   148.740    86.67   81.05
-139537.216   162.900    49.01   77.71
-139248.323   177.155    49.34   77.88
-138959.427   186.140    31.10   78.54
-138670.528   175.778   -35.87   78.63
-138381.626   158.767   -58.88   72.62
-138092.720   141.606   -59.40   64.53
-137803.810   145.155    12.28   76.10
-137514.897   160.717    53.86  101.37
-137225.981   188.451    95.99  127.14
-136937.061   200.658    42.25  130.54
-136648.138   204.864    14.56  126.34
-136359.212   203.515    -4.67  121.90
-136070.282   195.071   -29.22  117.68
-135781.349   168.067   -93.46  107.14
-135492.412   143.123   -86.33   92.41
-135203.472   122.976   -69.73   84.43
-134914.529   100.191   -78.85   71.06
-134625.582    83.983   -56.09   53.29
-134336.631    71.204   -44.23   35.85
-134047.678    61.311   -34.24    7.87
-133758.720    61.158    -0.53    7.57
-133469.760    62.366     4.18    7.35
-133180.796    63.783     4.91    7.29
-132891.828    64.647     2.99    6.56
-132602.858    64.744     0.34    5.66
-132313.883    65.283     1.87    5.70
-132024.906    64.658    -2.17    5.89
-131735.925    63.614    -3.61    6.06
-131446.940    62.800    -2.82    6.21
-131157.952    62.400    -1.38    6.23
-130868.961    61.950    -1.56    6.71
-130579.966    61.158    -2.74    6.46
-130290.967    61.817     2.28    6.78
-130001.966    61.778    -0.13    7.13
-129712.960    61.253    -1.82    8.04
-129423.952    59.614    -5.67    7.38
-129134.940    59.451    -0.56    7.09
-128845.924    58.830    -2.15    6.86
-128556.905    59.556     2.51    7.52
-128267.883    60.200     2.23    7.61
-127978.857    61.823     5.62    7.20
-127689.828    63.466     5.68    7.24
-127400.795    65.071     5.55    7.10
-127111.759    64.140    -3.22    7.39
-126822.719    63.133    -3.48    7.19
-126533.676    62.789    -1.19    6.58
-126244.630    62.000    -2.73    7.12
-125955.580    61.626    -1.29    7.63
-125666.526    61.985     1.24    7.41
-125377.469    62.468     1.67    6.95
-125088.409    64.179     5.92    6.44
-124799.345    65.056     3.03    5.61
-124510.278    64.933    -0.43    5.40
-124221.207    64.722    -0.73    4.85
-123932.133    64.183    -1.86    4.86
-123643.055    63.620    -1.95    5.38
-123353.974    62.950    -2.32    5.09
-123064.890    62.467    -1.67    5.71
-122775.801    61.659    -2.79    5.41
-122486.710    61.504    -0.54    5.76
-122197.615    61.083    -1.45    5.67
-121908.516    60.330    -2.61    5.67
-121619.414    59.925    -1.40    5.64
-121330.309    58.982    -3.26    6.22
-121041.200    58.654    -1.13    5.99
-120752.088    58.179    -1.64    5.62
-120462.972    58.576     1.37    6.41
-120173.852    57.691    -3.06    6.57
-119884.729    56.267    -4.93    6.06
-119595.603    56.267     0.00    6.37
-119306.473    55.778    -1.69    6.80
-119017.340    55.666    -0.39    6.62
-118728.203    55.850     0.64    6.77
-118439.063    56.158     1.06    6.38
-118149.919    57.401     4.30    5.35
-117860.772    57.502     0.35    4.77
-117571.621    57.606     0.36    4.18
-117282.467    56.951    -2.27    4.58
-116993.309    55.967    -3.40    4.24
-116704.148    54.767    -4.15    4.55
-116414.983    53.209    -5.39    4.66
-116125.815    50.917    -7.93    4.67
-115836.643    49.166    -6.06    5.75
-115547.468    47.399    -6.11    6.98
-115258.289    43.167   -14.63   11.27
-114969.107    39.850   -11.47   12.37
-114679.921    36.111   -12.93   13.00
-114390.731    32.648   -11.97   12.11
-114101.539    27.450   -17.97   12.91
-113812.342    22.864   -15.86   11.67
-113523.142    21.627    -4.28   11.75
-113233.939    22.450     2.85   11.95
-112944.732    22.433    -0.06   12.10
-112655.522    24.179     6.04   13.69
-112366.308    27.576    11.75   15.70
-112077.091    31.333    12.99   15.04
-111787.870    35.150    13.20   13.15
-111498.645    36.530     4.77   12.98
-111209.417    38.567     7.04   11.41
-110920.186    41.041     8.55    8.04
-110630.951    41.111     0.24    7.39
-110341.712    42.209     3.80    5.99
-110052.470    43.647     4.97    6.36
-109763.224    45.603     6.76    6.15
-109473.975    47.485     6.51    6.17
-109184.722    49.502     6.97    6.92
-108895.466    52.158     9.18    6.51
-108606.206    53.317     4.01    5.96
-108316.943    53.654     1.17    5.92
-108027.676    54.267     2.12    6.54
-107738.406    53.697    -1.97    6.66
-107449.132    52.364    -4.60    6.92
-107159.854    50.967    -4.83    6.27
-106870.573    50.061    -3.13    6.66
-106581.289    49.150    -3.15    6.15
-106292.001    48.773    -1.30    5.41
-106002.709    50.722     6.74    7.74
-105713.414    51.968     4.31    7.55
-105424.115    53.843     6.48   10.41
-105134.813    54.483     2.21    9.64
-104845.507    54.192    -1.00    6.02
-104556.197    55.535     4.64    5.96
-104266.885    58.671    10.84    9.94
-103977.568    60.683     6.96    9.90
-103688.248    65.283    15.90   12.55
-103398.924    68.499    11.11   11.77
-103109.597    71.167     9.22   10.34
-102820.266    72.784     5.59    7.77
-102530.932    73.600     2.82    7.54
-102241.594    73.778     0.62    6.85
-101952.252    72.499    -4.42    6.61
-101662.907    70.891    -5.56    7.27
-101373.559    69.267    -5.61    6.96
-101084.207    69.106    -0.56    6.24
-100794.851    69.486     1.31    6.39
-100505.492    70.942     5.03    7.15
-100216.129    71.483     1.87    7.18
 -99926.762    72.974     5.15    6.73
 -99637.392    73.123     0.51    6.81
 -99348.018    73.192     0.24    6.83
 -99058.641    72.200    -3.43    7.23
 -98769.260    70.891    -4.52    7.60
 -98479.876    70.155    -2.54    7.63
 -98190.488    71.037     3.05    9.38
 -97901.097    72.027     3.42   12.12
 -97611.701    74.778     9.51   12.38
 -97322.303    78.089    11.44   14.42
 -97032.900    80.269     7.53   13.37
 -96743.494    81.347     3.72   13.14
 -96454.085    82.705     4.69   14.75
 -96164.672    81.633    -3.70   15.19
 -95875.255    80.767    -2.99   15.28
 -95585.835    82.942     7.52   19.47
 -95296.411    84.167     4.23   20.52
 -95006.983    86.335     7.49   21.97
 -94717.552    85.864    -1.63   21.17
 -94428.118    84.583    -4.43   19.27
 -94138.679    83.761    -2.84   19.06
 -93849.237    80.450   -11.44   15.99
 -93559.792    77.450   -10.36   15.68
 -93270.343    74.010   -11.89   16.03
 -92980.890    69.158   -16.76   10.24
 -92691.434    67.311    -6.38    9.37
 -92401.974    66.155    -3.99    7.30
 -92112.510    66.800     2.23    8.34
 -91823.043    69.288     8.60   16.25
 -91533.572    69.589     1.04   13.53
 -91244.098    70.382     2.74   13.09
 -90954.620    70.283    -0.34   11.91
 -90665.138    70.020    -0.91    7.80
 -90375.653    75.040    17.34   18.15
 -90086.164    81.778    23.28   32.63
 -89796.671   105.077    80.48   67.63
 -89507.175   123.349    63.11   85.11
 -89217.675   160.942   129.85  111.91
 -88928.172   205.659   154.46  135.16
 -88638.665   247.244   143.64  138.89
 -88349.154   315.500   235.76  153.42
 -88059.640   367.700   180.30  145.95
 -87770.122   410.332   147.25  125.04
 -87480.600   445.959   123.05   92.30
 -87191.075   461.179    52.57   70.40
 -86901.546   473.368    42.10   52.68
 -86612.014   470.697    -9.23   39.40
 -86322.478   469.700    -3.44   30.28
 -86032.938   473.227    12.18   33.49
 -85743.395   480.204    24.10   45.49
 -85453.848   490.800    36.59   50.06
 -85164.297   500.891    34.85   53.42
 -84874.743   510.416    32.90   53.20
 -84585.185   519.363    30.90   51.89
 -84295.623   523.663    14.85   48.25
 -84006.058   525.850     7.55   45.16
 -83716.489   529.611    12.99   42.26
 -83426.916   536.620    24.20   44.39
 -83137.340   541.244    15.97   48.84
 -82847.760   550.959    33.55   57.12
 -82558.176   561.002    34.68   63.40
 -82268.589   570.089    31.38   68.04
 -81978.998   578.089    27.62   73.17
 -81689.404   579.295     4.17   75.07
 -81399.805   575.330   -13.69   75.90
 -81110.204   574.433    -3.10   76.15
 -80820.598   576.191     6.07   83.27
 -80530.989   586.037    33.99   93.65
 -80241.376   574.750   -38.97   97.50
 -79952.520   566.485   -28.61  102.14
 -79663.689   541.230   -87.44  120.58
 -79374.855   507.010  -118.47  120.90
 -79086.017   479.552   -95.06  120.05
 -78797.175   426.466  -183.79  110.68
 -78508.329   384.416  -145.58  102.70
 -78219.480   346.450  -131.44   97.48
 -77930.627   301.882  -154.29   86.75
 -77641.770   278.740   -80.11   76.50
 -77352.910   245.867  -113.80   54.20
 -77064.046   228.183   -61.22   40.14
 -76775.179   216.658   -39.90   32.44
 -76486.308   213.364   -11.40   33.31
 -76197.433   206.950   -22.20   26.06
 -75908.554   206.230    -2.49   22.69
 -75619.672   201.611   -15.99   24.12
 -75330.786   197.094   -15.63   29.28
 -75041.897   187.985   -31.53   38.18
 -74753.003   178.933   -31.33   43.06
 -74464.107   167.399   -39.93   42.81
 -74175.206   156.696   -37.05   47.20
 -73886.302   142.899   -47.75   50.65
 -73597.394   127.772   -52.36   48.76
 -73308.482   117.502   -35.55   43.54
 -73019.567   116.883    -2.14   44.25
 -72730.648   115.079    -6.25   44.27
 -72441.725   112.077   -10.39   43.68
 -72152.799   111.017    -3.67   41.79
 -71863.869   111.679     2.29   42.63
 -71574.935   103.658   -27.76   39.72
 -71285.998    94.367   -32.15   34.37
 -70997.057    86.183   -28.32   25.36
 -70708.112    79.724   -22.36   18.94
 -70419.164    76.002   -12.88   14.50
 -70130.212    75.733    -0.93   15.66
 -69841.256    72.819   -10.08    7.96
 -69552.296    73.024     0.71    7.81
 -69263.333    73.433     1.42    7.75
 -68974.366    73.499     0.23    7.97
 -68685.395    74.654     4.00    8.34
 -68396.421    76.862     7.64    9.49
 -68107.443    79.533     9.24    9.27
 -67818.461    81.468     6.69    8.18
 -67529.476    82.794     4.59    7.15
 -67240.487    85.083     7.92    7.58
 -66951.494    87.106     7.00   13.03
 -66662.497    86.727    -1.31   14.21
 -66373.497    85.554    -4.06   15.01
 -66084.493    83.647    -6.60   15.18
 -65795.485    82.128    -5.25   15.41
 -65506.474    78.133   -13.82    9.24
 -65217.459    74.778   -11.61    6.58
 -64928.440    73.209    -5.43    6.91
 -64639.417    72.565    -2.23    7.00
 -64350.391    73.366     2.77    8.40
 -64061.361    73.850     1.68    8.85
 -63772.327    74.719     3.01    9.66
 -63483.290    78.451    12.91   11.59
 -63194.248    82.976    15.66   15.47
 -62905.203    90.892    27.39   24.04
 -62616.155   100.188    32.16   30.82
 -62327.102   112.640    43.08   45.32
 -62038.046   121.817    31.75   50.65
 -61748.986   122.089     0.94   46.17
 -61459.923   123.650     5.40   44.41
 -61170.855   116.533   -24.62   28.19
 -60881.784   113.500   -10.49   20.02
 -60592.710   110.384   -10.78   12.86
 -60303.631   107.692    -9.31    8.31
 -60014.549   105.617    -7.18    6.49
 -59725.463   105.227    -1.35    7.20
 -59436.373   105.499     0.94    7.70
 -59147.279   105.767     0.93    7.52
 -58858.182   105.061    -2.44    7.43
 -58569.081   103.778    -4.44    8.07
 -58279.976   103.837     0.20    8.45
 -57990.868   104.220     1.33    8.79
 -57701.756   104.417     0.68    8.71
 -57412.640   104.046    -1.28    8.83
 -57123.520   105.244     4.14   10.05
 -56834.396   106.761     5.25   10.40
 -56545.269   109.633     9.93   10.33
 -56256.138   112.313     9.27   10.53
 -55967.003   114.204     6.54    9.96
 -55677.864   115.864     5.74    8.58
 -55388.722   117.247     4.78    7.61
 -55099.576   118.037     2.73    6.58
 -54810.426   117.817    -0.76    7.23
 -54521.272   118.062     0.85    6.28
 -54232.115   118.864     2.77    5.29
 -53942.954   120.067     4.16    4.18
 -53653.789   120.857     2.73    3.69
 -53364.620   120.925     0.23    4.10
 -53075.448   119.128    -6.21    6.86
 -52786.271   117.755    -4.75    8.61
 -52497.091   115.269    -8.60    9.58
 -52207.908   112.293   -10.29    9.50
 -51918.720   110.033    -7.81    8.30
 -51629.529   108.819    -4.20    7.32
 -51340.333   108.321    -1.72    6.30
 -51051.134   109.067     2.58    4.47
 -50761.932   109.033    -0.12    2.95
 -50472.725   109.054     0.07    2.90
 -50183.515   109.071     0.06    2.24
 -49894.301   109.150     0.27    2.31
 -49605.083   109.383     0.80    2.18
 -49315.861   109.143    -0.83    2.36
 -49026.636   109.094    -0.17    2.20
 -48737.406   108.778    -1.09    2.27
 -48448.173   108.727    -0.18    2.15
 -48158.936   108.830     0.36    2.24
 -47869.696   109.319     1.69    2.44
 -47580.451   110.140     2.84    3.04
 -47291.203   111.366     4.24    3.48
 -47001.951   112.802     4.97    4.47
 -46712.695   113.550     2.59    4.03
 -46423.435   114.417     3.00    4.39
 -46134.172   114.077    -1.17    3.11
 -45844.905   113.950    -0.44    3.30
 -45555.633   113.556    -1.36    3.09
 -45266.359   113.806     0.86    3.09
 -44977.080   114.083     0.96    2.70
 -44687.797   114.499     1.44    2.65
 -44398.511   115.046     1.89    3.05
 -44109.221   114.744    -1.05    3.88
 -43819.927   113.883    -2.97    5.23
 -43530.629   112.451    -4.95    6.85
 -43241.327   110.046    -8.31    8.23
 -42952.022   107.483    -8.86    9.53
 -42662.713   105.317    -7.49    9.28
 -42373.399   103.882    -4.96    8.20
 -42084.083   103.755    -0.44    7.92
 -41794.762   103.950     0.67    7.37
 -41505.437   103.502    -1.55    7.13
 -41216.109   102.567    -3.23    6.81
 -40926.777   102.017    -1.90    6.64
 -40637.440   101.451    -1.96    6.98
 -40348.101   101.054    -1.37    6.58
 -40058.757   100.209    -2.92    6.36
 -39769.409    99.565    -2.23    6.50
 -39480.058    99.313    -0.87    6.88
 -39190.702    98.400    -3.15    7.14
 -38901.343    97.148    -4.33    6.93
 -38611.980    93.705   -11.90   10.26
 -38322.614    87.983   -19.77   14.76
 -38033.243    82.518   -18.89   16.11
 -37743.869    76.772   -19.86   15.83
 -37454.490    72.862   -13.51   14.83
 -37165.108    70.484    -8.22   12.33
 -36875.722    68.100    -8.24   10.21
 -36586.332    68.116     0.05   10.94
 -36296.938    69.465     4.66   12.31
 -36007.541    72.552    10.67   18.33
 -35718.139    77.094    15.70   25.22
 -35428.734    81.291    14.50   26.51
 -35139.325    87.909    22.87   28.77
 -34849.912    92.500    15.86   27.13
 -34560.495    92.611     0.38   24.17
 -34271.074    90.840    -6.12   18.04
 -33981.650    91.148     1.06   12.92
 -33692.221    92.950     6.23   12.60
 -33402.789    98.209    18.17   19.10
 -33113.352   102.351    14.31   19.74
 -32823.912   109.692    25.36   20.28
 -32534.468   115.727    20.85   23.48
 -32245.021   120.968    18.11   27.58
 -31955.569   127.200    21.53   27.71
 -31666.113   132.050    16.76   29.32
 -31376.654   138.985    23.96   30.76
 -31087.191   137.383    -5.53   26.15
 -30797.723   134.701    -9.27   26.68
 -30508.252   134.347    -1.22   26.40
 -30218.777   131.700    -9.14   26.64
 -29929.298   126.300   -18.65   27.57
 -29639.816   119.159   -24.67   26.46
 -29350.329   112.791   -22.00   24.98
 -29060.839   112.617    -0.60   31.73
 -28771.344   112.071    -1.88   33.04
 -28481.846   115.224    10.89   41.55
 -28192.344   114.351    -3.01   42.70
 -27902.838   107.450   -23.84   37.54
 -27613.328    97.213   -35.36   29.66
 -27323.814    86.100   -38.38   25.52
 -27034.296    77.300   -30.40   25.05
 -26744.774    67.044   -35.43   21.36
 -26455.249    58.933   -28.01   15.32
 -26165.719    53.283   -19.51   12.00
 -25876.186    49.537   -12.94    9.51
 -25586.649    47.247    -7.91    6.45
 -25297.107    45.744    -5.19    5.89
 -25007.562    44.728    -3.51    5.29
 -24718.013    43.864    -2.98    4.87
 -24428.460    42.416    -5.00    5.49
 -24138.904    41.520    -3.10    5.32
 -23849.343    40.586    -3.22    5.20
 -23559.778    39.974    -2.11    5.20
 -23270.210    39.502    -1.63    5.84
 -22980.637    40.017     1.78    6.57
 -22691.061    39.847    -0.59    7.14
 -22401.480    40.089     0.83    7.67
 -22111.896    39.532    -1.92    8.43
 -21822.308    38.883    -2.24    8.28
 -21532.716    37.950    -3.22    8.13
 -21243.120    36.469    -5.11    7.85
 -20953.520    34.800    -5.76    6.98
 -20663.916    33.626    -4.05    6.37
 -20374.308    31.804    -6.29    6.25
 -20084.697    30.683    -3.87    7.02
 -19795.081    28.850    -6.33    7.82
 -19505.461    27.077    -6.12    8.01
 -19215.838    25.330    -6.03    7.98
 -18926.210    23.450    -6.49    8.08
 -18636.579    21.688    -6.09    8.80
 -18346.944    20.014    -5.78    8.74
 -18057.304    18.111    -6.57    7.84
 -17768.258    16.347    -6.10    6.79
 -17479.463    14.298    -7.10    6.03
 -17190.664    12.968    -4.60    4.99
 -16901.861    12.597    -1.28    4.29
 -16613.053    11.692    -3.13    4.82
 -16324.242    10.552    -3.95    6.32
 -16035.428     9.347    -4.17    7.07
 -15746.609     8.027    -4.57    7.65
 -15457.786     6.756    -4.40    8.17
 -15168.959     5.283    -5.10    7.89
 -14880.129     3.810    -5.10    7.21
 -14591.294     2.276    -5.31    6.02
 -14302.455     1.364    -3.15    4.88
 -14013.613     0.597    -2.66    3.67
 -13724.767     0.167    -1.49    2.63
 -13435.916    -0.272    -1.52    1.22
 -13147.062    -0.256     0.05    1.25
 -12858.204     0.567     2.85    3.96
 -12569.342     2.381     6.28    5.72
 -12280.476     4.007     5.63    6.44
 -11991.606     6.133     7.36    6.82
 -11702.732     8.286     7.45    6.39
 -11413.854    10.833     8.82    4.89
 -11124.972    12.258     4.93    3.48
 -10836.086    12.100    -0.55    3.04
 -10547.197    12.451     1.21    3.11
 -10258.303    12.565     0.39    2.98
  -9969.405    12.117    -1.55    2.89
  -9680.504    11.400    -2.48    2.78
  -9391.598    11.968     1.97    3.83
  -9102.689    13.778     6.27    5.58
  -8813.775    16.217     8.44    7.72
  -8524.858    19.349    10.84    9.49
  -8235.936    24.127    16.54   11.48
  -7947.011    30.722    22.82   12.49
  -7658.082    37.899    24.84   13.80
  -7369.148    45.302    25.62   15.46
  -7080.211    50.857    19.23   14.78
  -6791.270    56.024    17.88   12.02
  -6502.325    60.330    14.90    9.22
  -6213.376    61.416     3.76    8.05
  -5924.422    59.899    -5.25   10.19
  -5635.465    55.532   -15.11   13.58
  -5346.504    48.876   -23.03   15.85
  -5057.539    41.537   -25.40   17.62
  -4768.570    29.671   -41.06   18.38
  -4479.597    20.733   -30.93   17.38
  -4190.620    13.267   -25.84   15.29
  -3901.639     7.179   -21.07   11.69
  -3612.654     4.040   -10.86    8.21
  -3323.665     3.283    -2.62    5.97
  -3034.673     4.278     3.44    5.65
  -2745.676     6.183     6.59    5.23
  -2456.675     8.261     7.19    4.23
  -2167.670     9.696     4.96    2.83
  -1878.661     9.583    -0.39    3.65
  -1589.648     8.518    -3.69    4.87
  -1300.631     6.727    -6.20    5.71
  -1011.610     5.158    -5.43    6.26
   -722.586     3.171    -6.87    6.21
   -433.557     1.600    -5.44    5.57
   -144.524     1.595    -0.02    6.32
    144.513     3.658     7.14    9.17
    433.554     6.709    10.56   10.58
    722.599     8.520     6.26   10.67
   1011.647    11.162     9.14   10.12
   1300.700    13.761     8.99    9.54
   1589.757    16.089     8.05    8.86
   1878.818    17.179     3.77    9.80
   2167.883    17.362     0.63    9.32
   2456.952    18.550     4.11    9.74
   2746.025    18.562     0.04    8.58
   3035.102    17.550    -3.50    7.36
   3324.183    16.517    -3.57    4.39
   3613.267    16.872     1.23    3.96
   3902.356    16.133    -2.55    4.82
   4191.449    14.882    -4.33    5.23
   4480.546    13.982    -3.11    5.23
   4769.647    13.643    -1.17    5.13
   5058.752    12.976    -2.31    5.01
   5347.862    12.942    -0.12    5.25
   5636.975    12.933    -0.03    5.18
   5926.092    12.869    -0.22    5.21
   6215.213    13.133     0.91    5.72
   6504.338    13.319     0.64    5.88
   6793.467    13.027    -1.01    6.08
   7082.601    12.864    -0.56    6.52
   7371.738    12.150    -2.47    6.50
   7660.879    11.295    -2.96    5.88
   7950.025    10.450    -2.92    5.88
   8239.174     9.123    -4.59    5.19
   8528.327     7.847    -4.41    3.97
   8817.485     7.244    -2.09    3.20
   9106.646     6.900    -1.19    2.57
   9395.812     6.778    -0.42    2.29
   9684.982     6.468    -1.07    2.43
   9974.155     7.017     1.90    2.27
  10263.333     7.485     1.62    2.22
  10552.515     7.571     0.30    2.40
  10841.701     7.761     0.66    2.33
  11130.890     7.993     0.80    2.32
  11420.084     8.111     0.41    1.83
  11709.282     7.626    -1.68    2.13
  11998.484     6.850    -2.68    2.57
  12287.690     5.784    -3.69    2.64
  12576.901     5.627    -0.54    2.43
  12866.115     5.533    -0.32    2.52
  13155.333     5.483    -0.18    2.71
  13444.555     5.882     1.38    3.00
  13733.782     6.761     3.04    2.70
  14023.012     7.501     2.56    2.56
  14312.247     8.230     2.52    2.07
  14601.485     8.530     1.04    1.67
  14890.728     7.717    -2.81    3.47
  15179.975     5.830    -6.52    4.96
  15469.226     4.451    -4.77    5.32
  15758.481     2.468    -6.85    5.40
  16047.740     0.876    -5.50    4.85
  16337.003    -0.446    -4.57    4.00
  16626.270    -1.685    -4.28    2.77
  16915.541    -2.118    -1.50    1.98
  17204.816    -2.517    -1.38    0.29
  17494.096    -1.679     2.89    2.72
  17783.379    -0.465     4.20    3.68
  18072.667     0.983     5.01    4.14
  18361.958     1.819     2.89    4.27
  18651.254     1.942     0.42    4.39
  18940.554     2.050     0.37    4.47
  19229.858     2.991     3.25    5.03
  19519.166     4.143     3.98    6.82
  19808.478     6.209     7.14    8.99
  20097.794     8.500     7.92   10.74
  20387.114    13.255    16.43   12.63
  20676.439    17.288    13.94   13.98
  20965.767    19.417     7.36   12.84
  21255.100    20.663     4.31   13.06
  21544.436    21.158     1.71   13.01
  21833.777    19.826    -4.60   11.57
  22123.122    21.367     5.32   11.29
  22412.471    20.382    -3.40    9.81
  22701.824    21.220     2.90    9.42
  22991.181    21.750     1.83    7.99
  23280.542    23.727     6.83    8.15
  23569.908    25.537     6.26    9.89
  23859.277    28.250     9.38   12.12
  24148.651    30.794     8.79   13.90
  24438.029    32.158     4.71   14.46
  24727.411    33.800     5.68   15.10
  25016.797    33.326    -1.64   13.87
  25306.187    34.261     3.23   12.94
  25595.581    34.138    -0.42   11.44
  25884.980    33.333    -2.78   11.38
  26174.382    34.191     2.96   11.32
  26463.789    35.219     3.55   11.12
  26753.199    35.733     1.78    9.91
  27042.614    36.347     2.12    7.36
  27332.033    37.545     4.14    7.14
  27621.456    38.663     3.86    6.67
  27910.884    39.667     3.47    6.58
  28200.315    41.705     7.04    6.82
  28489.751    43.328     5.61    6.07
  28779.190    44.067     2.55    5.55
  29068.634    45.145     3.73    4.61
  29358.082    45.433     1.00    4.54
  29647.534    46.983     5.35    5.16
  29936.990    48.261     4.41    6.37
  30226.451    50.755     8.62    8.25
  30515.915    55.606    16.76   10.99
  30805.384    59.647    13.96   12.43
  31094.857    61.451     6.23   11.82
  31384.334    62.778     4.59   12.52
  31673.815    63.761     3.39   14.32
  31963.300    64.933     4.05   17.96
  32252.790    64.369    -1.95   18.31
  32542.283    61.993    -8.21   16.86
  32831.781    61.150    -2.91   17.68
  33121.283    58.951    -7.60   14.10
  33410.789    57.451    -5.18   13.72
  33700.299    56.286    -4.02   13.13
  33989.814    55.750    -1.85   12.76
  34279.332    53.885    -6.44   12.55
  34568.855    52.661    -4.23   12.99
  34858.382    49.433   -11.15   12.88
  35147.913    47.076    -8.14   12.29
  35437.448    45.337    -6.01   12.06
  35726.987    42.983    -8.13   11.27
  36016.531    40.483    -8.64    8.44
  36306.079    37.675    -9.70    4.83
  36595.630    36.916    -2.62    4.65
  36885.186    36.350    -1.96    4.49
  37174.747    35.727    -2.15    4.08
  37464.311    36.565     2.89    4.37
  37753.880    37.535     3.35    4.89
  38043.453    39.951     8.34    5.93
  38333.030    42.295     8.10    7.14
  38622.611    45.882    12.38    7.35
  38912.196    49.319    11.87    8.01
  39201.786    52.589    11.29    7.61
  39491.379    56.383    13.10    8.37
  39780.977    58.968     8.93    9.19
  40070.579    62.150    10.99    9.87
  40360.186    63.243     3.77    9.60
  40649.796    63.417     0.60    9.20
  40939.411    62.717    -2.42    8.84
  41229.030    63.188     1.63    9.85
  41518.653    62.705    -1.67    9.95
  41808.280    61.833    -3.01   10.06
  42097.911    60.562    -4.39   10.21
  42387.547    59.164    -4.83   10.13
  42677.187    57.264    -6.56   10.85
  42966.831    54.000   -11.27    9.80
  43256.479    50.505   -12.07    7.24
  43546.132    48.272    -7.71    7.14
  43835.789    46.483    -6.18    7.20
  44125.449    44.761    -5.95    6.99
  44414.721    44.675    -0.30    8.50
  44703.483    43.709    -3.34    8.78
  44992.249    44.050     1.18    9.30
  45281.019    43.020    -3.57    8.20
  45569.793    41.860    -4.02    6.63
  45858.572    40.744    -3.86    5.35
  46147.354    40.123    -2.15    3.21
  46436.141    40.123     0.00    3.30
  46724.932    40.250     0.44    3.21
  47013.727    40.155    -0.33    3.16
  47302.527    39.985    -0.59    2.80
  47591.330    39.733    -0.87    2.63
  47880.138    39.416    -1.10    2.54
  48168.950    38.813    -2.09    2.45
  48457.766    38.728    -0.29    2.40
  48746.587    38.767     0.13    2.38
  49035.411    39.191     1.47    2.37
  49324.240    39.784     2.05    3.00
  49613.073    40.850     3.69    3.45
  49901.911    41.837     3.42    3.77
  50190.752    43.143     4.52    3.81
  50479.598    44.467     4.58    3.96
  50768.448    45.597     3.91    3.70
  51057.302    46.968     4.74    3.13
  51346.160    47.399     1.49    3.11
  51635.023    47.900     1.73    3.28
  51923.889    49.278     4.77    3.73
  52212.760    51.335     7.12    5.32
  52501.635    53.150     6.28    7.16
  52790.515    56.313    10.95    9.55
  53079.398    58.951     9.13   12.28
  53368.286    61.175     7.70   11.69
  53657.178    63.728     8.84   12.70
  53946.075    64.951     4.23   12.05
  54234.975    65.167     0.75    9.13
  54523.880    65.554     1.34    7.32
  54812.789    67.213     5.74    6.76
  55101.702    68.630     4.90    6.25
  55390.620    69.467     2.90    6.28
  55679.541    71.450     6.86    6.85
  55968.467    72.183     2.54    6.75
  56257.398    72.867     2.37    7.33
  56546.332    72.450    -1.44    5.81
  56835.271    72.804     1.23    5.18
  57124.214    73.188     1.33    4.62
  57413.161    74.467     4.43    5.20
  57702.112    76.620     7.45    6.33
  57991.068    79.416     9.68    6.90
  58280.028    82.083     9.23    7.81
  58568.992    86.067    13.79    8.82
  58857.960    89.687    12.53    9.76
  59146.933    94.450    16.48   10.71
  59435.910    98.486    13.97   10.66
  59724.891   101.366     9.96   10.10
  60013.876   105.623    14.73   10.45
  60302.866   108.515    10.01   10.30
  60591.860   111.071     8.84    9.25
  60880.858   111.162     0.31   10.00
  61169.861   110.244    -3.18   11.55
  61458.867   108.196    -7.09   13.09
  61747.878   105.853    -8.11   13.10
  62036.894   104.417    -4.97   11.68
  62325.913   102.597    -6.30   10.18
  62614.937   101.784    -2.81    9.26
  62903.965   102.933     3.98    9.06
  63192.997   105.315     8.24    9.35
  63482.034   109.017    12.81    9.75
  63771.075   112.269    11.25    9.77
  64060.120   114.709     8.44   11.59
  64349.169   119.500    16.57   11.76
  64638.223   123.192    12.77   12.09
  64927.281   127.353    14.39   11.46
  65216.343   130.350    10.37   10.54
  65505.410   132.800     8.48    9.97
  65794.481   136.150    11.59   10.27
  66083.556   137.847     5.87   10.47
  66372.635   139.100     4.33   11.20
  66661.719   139.347     0.85   11.27
  66950.807   139.659     1.08   12.08
  67239.899   139.315    -1.19   12.06
  67528.996   139.010    -1.06   12.18
  67818.097   139.675     2.30   12.42
  68107.202   141.054     4.77   11.46
  68396.312   142.283     4.25   10.88
  68685.425   143.750     5.07   10.22
  68974.543   145.046     4.48   10.53
  69263.666   145.196     0.52   10.82
  69552.793   144.537    -2.28   10.81
  69841.923   141.027   -12.14   11.66
  70131.059   136.010   -17.35   13.58
  70420.198   132.583   -11.85   13.34
  70709.342   129.571   -10.42   12.54
  70998.491   127.133    -8.43   10.60
  71287.643   127.213     0.28   10.00
  71576.800   128.900     5.83   10.88
  71865.961   131.089     7.57   11.01
  72155.127   133.128     7.05   11.12
  72444.296   135.840     9.38   10.57
  72733.470   138.833    10.35   11.07
  73022.649   142.700    13.37   12.22
  73311.832   148.364    19.59   15.23
  73601.019   154.712    21.95   16.94
  73890.210   161.000    21.74   16.75
  74179.406   166.451    18.85   14.24
  74468.606   169.738    11.37   12.35
  74757.810   173.709    13.73   11.98
  75047.019   176.843    10.84   11.78
  75336.232   179.705     9.89   10.79
  75625.449   181.958     7.79   10.85
  75914.671   184.261     7.96    9.98
  76203.897   188.281    13.90    9.52
  76493.127   191.696    11.81   10.62
  76782.362   195.850    14.36   10.67
  77071.601   199.550    12.79    9.83
  77360.845   203.732    14.46    7.61
  77650.092   205.813     7.19    5.49
  77939.344   206.620     2.79    4.18
  78228.601   206.712     0.32    2.93
  78517.862   205.546    -4.03    3.78
  78807.127   204.071    -5.10    4.70
  79096.396   201.683    -8.26    4.58
  79385.670   200.227    -5.04    4.53
  79674.948   198.833    -4.82    3.98
  79964.231   197.217    -5.59    3.72
  80253.517   195.991    -4.24    4.52
  80542.809   194.319    -5.78    5.49
  80832.104   192.968    -4.67    6.13
  81121.404   190.683    -7.90    7.15
  81410.708   187.520   -10.94    8.57
  81700.017   183.724   -13.12    9.33
  81989.330   179.891   -13.25    9.44
  82278.648   175.433   -15.41    9.22
  82567.969   171.244   -14.48    8.26
  82857.295   167.135   -14.20    7.55
  83146.626   163.691   -11.90    7.22
  83435.961   160.533   -10.92    7.30
  83725.300   157.853    -9.26    7.70
  84014.644   155.061    -9.65    8.03
  84303.992   152.433    -9.08    7.89
  84593.344   149.900    -8.76    7.56
  84882.701   147.767    -7.37    6.57
  85172.062   146.900    -3.00    6.66
  85461.427   146.502    -1.37    6.45
  85750.797   147.233     2.53    7.89
  86040.171   148.675     4.98    8.16
  86329.550   151.466     9.65    9.02
  86618.933   154.696    11.16    9.33
  86908.321   157.925    11.16    9.30
  87197.712   162.267    15.00    9.24
  87487.109   166.400    14.28    9.78
  87776.509   169.650    11.23    8.72
  88065.914   172.140     8.60    7.87
  88355.323   173.821     5.81    7.47
  88644.737   173.614    -0.71    7.95
  88934.155   171.535    -7.18    8.70
  89223.578   169.175    -8.16    8.69
  89513.005   166.830    -8.10    6.39
  89802.436   166.876     0.16    5.99
  90091.872   168.128     4.33    6.22
  90381.312   171.073    10.17    8.25
  90670.757   174.795    12.86   10.09
  90960.206   180.366    19.24   11.76
  91249.659   186.417    20.91   12.11
  91539.117   192.467    20.90   11.96
  91828.579   197.827    18.52   10.50
  92118.046   202.273    15.36    8.29
  92407.517   204.830     8.83    6.20
  92696.992   206.467     5.66    4.90
  92986.472   207.663     4.13    4.66
  93275.956   208.337     2.33    4.40
  93565.445   208.364     0.10    4.45
  93854.938   207.100    -4.37    6.06
  94144.436   205.874    -4.24    7.65
  94433.937   204.133    -6.01    9.45
  94723.444   202.633    -5.18   10.25
  95012.955   200.798    -6.34   11.18
  95302.470   198.617    -7.54   11.45
  95591.990   195.644   -10.27   11.88
  95881.514   193.077    -8.86   12.68
  96171.042   189.209   -13.36   12.48
  96460.575   184.532   -16.16   12.76
  96750.113   179.247   -18.25   12.35
  97039.654   173.554   -19.66   12.39
  97329.201   170.089   -11.97   11.84
  97618.751   166.298   -13.09   11.06
  97908.306   163.901    -8.28   10.96
  98197.866   162.083    -6.28   10.19
  98487.430   160.040    -7.06   10.22
  98776.999   158.037    -6.92    9.48
  99066.571   156.675    -4.70    9.04
  99356.149   155.217    -5.04    7.69
  99645.731   154.300    -3.17    6.15
  99935.317   153.579    -2.49    4.96
 100224.908   153.123    -1.57    4.45
 100514.503   154.217     3.78    4.68
 100804.102   154.872     2.26    4.57
 101093.706   157.237     8.17    6.01
 101383.315   159.874     9.11    7.13
 101672.928   162.138     7.82    7.71
 101962.545   164.993     9.86    8.48
 102252.167   168.658    12.65    9.39
 102541.794   171.565    10.04   10.15
 102831.425   176.485    16.99   10.27
 103121.060   180.466    13.75   11.24
 103410.700   184.900    15.31   11.33
 103700.344   190.071    17.85   11.01
 103989.993   193.537    11.96   10.75
 104279.646   198.054    15.60   10.46
 104569.303   202.450    15.18   10.83
 104858.966   207.071    15.96   10.45
 105148.632   211.733    16.10   10.23
 105438.303   215.227    12.06    9.52
 105727.979   219.620    15.17    8.38
 106017.659   223.204    12.37    7.71
 106307.343   226.900    12.76    6.62
 106596.874   229.941    10.50    6.28
 106885.601   232.505     8.88    5.81
 107174.333   235.150     9.16    4.93
 107463.069   237.298     7.44    4.44
 107751.810   238.449     3.99    3.52
 108040.555   239.595     3.97    2.89
 108329.305   240.000     1.40    2.54
 108618.059   239.942    -0.20    2.53
 108906.817   239.802    -0.49    2.51
 109195.580   238.867    -3.24    3.03
 109484.348   237.298    -5.43    4.10
 109773.119   235.322    -6.84    5.05
 110061.896   233.332    -6.89    5.05
 110350.677   231.451    -6.51    4.35
 110639.462   230.450    -3.46    3.49
 110928.252   230.589     0.48    3.44
 111217.046   231.466     3.04    4.06
 111505.844   233.399     6.69    4.60
 111794.648   236.067     9.24    4.15
 112083.455   237.813     6.05    4.28
 112372.267   239.806     6.90    4.05
 112661.084   241.821     6.97    4.43
 112949.905   244.067     7.78    4.57
 113238.731   246.106     7.06    4.56
 113527.561   247.854     6.06    4.10
 113816.395   249.196     4.65    3.58
 114105.234   250.350     4.00    3.17
 114394.078   251.321     3.36    3.17
 114682.926   251.869     1.90    3.06
 114971.778   251.951     0.28    2.89
 115260.635   251.367    -2.02    3.08
 115549.496   250.486    -3.05    3.54
 115838.362   249.567    -3.18    4.02
 116127.233   248.117    -5.02    4.34
 116416.108   246.322    -6.21    4.67
 116704.987   244.733    -5.50    4.81
 116993.871   242.755    -6.85    5.63
 117282.760   241.569    -4.10    6.40
 117571.653   238.692    -9.96    7.45
 117860.550   235.581   -10.77    8.44
 118149.452   231.976   -12.48    9.03
 118438.358   226.658   -18.41    9.31
 118727.269   222.175   -15.52    9.79
 119016.185   217.451   -16.35    8.67
 119305.105   215.304    -7.43    7.16
 119594.029   215.150    -0.53    6.84
 119882.958   216.321     4.05    8.04
 120171.892   219.240    10.11   10.03
 120460.830   224.916    19.64   11.48
 120749.772   230.671    19.92   10.52
 121038.719   234.517    13.31    8.55
 121327.671   237.138     9.07    5.92
 121616.627   238.416     4.42    4.11
 121905.588   238.467     0.18    3.71
 122194.553   237.399    -3.70    4.27
 122483.523   235.530    -6.47    4.69
 122772.497   233.950    -5.47    4.63
 123061.476   233.007    -3.26    4.08
 123350.459   232.647    -1.25    3.76
 123639.447   232.571    -0.26    3.72
 123928.439   233.583     3.50    3.70
 124217.436   234.864     4.43    4.06
 124506.437   236.614     6.05    4.32
 124795.443   238.162     5.36    3.73
 125084.454   239.552     4.81    3.66
 125373.469   240.640     3.77    3.86
 125662.488   242.223     5.48    3.81
 125951.512   243.804     5.47    3.78
 126240.541   245.000     4.14    3.47
 126529.574   245.917     3.17    3.33
 126818.612   247.298     4.78    3.20
 127107.654   248.089     2.74    3.02
 127396.701   248.806     2.48    3.49
 127685.752   249.383     2.00    3.86
 127974.808   249.614     0.80    4.31
 128263.869   249.778     0.57    4.63
 128552.934   250.283     1.75    5.29
 128842.004   250.864     2.01    4.84
 129131.078   251.188     1.12    4.48
 129420.156   251.007    -0.62    4.20
 129709.240   250.433    -1.98    3.68
 129998.328   249.350    -3.75    3.87
 130287.420   248.247    -3.82    3.84
 130576.517   247.050    -4.14    3.30
 130865.619   246.002    -3.62    3.06
 131154.725   245.545    -1.58    3.01
 131443.835   245.302    -0.84    3.00
 131732.951   244.857    -1.54    3.13
 132022.070   244.382    -1.64    3.23
 132311.195   243.295    -3.76    3.58
 132600.324   242.237    -3.66    3.54
 132889.457   241.252    -3.41    3.24
 133178.595   240.193    -3.66    2.71
 133467.738   239.382    -2.81    2.06
