#    8.006  -5.720  12.230 ;Mean Elev.(m), Avg Gradient(m/km), RMS Gradient(m/km) - SRTM1     
#    7.775  -6.038  12.873 ;Mean Elev.(m), Avg Gradient(m/km), RMS Gradient(m/km) - ASTER GDEM
#    8.086  -5.755  12.543 ;Mean Elev.(m), Avg Gradient(m/km), RMS Gradient(m/km) - GMTED2010 
   1 296.785053   8.302973    77.326    76.701  6 54664.96790461 16.931
   2 296.783682   8.303172    80.032    79.972  6 54674.88354882  3.167
   3 296.783402   8.302920   -21.219   -21.157  6 54684.79919201 17.885
   5 296.788522   8.302310   -31.565   -16.645  5 54704.63047407 22.228
   6 296.786634   8.302701    75.537    83.200  5 54714.54612529  6.742
   7 296.784038   8.301811    13.895    13.860  6 54724.46177587 44.495
   8 296.779840   8.301882    63.767    57.393  7 54734.37742378 23.686
   9 296.777634   8.299296    75.220    75.398  8 54744.29307094  3.603
  10 296.777240   8.298154    81.621    82.230  9 54754.20871738  4.865
  11 296.777796   8.299742    80.513    80.657  8 54764.12436245  2.419
  12 296.778912   8.300949    77.219    77.030  6 54774.04000498  3.605
  13 296.779330   8.302429    80.089    79.825  6 54783.95564485  2.254
  14 296.780603   8.301923    73.175    73.287  6 54793.87128347  4.357
  15 296.782831   8.302113    81.895    82.083  6 54803.78692148  5.424
  16 296.785868   8.301856    82.331    82.657  6 54813.70255948  3.813
  17 296.785833   8.302526    72.304    72.214  6 54823.61820405  7.607
  18 296.783042   8.301663    72.688    72.613  7 54833.53384467  6.376
  19 296.779663   8.301044    79.653    79.493  6 54843.44949502  3.591
  20 296.777659   8.299302    79.127    79.002  8 54853.36514445  6.858
  21 296.776912   8.297825    67.689    70.799  9 54863.28079345  9.142
  22 296.776952   8.296691    67.483    70.255  9 54873.19644208  8.574
  23 296.777098   8.297575    66.730    66.945 10 54883.11208799  7.720
  24 296.777432   8.297432    63.820    63.774  9 54893.02773072 11.741
  25 296.776430   8.298419    66.207    69.113  9 54902.94337046  7.646
  26 296.776139   8.298245    66.701    69.655  9 54912.85900940  6.955
  27 296.776874   8.297979    66.918    69.360  9 54922.77464784  7.704
  28 296.778516   8.300700    60.232    60.652  7 54932.69028513 10.831
  29 296.782176   8.302141    80.960    80.731  7 54942.60592112  1.583
  30 296.786261   8.302015    65.278    67.380  6 54952.52155557  9.438
  31 296.785183   8.302866    80.498    80.846  5 54962.43719856  2.387
  32 296.782845   8.301956    80.457    80.424  7 54972.35284711  2.482
  33 296.781720   8.302227    80.924    81.764  7 54982.26849420  3.998
  34 296.781873   8.302388     7.934     7.990  7 54992.18414099 26.223
  35 296.781498   8.302209    69.514    69.689  7 55002.09978704  3.041
  36 296.780793   8.301172    70.100    70.119  6 55012.01543141  8.767
  37 296.779644   8.302179    67.446    67.376  7 55021.93107398  5.422
  38 296.779719   8.301687    72.330    72.174  7 55031.84671627  4.456
  39 296.780716   8.301746    77.644    83.068  6 55041.76235805  7.108
  40 296.783393   8.302603    71.959    71.006  7 55051.67799850 12.086
  41 296.786271   8.301925    82.838    82.903  6 55061.59363715  7.887
  42 296.784920   8.303279    80.345    80.542  6 55071.50927972  8.264
  43 296.781623   8.301885    80.465    80.117  6 55081.42492861  2.954
  44 296.778586   8.301269    81.309    81.243  7 55091.34057546  7.301
  45 296.778038   8.298483    82.998    83.376  8 55101.25622213  2.215
  46 296.777706   8.299912    74.121    74.938  8 55111.17186743  9.044
  47 296.778405   8.302085    72.642    72.473  7 55121.08751064  5.989
  48 296.779669   8.301992    77.466    77.250  6 55131.00315162  2.682
  49 296.779682   8.302208    78.288    77.668  6 55140.91879059  3.565
  50 296.780216   8.301163    76.798    75.950  6 55150.83442942  8.094
  51 296.781810   8.302192    78.105    77.426  7 55160.75006827  6.727
  52 296.784567   8.303236    76.996    77.271  6 55170.66570697  6.629
  53 296.787829   8.302352    63.981    63.008  5 55180.58134473  8.524
  54 296.784642   8.303462    79.873    80.788  6 55190.49699294  3.443
  55 296.780700   8.301919    76.619    76.758  6 55200.41264366  4.417
  56 296.778519   8.299958    79.374    80.462  8 55210.32829369  3.443
  57 296.778380   8.298921    69.297    71.881  8 55220.24394302  5.906
  58 296.778365   8.298849    74.745    74.940  8 55230.15959101  3.133
  59 296.778256   8.299943    76.203    75.725  7 55240.07523552  3.376
  60 296.777898   8.298686    76.522    76.635  9 55249.99087685  3.198
  61 296.776965   8.297492    73.610    73.601  9 55259.90651604  3.310
  62 296.777063   8.297618    71.649    74.457  9 55269.82215452  6.255
  63 296.778112   8.299905    76.937    76.582  7 55279.73779275  3.003
  64 296.780696   8.302103    77.360    77.182  7 55289.65342994  4.844
  65 296.784470   8.302961    71.552    71.819  6 55299.56906514 18.918
  66 296.784151   8.301704    79.375    80.955  6 55309.48471040  7.337
  67 296.781509   8.301710    79.129    79.152  6 55319.40035620  2.402
  68 296.779135   8.302519    75.992    75.879  6 55329.31600048  5.415
  69 296.779372   8.301518    77.134    76.840  6 55339.23164476  3.152
  70 296.780990   8.301404    75.738    76.769  7 55349.14728856 21.115
  71 296.782136   8.302631    77.414    77.767  7 55359.06293006  7.410
  72 296.782471   8.302185    79.704    78.536  6 55368.97856971 22.609
  73 296.782760   8.301520    81.262    81.270  6 55378.89420807  7.211
  74 296.783571   8.302255    81.597    81.662  6 55388.80984568  4.679
  75 296.785827   8.303846    90.582    90.537  6 55398.72548248  8.607
  76 296.787585   8.302509    77.634    77.572  5 55408.64112861 20.762
  77 296.785630   8.301850    77.516    76.922  6 55418.55677956 23.814
  78 296.782255   8.301586    77.875    77.866  6 55428.47242687 22.947
  79 296.779168   8.301166    78.522    78.787  7 55438.38807134 19.057
  80 296.777952   8.300592    78.244    77.770  8 55448.30371440 23.566
  81 296.778626   8.300837    83.468    84.187  7 55458.21935699  5.599
  82 296.780222   8.301991    79.785    80.144  7 55468.13499870  4.363
  83 296.782872   8.301826    79.288    79.337  7 55478.05063749  4.378
  84 296.784830   8.302440    78.281    77.523  6 55487.96627307  3.808
  85 296.786170   8.302723    83.380    83.657  5 55497.88190666  7.906
  86 296.786358   8.302467    77.605    77.316  6 55507.79754475 13.510
  87 296.783781   8.302557    77.692    77.605  7 55517.71319524  6.464
  88 296.783305   8.301779    72.929    78.380  6 55527.62884529 10.161
  89 296.782611   8.301642    75.858    76.218  7 55537.54449326  5.080
  90 296.781379   8.301194    78.994    78.678  7 55547.46013895  3.832
  91 296.779203   8.301554    77.335    77.241  6 55557.37578240  4.874
  92 296.779039   8.299933    80.138    79.586  7 55567.29142533  7.759
  93 296.780135   8.301161    78.725    79.053  6 55577.20706686  3.041
  94 296.782204   8.302361    76.698    76.293  7 55587.12270637  6.827
  95 296.784856   8.302695    74.520    75.125  6 55597.03834297  6.481
  96 296.786509   8.302284    79.860    80.910  6 55606.95397679  3.345
  97 296.787519   8.302891    76.308    76.270  5 55616.86960861  6.138
  98 296.786441   8.302367    78.368    78.455  6 55626.78525267  4.028
  99 296.783948   8.303485    78.961    79.378  6 55636.70090443  8.798
 100 296.783073   8.303168    73.927    79.839  6 55646.61655464  7.654
 101 296.782479   8.301821    76.700    77.570  7 55656.53220225  4.949
 102 296.781405   8.302105    58.419    61.709  7 55666.44784498 12.825
 103 296.780857   8.302101    75.848    76.188  6 55676.36348458  4.529
 104 296.781922   8.301578    71.023    70.391  6 55686.27912231 24.896
 105 296.783866   8.303146    78.786    79.507  6 55696.19475834  6.798
 106 296.787926   8.303060    80.092    80.602  6 55706.11039356  4.462
 107 296.787242   8.302360    81.669    81.821  6 55716.02604243  6.616
 108 296.784480   8.302736    76.937    76.852  6 55725.94169043 20.188
 109 296.782182   8.302345    80.679    79.946  7 55735.85733702  8.372
 110 296.780991   8.301699    81.863    82.168  7 55745.77298268 10.221
 111 296.781160   8.301288    81.048    81.005  7 55755.68862679  6.608
 112 296.782465   8.302092    78.479    78.098  6 55765.60426840 19.545
 113 296.783929   8.302373    78.080    78.100  6 55775.51990728 18.649
 114 296.784213   8.303905    77.753    77.673  6 55785.43554268 14.403
 115 296.786024   8.302796    84.795    82.690  5 55795.35117643 10.781
 116 296.787458   8.301813    84.787    85.798  6 55805.26681547  7.832
 117 296.786274   8.303061    80.828    80.803  6 55815.18246389  9.540
 118 296.786210   8.303753    80.152    78.261  6 55825.09810996 22.348
 119 296.786966   8.302611    73.330    66.371  5 55835.01375194 12.861
 120 296.787204   8.302696    82.532    82.806  6 55844.92939014  2.287
 121 296.788346   8.302674    83.974    84.272  5 55854.84502591  6.936
 122 296.788523   8.303266    82.147    81.903  6 55864.76066555  3.970
 123 296.785544   8.302886    82.183    82.319  5 55874.67631902  2.922
 124 296.785122   8.302026    79.349    79.681  6 55884.59196737  5.679
 125 296.784874   8.303830    77.423    76.920  6 55894.50760914  7.431
 126 296.787293   8.302375    82.511    82.157  6 55904.42324634  4.973
 127 296.787036   8.303281    81.234    81.811  6 55914.33888637  2.525
 128 296.783454   8.301685    72.731    72.733  6 55924.25454030  3.607
 129 296.781583   8.301503    80.307    80.718  7 55934.17019080  1.730
 130 296.781018   8.301570    69.803    72.086  6 55944.08583676  7.315
 131 296.781156   8.301279    69.445    71.307  7 55954.00147853  5.792
 132 296.781052   8.301681    67.879    70.108  6 55963.91711741 10.052
 133 296.781658   8.301343    76.344    76.661  7 55973.83275512  8.976
 134 296.783804   8.302480    77.588    78.655  6 55983.74839173  5.595
 135 296.788580   8.301882    83.436    83.462  6 55993.66402690  1.964
 136 296.786948   8.301827    81.907    82.389  6 56003.57967751  2.581
 137 296.783708   8.301864    77.837    77.716  6 56013.49532677  7.798
 138 296.780557   8.301884    81.242    80.655  7 56023.41097255  6.540
 139 296.779040   8.302222    71.216    71.222  6 56033.32661561  4.635
 140 296.780833   8.301181    78.371    78.351  6 56043.24225689  3.046
 141 296.783429   8.301543    77.036    76.824  6 56053.15789517  5.600
 142 296.786487   8.302729    82.266    82.834  5 56063.07353005  6.650
 143 296.787459   8.301974    79.726    79.533  6 56072.98917117 11.088
 144 296.783418   8.303399    80.103    80.516  6 56082.90482027  2.921
 145 296.781920   8.302011    72.044    74.266  7 56092.82046794  8.663
 146 296.781798   8.301955    83.949    84.008  6 56102.73611340  2.351
 147 296.782611   8.301460    84.002    85.491  6 56112.65174478  6.853
 148 296.783930   8.301778    82.257    82.671  6 56122.56738393  5.665
 149 296.785580   8.302738    73.146    76.143  6 56132.48301914 17.758
 150 296.785975   8.303695    79.056    78.158  6 56142.39865592 20.089
 151 296.783369   8.302226    82.331    80.939  7 56152.31430647 13.057
 152 296.782246   8.302321    78.154    83.882  6 56162.22995503 15.423
 153 296.782818   8.302262    77.777    77.663  6 56172.14560175 17.066
 154 296.783651   8.303341    77.981    78.607  6 56182.06124358 21.161
 155 296.784568   8.301876    74.951    71.566  6 56191.97688222  7.275
 156 296.784642   8.301872    82.579    83.068  6 56201.89251796  8.144
 157 296.786455   8.302640    77.144    76.693  6 56211.80815207 18.628
 158 296.790819   8.302488    83.335    83.137  5 56221.72378492  1.898
 159 296.788820   8.303003    82.454    82.617  6 56231.63943868  2.600
 160 296.786305   8.302994    82.574    82.257  6 56241.55509157  1.887
 161 296.783491   8.302822    80.540    80.310  7 56251.47074026  4.744
 162 296.782142   8.302268    77.822    77.526  6 56261.38638431  6.376
 163 296.782425   8.301678    76.328    75.205  7 56271.30202609 11.133
 164 296.783518   8.302383    76.956    78.793  6 56281.21766652  8.243
 165 296.782213   8.301239    79.402    79.659  7 56291.13331865  5.362
 166 296.780478   8.301929    78.605    78.524  6 56301.04896595  3.251
 167 296.779163   8.302069    79.480    79.891  6 56310.96460926 10.536
 168 296.778671   8.301762    80.514    81.439  7 56320.88025080  5.914
 169 296.779204   8.301901    63.236    66.676  6 56330.79589196 12.795
 170 296.781639   8.301498    78.297    80.960  6 56340.71153300  5.984
 171 296.784435   8.303655    78.734    79.244  6 56350.62717137  2.642
 172 296.787112   8.301932    81.954    81.514  6 56360.54281059  5.098
 173 296.782969   8.301519    75.946    74.985  7 56370.45846062  9.676
 175 296.778364   8.298670    70.519    73.139  8 56390.28975297  5.111
 176 296.778996   8.302359    61.271    61.518  6 56400.20539518  8.417
 177 296.782450   8.301748    71.453    71.339  7 56410.12103573  7.723
 178 296.785165   8.303780    79.813    79.412  6 56420.03667095  3.909
 179 296.787470   8.302130    75.712    81.949  6 56429.95230726  8.125
 180 296.782259   8.302045    80.021    79.903  6 56439.86795984  7.965
 181 296.778920   8.302576    77.779    76.842  6 56449.78361020  4.531
 182 296.779120   8.300856    71.649    71.647  7 56459.69925931  5.562
 183 296.779198   8.301436    77.765    77.877  7 56469.61490469  4.194
 184 296.780013   8.301044    77.247    76.030  6 56479.53054643 20.178
 185 296.780851   8.301286    74.823    74.771  7 56489.44618402  3.669
 186 296.782580   8.301969    74.080    76.587  7 56499.36181882  7.386
 187 296.786177   8.302454    82.534    83.225  6 56509.27745230  3.566
 188 296.788662   8.302637    81.637    81.701  5 56519.19309287  8.514
 189 296.786595   8.303348    82.491    82.515  6 56529.10874578  2.640
 190 296.784928   8.303910    78.909    78.791  6 56539.02439465  4.520
 191 296.783242   8.302227    79.853    80.214  6 56548.94003988 19.723
 192 296.780981   8.301856    84.501    84.865  7 56558.85568261  4.970
 193 296.780555   8.301899    82.444    82.861  6 56568.77132483  5.625
 194 296.782791   8.301765    74.548    78.247  6 56578.68696625 10.962
 195 296.786664   8.303685    81.909    81.682  6 56588.60260376  3.156
 196 296.788229   8.302601    83.969    83.954  5 56598.51824789  4.988
 197 296.783997   8.302801    80.160    81.329  7 56608.43389899  5.552
 198 296.781433   8.301643    71.161    73.734  7 56618.34954536  5.434
 199 296.780985   8.301249    73.495    73.471  7 56628.26518829  7.321
 200 296.782753   8.302172    71.936    71.821  6 56638.18082805  5.639
 201 296.784750   8.302019    73.271    73.271  6 56648.09647129  5.914
 202 296.782326   8.301755    71.600    71.480  6 56658.01212262  5.127
 203 296.779678   8.302270    65.403    64.947  6 56667.92776971 11.123
 204 296.778633   8.301526    63.724    62.223  7 56677.84341501  8.362
 205 296.779113   8.301454    63.821    65.161  7 56687.75905926  8.945
 206 296.780864   8.302423    65.092    69.674  7 56697.67470132  7.485
 207 296.784322   8.302388    80.305    81.712  6 56707.59033915  4.721
 208 296.785909   8.303312    75.037    74.970  6 56717.50597602  1.594
 209 296.781466   8.301461     4.959     5.466  6 56727.42162930 29.003
 210 296.778016   8.300511    71.501    71.338  8 56737.33727816  2.318
 211 296.777996   8.298144    68.402    68.289  8 56747.25292380  2.086
 212 296.779447   8.302089    66.627    66.627  7 56757.16856371  2.314
 213 296.784241   8.303339    64.519    64.509  6 56767.08419852  3.156
 214 296.784926   8.303310    65.779    65.634  6 56776.99984156  2.103
 215 296.780496   8.301406    55.936    55.460  6 56786.91549752 19.753
 216 296.776750   8.298441    62.314    57.714  9 56796.83115043  9.664
 217 296.775383   8.296454    71.382    71.149 10 56806.74679855  3.989
 218 296.776968   8.297122    69.220    69.052  9 56816.66244027  7.726
 219 296.778883   8.300224    69.580    69.525  7 56826.57807802  4.238
 220 296.781713   8.301749    10.174    10.109  6 56836.49371276 23.288
 221 296.784890   8.302947    75.997    75.949  6 56846.40934427  6.723
 222 296.783228   8.301886    73.770    75.577  7 56856.32499325  6.086
 223 296.780975   8.301949    83.424    83.766  6 56866.24064599  1.949
 224 296.779923   8.301069    65.673    65.559  6 56876.15629775 13.206
 225 296.778736   8.301495    81.309    82.472  7 56886.07194610  5.155
 226 296.778335   8.299764    82.817    83.486  7 56895.98759218  3.900
 227 296.777833   8.297923    83.578    84.509  9 56905.90323541  3.816
 228 296.777175   8.298275    83.318    85.330  9 56915.81887634  3.274
 229 296.778336   8.300154    83.940    84.729  8 56925.73451549  2.388
 230 296.781834   8.301727    84.894    85.226  6 56935.65015191  3.329
 231 296.787308   8.302993    79.026    78.967  6 56945.56578336 14.001
 232 296.785222   8.302788    78.547    77.754  6 56955.48143500  8.638
 233 296.781921   8.302441    82.000    81.993  7 56965.39708440  3.533
 234 296.780144   8.302070    80.583    80.090  7 56975.31272922  3.071
 235 296.781290   8.301210    80.088    79.725  7 56985.22836978  3.953
 236 296.785032   8.301950    82.768    82.801  6 56995.14400476  1.980
 237 296.786845   8.303186    80.802    81.741  6 57005.05964554  6.201
 238 296.783199   8.302785    70.212    72.296  6 57014.97530039  3.963
 239 296.780652   8.301210    70.201    70.189  6 57024.89095136  4.646
 240 296.778930   8.301873    78.689    79.112  7 57034.80659999  8.141
 241 296.779176   8.302621    74.158    74.264  6 57044.72224644  9.008
 242 296.780929   8.301864    75.684    76.019  7 57054.63789051  3.381
 243 296.782548   8.302192    77.342    80.066  6 57064.55352951  4.038
 244 296.784452   8.301914    78.209    80.007  6 57074.46916377  6.285
 245 296.787315   8.302761    74.020    73.967  6 57084.38479430  1.744
 246 296.784592   8.302043    65.531    66.668  6 57094.30044663  6.219
 247 296.781024   8.302483    71.820    71.886  7 57104.21610269  1.928
 248 296.780360   8.301366    79.420    79.284  7 57114.13175499  1.921
 249 296.780278   8.302187    66.262    66.182  7 57124.04740079  2.018
 250 296.780527   8.302015    65.424    66.568  7 57133.96304152  4.715
 251 296.782416   8.301249    64.752    64.827  7 57143.87867819  5.353
 252 296.784381   8.303422    65.147    65.002  6 57153.79431182  2.600
 253 296.787562   8.302770    66.872    67.107  6 57163.70994808  4.917
 254 296.783713   8.303567    64.789    64.617  6 57173.62560477  6.957
 255 296.781773   8.301613    65.405    65.615  7 57183.54125889  6.077
 256 296.779441   8.301954    66.278    66.190  6 57193.45690852  6.574
 257 296.778250   8.300960    81.526    81.258  7 57203.37255585  5.530
 258 296.778473   8.300467    79.808    79.451  8 57213.28818959  6.379
 259 296.779970   8.301894    79.515    79.156  7 57223.20383272  5.885
 260 296.782383   8.301635    81.256    80.565  7 57233.11947451  3.790
 261 296.783909   8.301640    80.897    81.713  6 57243.03511331  6.050
 262 296.784841   8.302013    79.439    78.968  6 57252.95074953 15.128
 263 296.786478   8.302161    79.679    80.144  6 57262.86638450 10.626
 264 296.788839   8.302811    76.993    85.029  5 57272.78202088  7.180
 265 296.786379   8.302392    81.316    81.288  6 57282.69767834 10.855
 266 296.784562   8.301707    81.773    81.901  6 57292.61333349  4.376
 267 296.782118   8.301675    82.516    83.141  7 57302.52898507  5.624
 268 296.779524   8.301900    78.980    78.854  7 57312.44463277  2.267
 269 296.778228   8.299631    80.700    79.715  7 57322.36027762  3.084
 270 296.778435   8.298909    72.820    74.015  8 57332.27591993  8.012
 271 296.779921   8.301034    78.953    78.780  6 57342.19155960  2.523
 272 296.778661   8.300674    78.145    78.374  7 57352.10721107  3.797
 273 296.779091   8.301175    78.920    78.499  7 57362.02285514  2.123
 274 296.779459   8.301810    79.395    78.845  7 57371.93849605  2.158
 275 296.780482   8.301504    79.352    79.406  6 57381.85413561  2.086
 276 296.782478   8.302709    74.468    76.250  7 57391.76977462  5.865
 277 296.786605   8.302301    76.632    75.662  6 57401.68541334  5.955
 278 296.788512   8.302524    81.505    82.917  5 57411.60105604  2.300
 279 296.784929   8.302688    80.058    81.634  6 57421.51670822  2.226
 280 296.780804   8.302113    77.135    78.086  7 57431.43235773  3.253
 281 296.778580   8.300500    80.289    79.629  7 57441.34800544  2.416
 282 296.778652   8.300822    77.926    77.993  7 57451.26365187  3.783
 283 296.779866   8.302174    71.233    71.142  7 57461.17929645  2.476
 284 296.783074   8.301682    65.704    65.623  6 57471.09493808  2.385
 285 296.784567   8.303653    77.160    76.881  6 57481.01057508  2.369
 286 296.785902   8.302919    80.913    81.204  5 57490.92620962  2.035
 287 296.788090   8.302879    80.076    80.305  6 57500.84184233  2.878
 288 296.786929   8.303083    64.213    64.048  6 57510.75748933  7.999
 289 296.784113   8.302369    79.829    79.949  6 57520.67314513  2.492
 290 296.782550   8.301808    78.596    78.529  6 57530.58879846  2.521
 291 296.780730   8.302394    65.527    65.445  7 57540.50444819  7.057
 292 296.779382   8.301605    79.039    79.459  6 57550.42009526  9.412
 293 296.778984   8.299619    69.287    69.186  7 57560.33574096  5.438
 294 296.778854   8.300716    72.491    72.872  7 57570.25138530  4.011
 295 296.780102   8.301842    81.084    80.642  6 57580.16702940  2.138
 296 296.782225   8.301883    71.829    68.275  7 57590.08267207  9.555
 297 296.782889   8.302360    73.803    74.187  7 57599.99831185  5.852
