#   14.788  -1.156  11.798 ;Mean Elev.(m), Avg Gradient(m/km), RMS Gradient(m/km) - SRTM1     
#   25.336  -0.881  13.163 ;Mean Elev.(m), Avg Gradient(m/km), RMS Gradient(m/km) - ASTER GDEM
#   16.179  -0.985  11.766 ;Mean Elev.(m), Avg Gradient(m/km), RMS Gradient(m/km) - GMTED2010 
   2 295.499351   7.837037    22.072    22.152  5 54672.42797347 40.376
   3 295.498325   7.837902    -0.692    -1.860  4 54682.34361681 14.750
   4 295.499869   7.837858    23.400    23.363  4 54692.25925892 44.795
   5 295.503091   7.836055    -4.517    -4.803  5 54702.17489839 17.978
   6 295.503433   7.835253    75.133    73.742  5 54712.09054607 24.849
   7 295.501579   7.836701    11.109    11.300  4 54722.00619704 27.326
   8 295.497187   7.836619    21.881    21.740  4 54731.92184524 40.665
   9 295.494035   7.838646    21.357    21.332  3 54741.83749268 32.376
  10 295.492687   7.838865    20.251    20.147  4 54751.75313990 31.361
  11 295.492762   7.838078    19.605    19.597  4 54761.66878688 33.756
  12 295.494026   7.837711    19.137    19.063  4 54771.58443162 34.956
  13 295.495150   7.837171    18.773    18.802  4 54781.50007309 29.276
  14 295.496429   7.837426    18.410    18.430  4 54791.41571193 49.789
  15 295.497396   7.836424    18.362    18.386  4 54801.33134910 32.750
  16 295.499867   7.837661    18.219    18.305  4 54811.24698672 33.030
  17 295.501529   7.837245    16.933    17.005  4 54821.16262728 28.091
  18 295.499711   7.836993    15.719    15.742  4 54831.07827909 35.575
  19 295.497096   7.837986    16.561    17.059  4 54840.99391780 25.625
  20 295.493376   7.838392    13.872    13.836  3 54850.90956673 48.886
  21 295.491019   7.839743    13.381    13.390  4 54860.82521579 41.975
  22 295.489468   7.838781    16.433    16.276  4 54870.74086456 24.268
  23 295.490482   7.839296    16.279    16.097  4 54880.65651248 23.619
  24 295.492193   7.839073    16.104    16.126  4 54890.57215694 23.637
  25 295.492460   7.839455    12.724    13.059  4 54900.48779815 28.530
  26 295.490889   7.838264    12.013    11.974  4 54910.40343655 31.542
  27 295.490907   7.838901    15.419    15.162  3 54920.31907398 22.986
  28 295.493263   7.838649    15.447    15.263  3 54930.23471092 21.039
  29 295.497331   7.836831    12.460    12.536  4 54940.15034653 48.541
  30 295.502014   7.836339    13.096    13.033  4 54950.06598088 25.328
  31 295.503355   7.835364    16.085    16.009  5 54959.98161956 26.275
  32 295.501309   7.836875    14.501    14.476  4 54969.89726818 29.753
  33 295.499226   7.836843    12.114    12.188  4 54979.81291556 23.893
  35 295.496860   7.836650    14.095    14.712  4 54999.64421014 25.613
  36 295.496170   7.836763    16.669    17.500  4 55009.55985561 28.281
  37 295.496375   7.838145    18.898    18.927  4 55019.47549956 40.212
  38 295.495792   7.838069    20.314    20.358  4 55029.39114165 45.952
  39 295.495749   7.838373    20.574    20.497  4 55039.30678311 32.170
  40 295.497767   7.838215    21.568    21.571  4 55049.22242333 34.348
  41 295.500573   7.836289    21.973    21.816  4 55059.13806119 42.586
  42 295.503128   7.837278    21.675    21.683  5 55069.05370086 43.750
  43 295.500265   7.836413    21.264    21.215  5 55078.96935006 36.947
  44 295.496742   7.837457    20.943    21.014  3 55088.88499778 42.610
  45 295.493895   7.838525    20.289    20.269  4 55098.80064447 41.351
  46 295.493274   7.839446    85.258    85.258  4 55108.71629089 15.355
  47 295.493948   7.838064    18.861    18.913  3 55118.63193588 30.485
  48 295.495297   7.837485    18.362    18.616  4 55128.54757861 30.823
  49 295.496022   7.837863    16.756    16.629  3 55138.46321922 47.453
  50 295.495861   7.836767    17.384    17.489  4 55148.37885768 26.825
  51 295.497204   7.836947    17.059    17.169  4 55158.29449576 25.566
  52 295.499392   7.837040    15.472    16.647  5 55168.21013365 25.466
  53 295.501549   7.836021    12.864    13.085  5 55178.12577056 27.119
  54 295.501298   7.836535    12.529    12.418  4 55188.04141538 44.587
  55 295.497523   7.836213    11.717    11.667  4 55197.95706584 33.983
  56 295.494881   7.838489    15.630    15.605  4 55207.87271617 22.153
  57 295.492882   7.838067    14.984    15.279  4 55217.78836560 22.807
  58 295.492528   7.839456    15.211    15.146  4 55227.70401488 24.488
  59 295.492391   7.838668    15.883    16.563  4 55237.61966079 21.261
  60 295.493097   7.839056    13.826    14.604  4 55247.53530336 24.407
  61 295.492543   7.838518    14.216    14.350  4 55257.45094288 24.350
  62 295.492561   7.839334    14.120    14.082  4 55267.36658150 27.704
  63 295.493080   7.838544    16.020    15.860  3 55277.28221912 17.886
  64 295.495872   7.837865     9.988     9.989  4 55287.19785576 21.775
  65 295.500395   7.837371    10.198    10.056  4 55297.11349032 47.881
  66 295.501579   7.836461    13.685    13.724  4 55307.02913107 44.930
  67 295.499881   7.837745    77.465    77.474  4 55316.94477753 15.840
  68 295.497436   7.837020    16.480    16.448  4 55326.86042258 27.693
  69 295.496835   7.837678    17.888    17.897  4 55336.77606729 42.647
  70 295.497112   7.837636    75.707    81.567  4 55346.69171146 12.495
  71 295.497260   7.836699    19.704    19.708  4 55356.60735401 38.296
  72 295.497995   7.838480    20.400    20.403  4 55366.52299496 30.974
  73 295.497821   7.836922    21.600    21.451  4 55376.43863352 45.942
  74 295.499341   7.837119    22.227    22.232  4 55386.35427144 34.314
  75 295.501634   7.836861    22.736    22.657  5 55396.26990836 33.384
  76 295.503721   7.836261    23.571    23.408  5 55406.18554939 41.466
  77 295.502176   7.837252    23.640    23.548  5 55416.10120029 36.690
  78 295.499712   7.837111    23.798    23.812  4 55426.01684772 34.636
  79 295.497520   7.837455    23.937    23.918  3 55435.93249287 36.237
  80 295.495462   7.837177    23.596    23.582  4 55445.84813691 44.046
  81 295.494969   7.837943    22.935    23.004  3 55455.76378078 34.754
  82 295.496180   7.838745    22.677    22.549  4 55465.67942413 47.413
  83 295.497880   7.836578    21.449    21.073  4 55475.59506391 32.771
  84 295.500345   7.836699    20.651    19.990  5 55485.51070102 30.639
  85 295.501869   7.837261    18.738    18.716  5 55495.42633579 46.428
  86 295.502389   7.835604    18.346    18.034  5 55505.34196947 29.042
  87 295.500227   7.837143    17.182    17.190  4 55515.25761989 52.925
  88 295.499138   7.836783    18.294    18.277  4 55525.17326914 26.166
  89 295.498731   7.838414    18.647    18.597  4 55535.08891694 47.234
  90 295.496415   7.836591    17.461    17.431  4 55545.00456205 43.997
  91 295.495173   7.838751    89.032    89.015  4 55554.92020638  8.143
  92 295.493806   7.838044    15.102    15.116  4 55564.83584943 38.103
  93 295.495140   7.837871    17.107    17.307  3 55574.75149229 23.765
  94 295.497147   7.836670    16.417    16.583  4 55584.66713345 22.995
  95 295.499946   7.837452    14.228    12.517  4 55594.58277161 27.134
  96 295.501311   7.836602    14.005    12.417  4 55604.49840582 27.597
  97 295.502832   7.836655    13.726    12.044  4 55614.41403783 27.522
  98 295.502964   7.835907    11.466    11.495  5 55624.32967606 29.503
  99 295.500542   7.836335    11.961    12.211  5 55634.24532799 27.533
 100 295.500191   7.837885    82.790    84.145  3 55644.16097810  4.552
 101 295.499420   7.836572    11.661    11.738  4 55654.07662479 24.564
 102 295.499134   7.836805    12.194    12.199  4 55663.99226750 28.509
 103 295.498702   7.838281    13.498    13.509  4 55673.90790772 37.236
 104 295.498150   7.837678    12.458    12.457  4 55683.82354623 25.602
 105 295.500108   7.837800    15.770    15.770  4 55693.73918387 26.617
 106 295.502997   7.835849    17.537    18.663  5 55703.65481969 26.219
 107 295.503562   7.836461    19.754    19.743  5 55713.57046518 42.412
 108 295.500416   7.836187    20.552    20.473  4 55723.48611397 28.902
 109 295.498117   7.838431    21.568    21.414  4 55733.40176117 47.118
 110 295.496078   7.837197    22.043    21.951  3 55743.31740622 50.149
 111 295.496309   7.836924    22.567    22.499  4 55753.23305027 35.151
 112 295.499195   7.838201    22.763    22.782  4 55763.14869258 47.995
 113 295.501086   7.837166    23.400    23.230  5 55773.06433163 41.977
 114 295.501783   7.836337    23.699    23.675  5 55782.97996733 45.997
 115 295.502871   7.836796    23.594    23.527  5 55792.89560112 40.199
 116 295.504193   7.835799    23.358    23.341  5 55802.81123619 35.032
 117 295.503022   7.837411    23.084    23.209  5 55812.72688679 48.838
 118 295.502642   7.837152    21.864    21.828  5 55822.64253536 47.225
 119 295.502839   7.836021    21.037    21.093  5 55832.55817898 46.034
 120 295.503465   7.836360    19.893    19.878  5 55842.47381839 28.596
 121 295.503810   7.836720    19.994    19.893  5 55852.38945445 32.644
 122 295.504627   7.836343    19.320    19.431  5 55862.30508869 44.889
 123 295.500819   7.836611    18.977    18.967  5 55872.22074260 29.226
 124 295.500439   7.836563    17.944    18.120  5 55882.13639191 29.570
 125 295.501156   7.836361    19.070    19.095  4 55892.05203487 47.479
 126 295.502824   7.836988    18.579    18.500  5 55901.96767259 50.439
 127 295.503699   7.836317    18.375    18.801  5 55911.88330750 27.493
 128 295.498649   7.837068    18.263    18.293  5 55921.79896215 26.856
 129 295.496364   7.836958    17.779    17.882  4 55931.71461423 26.209
 130 295.496433   7.836679    17.142    17.278  4 55941.63026237 24.381
 131 295.497188   7.837417    16.887    16.698  3 55951.54590622 22.738
 132 295.496995   7.837428    15.430    16.334  4 55961.46154589 24.768
 133 295.496890   7.837592    14.521    14.521  4 55971.37718305 24.695
 134 295.498992   7.838169    13.075    12.628  4 55981.29281906 25.855
 135 295.502878   7.837035    15.287    14.849  5 55991.20845355 28.529
 136 295.503326   7.836201    15.183    16.002  5 56001.12409884 26.875
 137 295.501350   7.836227    12.437    12.440  5 56011.03974854 47.887
 138 295.499613   7.837938    13.165    13.198  4 56020.95539497 42.590
 139 295.497341   7.838244    14.300    14.140  4 56030.87103837 32.088
 140 295.496285   7.837547    17.013    16.986  4 56040.78667986 45.584
 141 295.497665   7.837418    16.244    16.103  3 56050.70231942 27.052
 142 295.500542   7.836299    15.533    14.756  5 56060.61795623 26.930
 143 295.504086   7.836782    19.076    19.250  5 56070.53359375 31.028
 144 295.500895   7.836694    19.237    19.347  4 56080.44924406 27.677
 145 295.498086   7.837383    20.094    20.146  4 56090.36489165 34.302
 146 295.496645   7.836957    21.126    21.137  4 56100.28053657 34.781
 147 295.497619   7.837758    21.314    21.208  4 56110.19616783 46.068
 148 295.500070   7.837317    21.794    21.851  5 56120.11180744 42.204
 149 295.503051   7.836221    22.203    22.105  5 56130.02744344 37.159
 150 295.505371   7.836158    22.628    22.605  5 56139.94307677 37.844
 151 295.501157   7.836333    23.743    23.734  4 56149.85872712 44.714
 152 295.499038   7.837357    23.818    23.808  4 56159.77437658 34.854
 153 295.498340   7.836486    23.882    23.825  4 56169.69002442 36.227
 154 295.499369   7.836835    23.467    23.380  5 56179.60566912 35.674
 155 295.500310   7.837044    23.310    23.305  4 56189.52130951 48.374
 156 295.500967   7.837537    22.402    22.468  4 56199.43694663 43.858
 157 295.502035   7.836508    21.498    21.421  4 56209.35258062 42.347
 158 295.504668   7.835992    20.119    20.077  5 56219.26821292 36.891
 159 295.504216   7.837317    19.464    19.473  5 56229.18386055 48.922
 160 295.501973   7.837043    19.440    19.401  5 56239.09951374 27.225
 161 295.499987   7.837315    17.755    17.738  4 56249.01516339 44.655
 162 295.498760   7.836839    16.372    16.381  4 56258.93080830 35.277
 163 295.498471   7.837385    82.651    82.648  4 56268.84645085  2.232
 164 295.498972   7.838109    16.146    17.374  4 56278.76209190 25.274
 165 295.496949   7.837620    17.478    17.093  4 56288.67774204 24.871
 166 295.496046   7.837760    16.604    16.888  3 56298.59339124 23.377
 167 295.495709   7.838197    16.526    16.281  3 56308.50903644 22.365
 168 295.495583   7.838903    14.456    15.217  4 56318.42467888 25.172
 169 295.495036   7.837876    13.939    14.812  4 56328.34031944 24.236
 170 295.496894   7.838577    12.663    12.547  4 56338.25595945 23.515
 172 295.503643   7.837111    13.204    11.654  5 56358.08723248 28.985
 173 295.500649   7.837414    11.835    11.872  4 56368.00288188 31.113
 175 295.495012   7.838756    14.833    15.313  4 56387.83417546 20.865
 176 295.494856   7.837726    13.031    12.496  4 56397.74981895 20.211
 177 295.496971   7.838425    12.545    12.559  4 56407.66546059 43.037
 178 295.499122   7.836396    15.241    15.221  4 56417.58109765 30.229
 179 295.501491   7.832182    90.524    90.524  2 56427.49672937  0.339
 180 295.499274   7.837346    16.801    16.799  4 56437.41238278 29.005
 181 295.495965   7.837668    18.959    19.095  3 56447.32803354 37.600
 182 295.494643   7.837363    19.174    19.184  4 56457.24368203 31.204
 183 295.495173   7.838563    19.488    19.379  4 56467.15932778 27.310
 184 295.496368   7.838587    20.740    20.674  4 56477.07496939 50.164
 185 295.497713   7.837018    21.058    20.895  4 56486.99060717 51.902
 186 295.499637   7.837083    20.805    20.830  4 56496.90624297 40.394
 187 295.502121   7.836445    21.498    21.418  5 56506.82187762 33.068
 188 295.505483   7.836064    21.917    21.852  6 56516.73751365 37.134
 189 295.503115   7.836190    22.330    22.381  5 56526.65316834 33.392
 190 295.501730   7.837392    22.538    22.482  5 56536.56881909 50.442
 192 295.496958   7.838308    21.944    21.949  4 56556.40010925 40.428
 193 295.495820   7.836885    21.150    21.167  4 56566.31575129 32.712
 194 295.497790   7.838054    21.233    21.001  4 56576.23139274 32.147
 195 295.501089   7.837091    20.043    19.980  4 56586.14703064 30.511
 196 295.503985   7.836937    19.108    19.213  5 56596.06266918 34.357
 197 295.500084   7.836745    18.158    18.157  5 56605.97832114 47.215
 198 295.497323   7.837139    18.592    18.683  4 56615.89396869 27.348
 199 295.496865   7.837611    18.356    18.472  3 56625.80961312 26.988
 200 295.498043   7.837779    17.744    17.844  4 56635.72525497 27.600
 201 295.500142   7.836174    17.050    16.813  4 56645.64089465 25.578
 202 295.497551   7.836519    16.705    16.826  4 56655.55654750 23.926
 203 295.495619   7.837179    16.500    16.470  4 56665.47219597 24.348
 204 295.494790   7.838753    16.469    16.450  4 56675.38784173 27.315
 205 295.494593   7.838571    15.996    16.243  4 56685.30348584 25.919
 206 295.496388   7.838661    14.493    15.391  4 56695.21912807 25.520
 207 295.499562   7.836780    11.062    11.121  4 56705.13476554 25.360
 208 295.503599   7.836383    12.608    10.470  4 56715.05039802 27.250
 210 295.494511   7.838081    14.775    14.953  4 56734.88169965 22.849
 211 295.492502   7.838350    14.380    14.506  3 56744.79734635 20.323
 212 295.494467   7.838271    12.562    12.716  4 56754.71298906 24.945
 213 295.498746   7.836852    11.435    11.490  4 56764.62862610 26.884
 214 295.501525   7.835992    12.123    12.162  5 56774.54426303 27.897
 215 295.496869   7.838620    12.278    12.228  4 56784.45991998 25.073
 216 295.491909   7.838738    14.411    14.454  4 56794.37557252 23.913
 217 295.489858   7.840138    14.585    15.392  4 56804.29122191 24.527
 218 295.491629   7.839048    14.395    15.968  4 56814.20686385 24.319
 219 295.494644   7.837980    17.312    17.227  3 56824.12250247 42.964
 221 295.501437   7.836639    19.909    19.957  5 56843.95376890 40.108
 222 295.500766   7.836255    20.428    20.334  5 56853.86941199 37.326
 223 295.497532   7.836343    21.473    21.398  4 56863.78506583 37.792
 224 295.495901   7.837200    86.330    87.371  4 56873.70071943 10.255
 225 295.494937   7.837315    23.063    23.045  4 56883.61636974 49.326
 226 295.494629   7.838738    23.467    23.477  4 56893.53201698 46.659
 227 295.493096   7.839250    23.294    23.249  4 56903.44766051 43.388
 228 295.491026   7.838473    23.268    23.045  4 56913.36330153 51.681
 229 295.492300   7.839465    22.459    22.366  4 56923.27894138 34.885
 230 295.495462   7.837110    21.758    21.736  4 56933.19457831 31.691
 231 295.501845   7.837409    20.662    20.622  5 56943.11021084 37.759
 232 295.502551   7.837089    19.801    19.718  5 56953.02585626 47.164
 233 295.498806   7.836836   102.987   103.013  4 56962.94150652  1.639
 234 295.496105   7.837852    19.333    19.343  3 56972.85715256 40.146
 235 295.496159   7.838286    19.243    19.320  4 56982.77279466 30.672
 236 295.498980   7.836615    18.229    18.295  4 56992.68843199 32.519
 237 295.503760   7.836299    19.419    19.495  5 57002.60406798 26.203
 238 295.499802   7.836116    18.622    18.817  4 57012.51972503 24.150
 239 295.496711   7.836831    16.797    16.854  4 57022.43537647 26.007
 240 295.494810   7.837961    15.413    15.947  3 57032.35102505 30.865
 241 295.494403   7.837762    75.094    75.949  4 57042.26667117  1.749
 242 295.495599   7.837426    15.892    15.993  4 57052.18231521 24.060
 244 295.500997   7.836765    12.098    12.199  4 57072.01358973 37.631
 245 295.503486   7.836597    15.039    14.698  5 57081.92922056 29.309
 246 295.501262   7.836715    15.858    17.741  5 57091.84486557 23.950
 247 295.496857   7.838580    10.915    10.853  4 57101.76052325 27.806
 248 295.494771   7.837632    12.697    12.857  4 57111.67617709 23.024
 249 295.495748   7.837577    11.014    11.092  4 57121.59182551 21.781
 250 295.496603   7.837567    10.799    11.425  4 57131.50746809 23.234
 251 295.497465   7.836952    11.391    11.308  4 57141.42310523 25.884
 252 295.498962   7.836352    12.712    12.692  4 57151.33873896 23.918
 253 295.503342   7.837023    13.821    13.801  5 57161.25436979 27.120
 254 295.500829   7.836810    15.701    15.542  4 57171.17002472 29.059
 255 295.499212   7.837020    15.423    14.561  5 57181.08567895 26.306
 256 295.497387   7.836481    18.279    18.169  4 57191.00132920 46.138
 257 295.496153   7.837851    68.142    68.193  4 57200.91697702 10.531
 258 295.495189   7.837925    19.313    19.446  3 57210.83261121 27.613
 259 295.495688   7.837670    20.691    20.638  3 57220.74825537 34.388
 260 295.496840   7.836687    21.745    21.701  4 57230.66389824 31.557
 261 295.498699   7.837252    22.456    22.404  4 57240.57953910 31.608
 262 295.500551   7.837353    22.706    22.712  4 57250.49517697 42.947
 263 295.502064   7.836727    23.529    23.539  4 57260.41081229 51.757
 264 295.503774   7.835978    23.554    23.528  5 57270.32644617 49.793
 265 295.501339   7.837217    22.967    22.909  4 57280.24209956 52.652
 266 295.499038   7.836866   102.750   103.439  4 57290.15775440  0.979
 267 295.497325   7.836135    88.955    88.955  2 57300.07340633 12.104
 268 295.496904   7.837675    20.057    19.678  4 57309.98905542 33.938
 269 295.495502   7.838971    19.377    19.368  4 57319.90470122 30.384
 270 295.493946   7.839086    18.814    18.825  4 57329.82034416 30.535
 271 295.494408   7.838821    18.515    18.454  4 57339.73598516 29.981
 272 295.493266   7.838285    17.798    17.861  3 57349.65163527 30.850
 273 295.494300   7.838431    17.384    17.491  4 57359.56728151 30.481
 274 295.495131   7.837664    16.946    17.036  4 57369.48292421 28.009
 276 295.497648   7.837316    16.671    16.881  3 57389.31420268 23.493
 277 295.500935   7.837235    13.035    12.957  5 57399.22984027 28.919
 278 295.504190   7.836863    13.772    12.310  5 57409.14547784 32.109
 279 295.501329   7.836991    13.110    11.739  5 57419.06113020 28.014
 280 295.497934   7.837228    10.526    10.560  4 57428.97678015 29.435
 281 295.495368   7.838497    14.126    14.845  4 57438.89242826 24.348
 282 295.494122   7.838036    14.970    14.412  3 57448.80807506 20.889
 283 295.494538   7.838107    14.704    14.676  3 57458.72372090 21.806
 284 295.496318   7.837229    12.532    11.944  4 57468.63936364 22.933
 285 295.499308   7.837497    10.074    10.048  4 57478.55500257 26.112
 286 295.501152   7.836771    10.039    10.022  5 57488.47063781 27.030
 287 295.503832   7.837284    62.429    57.755  5 57498.38627106 14.276
 288 295.504211   7.837092    12.857    13.265  5 57508.30191163 25.114
 289 295.500295   7.836720    14.436    14.594  4 57518.21756667 26.382
 290 295.498985   7.837818    15.937    15.886  4 57528.13321939 25.077
 291 295.498199   7.837721    14.662    13.824  4 57538.04886912 26.134
 292 295.497054   7.837519    17.339    17.062  4 57547.96451634 31.251
 293 295.495922   7.837878    19.743    19.737  4 57557.88016254 31.373
 294 295.495634   7.838190    19.929    19.823  4 57567.79580803 30.984
 295 295.496144   7.837547    21.828    21.831  3 57577.71145283 46.247
 296 295.497704   7.838428    22.877    22.832  4 57587.62709667 39.300
 297 295.498062   7.837935    23.910    23.911  4 57597.54273760 43.860
