#   60.504  -1.445   2.122 ;Mean Elev.(m), Avg Gradient(m/km), RMS Gradient(m/km) - SRTM1     
#   43.606  -1.644   4.664 ;Mean Elev.(m), Avg Gradient(m/km), RMS Gradient(m/km) - ASTER GDEM
#   61.058  -1.483   2.209 ;Mean Elev.(m), Avg Gradient(m/km), RMS Gradient(m/km) - GMTED2010 
   1 292.189270   5.344495    68.926    68.896  7 54668.95047656 34.705
   2 292.188765   5.342813    69.189    69.226  7 54678.86612078 39.588
   3 292.189662   5.343855    67.473    67.284  7 54688.78176362 32.817
   4 292.191715   5.347042    68.747    68.733  9 54698.69740430 51.369
   5 292.192815   5.348218    68.566    68.556  9 54708.61304765 37.213
   6 292.190279   5.346227    68.735    68.682  8 54718.52869973 36.527
   7 292.187620   5.342388    66.797    66.759  7 54728.44434947 53.331
   8 292.185194   5.339570    66.112    66.032  8 54738.35999726 49.989
   9 292.183883   5.338678    65.517    65.511  7 54748.27564436 49.779
  10 292.183929   5.337955    64.828    64.786  7 54758.19129110 53.878
  11 292.184748   5.339206    64.999    65.007  8 54768.10693530 46.748
  12 292.186334   5.339616    65.028    65.069  7 54778.02257644 53.714
  13 292.186637   5.341979    64.813    64.842  7 54787.93821479 53.562
  14 292.187757   5.340994    64.939    64.884  7 54797.85385322 46.035
  15 292.188806   5.343861    65.180    65.177  7 54807.76949109 53.185
  16 292.190928   5.347296    65.685    66.045  8 54817.68512851 22.836
  17 292.190484   5.345577    64.442    63.251  8 54827.60077952 21.255
  18 292.188058   5.342496    60.960    60.975  7 54837.51641955 53.992
  19 292.184618   5.340127    61.697    61.631  7 54847.43206954 46.141
  20 292.182496   5.338696    60.563    60.516  7 54857.34771863 41.084
  21 292.182203   5.337761    60.814    60.835  7 54867.26336761 53.890
  22 292.182935   5.337344    60.331    60.331  7 54877.17901575 28.847
  23 292.184053   5.337838    59.876    59.883  7 54887.09466069 49.823
  24 292.183304   5.338600    59.373    59.281  8 54897.01030197 37.269
  25 292.182475   5.336976    59.344    59.271  7 54906.92594129 36.286
  26 292.182241   5.337607    60.011    60.011  8 54916.84157924 37.114
  27 292.184022   5.337835    60.582    60.513  7 54926.75721753 45.333
  28 292.186411   5.340726    60.637    60.605  7 54936.67285479 52.336
  29 292.189080   5.344502    61.879    61.795  8 54946.58849005 52.302
  30 292.191897   5.347358    62.406    62.438  8 54956.50412321 42.144
  31 292.190036   5.344891    62.884    62.794  8 54966.41977235 53.290
  32 292.188373   5.342534    62.926    62.908  7 54976.33542019 53.771
  33 292.187776   5.340719    63.041    63.014  7 54986.25106773 55.935
  34 292.187694   5.341733    64.314    64.353  7 54996.16671475 33.088
  35 292.187679   5.342284    65.920    66.044  7 55006.08236020 28.334
  36 292.187130   5.341851    66.833    66.857  7 55015.99800363 37.018
  37 292.186485   5.340288    67.807    67.859  8 55025.91364603 32.122
  38 292.185949   5.340122    68.090    68.070  7 55035.82928792 30.297
  39 292.187585   5.340382    68.520    68.551  7 55045.74492931 46.770
  40 292.189576   5.345291    68.280    68.445  8 55055.66056814 35.209
  41 292.192180   5.346350    68.210    68.193  8 55065.57620556 37.531
  42 292.189831   5.344496    67.680    67.637  7 55075.49185442 51.016
  43 292.186941   5.340025    67.070    67.084  7 55085.40750295 54.750
  44 292.184513   5.338481    66.303    66.358  7 55095.32314910 50.778
  45 292.183955   5.338803    65.321    65.345  8 55105.23879464 54.012
  46 292.184605   5.339542    64.756    64.748  7 55115.15443987 52.906
  47 292.185637   5.340512    64.599    64.558  7 55125.07008266 37.964
  48 292.186739   5.340287    63.603    63.621  7 55134.98572312 53.058
  49 292.187275   5.340294    62.923    62.934  7 55144.90136162 51.750
  50 292.187443   5.341564    62.066    61.979  8 55154.81699949 49.794
  51 292.188362   5.343109    60.955    60.952  7 55164.73263790 48.916
  52 292.190305   5.344991    60.949    60.869  7 55174.64827623 30.620
  53 292.191755   5.347257    59.748    59.697  9 55184.56391618 52.505
  54 292.189503   5.344251    59.407    59.338  8 55194.47956831 37.211
  55 292.186839   5.339875    58.817    58.827  7 55204.39521917 45.060
  56 292.184502   5.338796    58.232    58.140  7 55214.31086849 47.664
  57 292.183754   5.338322    57.724    57.671  7 55224.22651712 41.395
  58 292.183939   5.338481    57.606    57.629  7 55234.14216389 44.351
  59 292.184414   5.340125    57.596    57.652  7 55244.05780708 43.530
  60 292.183941   5.339884    57.296    57.298  7 55253.97344758 36.851
  61 292.183034   5.338366    57.452    57.424  7 55263.88908665 39.220
  62 292.183181   5.338546    57.883    57.903  8 55273.80472475 41.570
  63 292.185376   5.339782    58.063    58.086  8 55283.72036252 36.028
  64 292.188091   5.343366    58.041    58.004  7 55293.63599851 38.491
  65 292.190254   5.344858    61.904    61.867  7 55303.55163581 51.890
  66 292.188758   5.342461    66.277    66.901  7 55313.46728404 25.320
  67 292.187356   5.341055    65.203    65.191  8 55323.38292967 52.150
  68 292.186695   5.340471    67.269    66.374  8 55333.29857359 31.914
  69 292.186534   5.340735    66.974    66.937  7 55343.21421708 35.452
  70 292.186905   5.341760    67.698    67.561  7 55353.12985997 50.546
  71 292.188112   5.341390    67.602    67.589  7 55363.04550108 39.363
  72 292.188552   5.342367    68.046    68.068  7 55372.96114003 49.115
  73 292.189040   5.343978    68.601    68.647  7 55382.87677775 52.230
  74 292.190415   5.344270    68.576    68.574  8 55392.79241524 52.896
  75 292.192389   5.347250    68.444    68.411  9 55402.70805089 42.024
  76 292.191089   5.345676    68.616    68.627  8 55412.62370293 52.728
  77 292.189356   5.343808    68.758    68.753  7 55422.53935265 38.291
  78 292.187636   5.341453    69.007    68.958  8 55432.45499967 53.838
  79 292.185774   5.339164    68.601    68.631  7 55442.37064446 55.226
  80 292.184590   5.339685    67.758    67.736  7 55452.28628702 51.859
  81 292.185664   5.340325    66.376    66.395  7 55462.20192884 30.831
  82 292.187750   5.341697    65.331    65.350  8 55472.11756885 35.181
  83 292.188977   5.344777    64.421    64.403  7 55482.03320562 51.896
  84 292.190276   5.345285    63.799    63.759  7 55491.94884081 35.750
  85 292.191708   5.346285    66.691    66.862  8 55501.86447446 22.249
  86 292.191145   5.344864    65.203    64.828  8 55511.78011962 25.109
  87 292.189270   5.344884    64.135    64.080  8 55521.69576953 49.046
  88 292.188503   5.342758    64.738    64.728  7 55531.61141882 50.710
  89 292.187748   5.340839    64.179    64.262  7 55541.52706642 33.409
  90 292.186354   5.341127    63.050    62.977  7 55551.44271133 51.160
  91 292.185886   5.339160    61.741    61.761  7 55561.35835507 33.821
  92 292.186014   5.340375    61.592    61.614  8 55571.27399725 50.026
  93 292.187408   5.341134    61.063    61.071  7 55581.18963831 30.184
  94 292.188832   5.343050    59.473    59.211  7 55591.10527606 37.405
  95 292.190463   5.345125    59.008    59.089  8 55601.02091054 49.756
  96 292.191921   5.346128    58.678    58.613  8 55610.93654324 39.764
  97 292.193301   5.347935    58.429    58.440  8 55620.85217497 29.482
  98 292.190462   5.345576    59.405    59.473  8 55630.76782832 34.356
  99 292.189252   5.344689    59.802    59.815  8 55640.68347977 43.711
 100 292.188800   5.344031    59.936    59.925  8 55650.59912865 50.676
 101 292.187944   5.342983    59.981    59.944  7 55660.51477392 47.111
 102 292.186867   5.341853    61.388    61.389  7 55670.43041555 51.392
 103 292.187161   5.340877    63.273    63.174  8 55680.34605514 50.364
 104 292.188423   5.344319    64.988    64.926  7 55690.26169178 52.802
 105 292.190768   5.347594    67.186    66.774  8 55700.17732680 36.569
 106 292.192587   5.348069    66.964    66.926  9 55710.09296562 52.341
 107 292.190394   5.346025    67.710    67.741  8 55720.00861554 49.223
 108 292.188271   5.343922    67.880    67.883  7 55729.92426335 37.822
 109 292.187484   5.342331    68.839    68.896  7 55739.83991007 51.102
 110 292.187372   5.341994    69.007    69.036  7 55749.75555556 37.894
 111 292.187861   5.343015    69.471    69.488  7 55759.67119862 54.496
 112 292.189052   5.342711    69.492    69.496  7 55769.58683917 54.682
 113 292.189277   5.344311    69.394    69.392  8 55779.50247599 55.697
 114 292.190047   5.345821    68.909    68.912  8 55789.41811009 55.241
 115 292.191877   5.347710    68.149    68.135  8 55799.33374276 51.933
 116 292.191526   5.346546    67.230    67.224  8 55809.24938902 46.637
 117 292.191250   5.346416    65.757    65.789  8 55819.16503741 42.731
 118 292.191691   5.347457    66.452    66.636  8 55829.08068129 35.492
 119 292.192341   5.346845    66.196    65.915  8 55838.99632114 24.168
 120 292.191696   5.347809    66.420    66.238  8 55848.91195771 24.525
 121 292.192838   5.347333    65.305    65.242  8 55858.82759302 48.847
 122 292.191159   5.347746    65.173    64.910  8 55868.74324121 31.607
 123 292.190736   5.345930    64.698    64.728  8 55878.65889358 49.162
 124 292.191007   5.344969    67.421    67.977  8 55888.57453926 25.690
 125 292.191037   5.345601    65.026    65.092  8 55898.49017879 32.803
 126 292.191793   5.347639    65.054    65.011  8 55908.40581298 48.374
 127 292.189973   5.344551    64.614    64.774  7 55918.32146225 30.974
 128 292.188273   5.342517    64.079    64.073  8 55928.23711548 30.469
 129 292.187860   5.342307    62.796    62.755  8 55938.15276480 34.771
 130 292.187307   5.342494    61.339    61.268  7 55948.06840914 32.130
 131 292.187040   5.341779    60.037    60.007  7 55957.98404916 28.965
 132 292.186962   5.341935    60.376    60.402  7 55967.89968685 51.374
 133 292.188435   5.341852    59.963    59.960  7 55977.81532415 50.644
 134 292.190273   5.345924    59.426    59.371  8 55987.73096014 33.767
 135 292.192326   5.347698    59.237    59.463  9 55997.64660005 33.269
 136 292.191091   5.344712    59.762    59.736  8 56007.56225241 51.379
 137 292.188509   5.343954    61.127    61.132  7 56017.47789993 51.150
 138 292.186802   5.340274    63.088    63.145  7 56027.39354491 53.598
 139 292.185710   5.339885    64.926    64.897  8 56037.30918729 49.458
 140 292.187180   5.341570    65.791    65.778  7 56047.22482731 50.771
 141 292.189520   5.344908    66.635    66.586  7 56057.14046415 54.323
 142 292.192936   5.348330    67.236    67.152  9 56067.05609676 46.152
 143 292.190930   5.346656    67.005    67.035  8 56076.97174512 27.843
 144 292.188105   5.343921    66.689    66.674  7 56086.88739408 44.441
 145 292.187424   5.341047    67.142    67.153  7 56096.80304102 41.632
 146 292.187872   5.341431    67.414    67.414  7 56106.71868545 46.489
 147 292.188649   5.343907    67.592    67.559  7 56116.63431514 54.283
 148 292.190196   5.345429    67.882    67.875  8 56126.54995295 50.396
 149 292.191010   5.347668    68.584    68.536  8 56136.46558662 45.410
 150 292.190093   5.345186    68.221    68.411  8 56146.38123068 33.876
 151 292.188406   5.343631    68.535    68.535  7 56156.29687995 53.622
 152 292.188269   5.342691    73.779    74.310  7 56166.21252818 27.263
 153 292.188922   5.342872    68.381    68.451  7 56176.12817388 34.362
 154 292.189745   5.344531    68.123    68.060  8 56186.04381433 54.293
 155 292.189948   5.345931    66.813    66.862  8 56195.95945108 30.029
 156 292.190981   5.344844    65.561    65.648  8 56205.87508575 27.505
 157 292.192127   5.347080    65.568    65.042  9 56215.79071859 22.296
 158 292.193292   5.349322    64.619    64.633  9 56225.70635789 43.297
 159 292.191816   5.348131    63.686    63.702  8 56235.62201382 47.935
 160 292.190943   5.344973    63.086    63.106  8 56245.53766631 30.918
 161 292.188954   5.344385    63.271    63.346  8 56255.45331306 46.038
 162 292.188096   5.342873    62.297    62.287  7 56265.36895592 36.807
 163 292.187848   5.342979    61.439    61.427  7 56275.28459661 48.069
 164 292.187781   5.343294    60.246    60.252  7 56285.20024193 42.405
 165 292.187730   5.341564    60.149    60.148  8 56295.11589268 31.338
 166 292.187142   5.340541    59.356    59.391  7 56305.03153904 39.390
 167 292.186342   5.339441    58.550    58.513  7 56314.94718193 47.244
 168 292.185619   5.339951    58.220    58.295  7 56324.86282288 39.914
 169 292.186490   5.341127    58.023    58.096  7 56334.77846329 37.008
 170 292.188606   5.342864    58.363    58.331  7 56344.69410292 35.254
 171 292.190429   5.346683    59.024    59.060  8 56354.60973980 45.227
 172 292.189772   5.345882    59.517    59.533  8 56364.52538512 44.673
 173 292.187538   5.342286    59.706    59.723  7 56374.44103498 31.615
 175 292.184719   5.339963    60.067    60.102  7 56394.27232494 52.574
 176 292.186254   5.340534    61.282    61.271  7 56404.18796660 54.383
 177 292.188416   5.343132    63.153    63.075  8 56414.10360482 53.405
 178 292.191606   5.346226    63.857    63.859  8 56424.01923814 33.353
 179 292.191158   5.344776    65.027    64.999  8 56433.93488322 37.850
 180 292.187903   5.340932    66.115    66.136  7 56443.85053580 27.753
 181 292.185553   5.339836    67.137    67.134  7 56453.76618553 51.634
 182 292.185258   5.338999    67.747    67.811  7 56463.68183282 48.254
 183 292.185604   5.340216    68.109    68.083  7 56473.59747634 52.680
 184 292.187126   5.340075    67.818    67.905  7 56483.51311685 35.298
 185 292.187767   5.341976    68.043    67.949  8 56493.42875330 53.202
 186 292.189516   5.343902    68.312    68.304  7 56503.34438726 54.488
 187 292.192889   5.347208    68.127    68.085  8 56513.26001928 50.635
 188 292.192635   5.347227    68.027    68.010  8 56523.17566788 55.798
 189 292.190929   5.346458    67.577    67.671  8 56533.09131933 35.890
 191 292.187890   5.342976    67.778    67.785  7 56552.92261191 33.100
 192 292.187343   5.341847    67.124    67.239  7 56562.83825475 27.507
 193 292.187979   5.341895    67.015    67.019  7 56572.75389649 50.604
 194 292.189324   5.344907    66.172    66.077  8 56582.66953581 44.938
 195 292.192658   5.347760    65.815    65.001  8 56592.58517099 34.321
 196 292.190916   5.345582    67.103    67.659  8 56602.50082272 30.828
 197 292.188477   5.343418    63.931    63.911  7 56612.41647260 52.825
 198 292.187941   5.341161    63.651    63.711  7 56622.33211808 37.056
 199 292.187571   5.342556    63.575    63.582  7 56632.24775975 50.547
 200 292.189582   5.344502    62.862    62.833  7 56642.16339703 35.362
 201 292.188974   5.343596    62.152    62.119  7 56652.07904631 24.847
 202 292.187635   5.341120    60.240    60.237  7 56661.99469627 44.603
 203 292.186270   5.339564    59.815    59.801  7 56671.91034333 51.353
 204 292.185384   5.339938    59.134    59.100  7 56681.82598862 37.315
 205 292.186201   5.341125    58.280    58.298  7 56691.74163207 39.484
 206 292.188800   5.342258    58.207    58.280  7 56701.65727195 39.008
 207 292.190511   5.346406    57.782    57.797  8 56711.57290620 32.524
 208 292.188980   5.344346    57.854    57.847  8 56721.48855187 41.636
 209 292.185798   5.340137    58.247    58.195  7 56731.40420438 46.331
 210 292.183867   5.339733    58.402    58.455  7 56741.31985217 48.999
 211 292.185261   5.338648    58.912    58.845  7 56751.23549592 46.482
 212 292.187524   5.342707    59.621    59.667  7 56761.15113344 46.903
 213 292.191383   5.345847    60.455    60.492  8 56771.06676461 47.835
 214 292.188301   5.343076    62.176    62.159  7 56780.98241877 45.660
 215 292.184705   5.340104    63.534    63.622  7 56790.89807367 32.093
 216 292.182100   5.337337    64.174    64.119  7 56800.81372576 39.521
 217 292.182431   5.336556    64.829    64.825  7 56810.72937093 44.671
 218 292.183549   5.339087    65.836    65.855  7 56820.64501090 29.325
 219 292.185822   5.341282    67.482    67.491  7 56830.56064697 50.330
 220 292.188601   5.343441    68.110    68.110  7 56840.47627976 55.766
 221 292.190530   5.344682    69.294    69.243  8 56850.39191481 53.006
 222 292.188251   5.341587    69.490    69.479  7 56860.30756933 50.358
 223 292.186890   5.340991    69.470    69.466  7 56870.22322249 55.692
 224 292.186507   5.340313    69.256    69.255  8 56880.13887302 38.181
 225 292.185727   5.339626    69.617    69.663  7 56890.05451994 32.301
 226 292.184100   5.338728    69.448    69.377  7 56899.97016407 34.219
 227 292.182685   5.337686    68.430    68.434  8 56909.88580633 32.662
 228 292.183237   5.338567    68.117    68.119  7 56919.80144700 53.513
 229 292.185972   5.341067    67.342    67.317  7 56929.71708565 46.251
 230 292.189945   5.344212    65.699    65.677  8 56939.63271978 31.478
 231 292.192021   5.347089    66.339    66.176  8 56949.54835644 34.703
 232 292.188838   5.344207    66.177    66.171  8 56959.46400950 51.733
 233 292.187028   5.340312    65.906    65.922  7 56969.37965758 53.958
 234 292.186990   5.339949    65.107    65.059  7 56979.29530099 54.234
 235 292.188291   5.343526    64.591    64.592  7 56989.21093910 53.779
 236 292.192066   5.347303    63.258    62.835  9 56999.12657104 29.299
 237 292.190552   5.345666    62.065    62.048  7 57009.04222263 42.213
 238 292.188174   5.342579    61.299    61.288  7 57018.95787557 44.739
 239 292.186560   5.339667    60.209    60.217  7 57028.87352575 34.108
 240 292.185654   5.339352    59.333    59.297  7 57038.78917407 45.801
 241 292.186177   5.340300    59.410    59.429  8 57048.70482004 47.398
 242 292.187857   5.342290    59.690    59.670  7 57058.62046205 38.128
 243 292.189280   5.344850    59.796    59.759  8 57068.53609819 41.023
 244 292.190304   5.346717    59.338    59.278  8 57078.45173003 50.478
 245 292.191477   5.346227    58.716    58.459  8 57088.36736522 34.646
 246 292.187964   5.342658    58.722    58.688  7 57098.28302397 37.022
 247 292.186344   5.341628    59.390    59.321  7 57108.19867923 50.878
 248 292.187134   5.341055    59.179    59.132  8 57118.11432938 35.130
 249 292.187460   5.341094    59.668    59.576  8 57128.02997327 53.443
 250 292.187422   5.341377    61.794    61.813  8 57137.94561162 26.427
 251 292.187958   5.343656    62.713    62.661  7 57147.86124599 49.479
 252 292.191011   5.345157    62.135    62.136  8 57157.77687840 29.280
 253 292.191213   5.345453    63.855    63.843  8 57167.69252523 40.856
 254 292.188938   5.343911    65.022    64.992  7 57177.60818191 36.844
 255 292.187191   5.341655    65.788    65.741  7 57187.52383466 37.043
 256 292.185857   5.339895    67.125    67.178  7 57197.43948308 47.177
 257 292.184950   5.339453    67.887    67.927  8 57207.35511731 53.384
 258 292.185355   5.339603    68.373    68.334  8 57217.27076159 54.067
 259 292.187014   5.340502    68.761    68.765  7 57227.18640465 44.405
 260 292.188468   5.343179    68.683    68.564  8 57237.10204521 39.970
 261 292.190067   5.344432    68.686    68.729  7 57247.01768268 48.730
 262 292.190872   5.345795    68.467    68.480  8 57256.93331758 53.795
 263 292.192009   5.346543    68.232    68.218  8 57266.84895171 52.298
 264 292.191552   5.346670    67.838    67.809  9 57276.76459743 53.067
 265 292.190050   5.345338    66.850    66.845  7 57286.68025452 38.385
 266 292.188889   5.343811    65.253    65.196  7 57296.59590887 46.587
 267 292.187829   5.341893    63.391    63.410  8 57306.51155966 39.515
 268 292.185720   5.340207    63.954    63.950  7 57316.42720645 51.301
 269 292.184125   5.338803    63.381    63.391  8 57326.34284969 53.851
 270 292.184597   5.339306    63.621    63.642  8 57336.25849051 53.013
 271 292.184903   5.340004    63.541    63.519  7 57346.17413708 51.127
 272 292.185326   5.340033    63.000    63.016  7 57356.08978408 46.770
 273 292.186044   5.340177    62.360    62.405  8 57366.00542742 50.083
 274 292.186881   5.340018    61.224    61.260  7 57375.92106773 35.577
 275 292.187841   5.341599    60.487    60.454  7 57385.83670619 45.074
 276 292.189594   5.344064    60.169    60.175  7 57395.75234422 51.290
 277 292.191722   5.348132    59.139    59.171  8 57405.66798106 35.755
 278 292.191218   5.346860    58.426    58.387  8 57415.58363107 47.713
 279 292.189179   5.344108    57.935    57.842  8 57425.49928332 44.807
 280 292.186789   5.340697    57.696    57.599  7 57435.41493254 48.262
 281 292.185185   5.339300    57.744    57.752  8 57445.33057936 43.320
 282 292.185342   5.338915    57.720    57.747  7 57455.24622513 46.502
 283 292.186682   5.340788    57.725    57.449  8 57465.16186839 43.778
 284 292.189091   5.343903    57.663    57.675  8 57475.07750768 40.725
 285 292.190544   5.346835    58.021    57.981  8 57484.99314345 37.963
 286 292.192080   5.346417    59.811    59.702  8 57494.90877730 42.174
 287 292.193819   5.348165    61.560    61.560  9 57504.82440923 48.517
 288 292.190218   5.345724    63.781    63.776  8 57514.74006594 36.924
 289 292.188706   5.343773    65.023    65.028  7 57524.65572077 34.774
 290 292.188182   5.341425    65.790    65.759  7 57534.57137343 38.143
 291 292.186394   5.341719    66.771    66.828  7 57544.48702239 29.546
 292 292.185422   5.340724    67.649    67.683  7 57554.40266907 53.136
 293 292.185481   5.340117    68.488    68.483  7 57564.31831393 52.338
 294 292.185902   5.341152    69.026    69.012  7 57574.23395773 55.007
 295 292.186978   5.341324    69.238    69.259  8 57584.14960125 36.798
 296 292.188034   5.341686    69.389    69.370  7 57594.06524275 55.457
 297 292.188622   5.342360    69.646    69.576  7 57603.98088206 48.089
