#   80.243  -3.522   5.799 ;Mean Elev.(m), Avg Gradient(m/km), RMS Gradient(m/km) - SRTM1     
#  124.320   2.539   7.281 ;Mean Elev.(m), Avg Gradient(m/km), RMS Gradient(m/km) - ASTER GDEM
#   85.159  -0.642   4.231 ;Mean Elev.(m), Avg Gradient(m/km), RMS Gradient(m/km) - GMTED2010 
   1 292.685573   3.964493    88.961    88.932  3 54668.95080244 36.368
   2 292.684613   3.964016    88.982    88.968  4 54678.86644636 30.403
   3 292.685488   3.965016    88.831    88.817  4 54688.78208920 35.230
   4 292.688878   3.964429    88.508    88.467  3 54698.69773077 41.631
   5 292.690004   3.965612    87.818    87.783  3 54708.61337413 29.716
   6 292.687061   3.964898    87.277    87.236  3 54718.52902590 32.555
   7 292.683543   3.963592    86.796    86.794  4 54728.44467506 40.548
   8 292.679771   3.964551    86.278    86.291  4 54738.36032196 34.147
   9 292.677982   3.964912    86.260    86.220  4 54748.27596876 44.841
  10 292.677998   3.964185    86.081    85.955  4 54758.19161550 49.402
  11 292.679261   3.964190    85.399    85.298  4 54768.10726000 26.462
  12 292.680958   3.964391    85.554    85.572  4 54778.02290119 48.715
  13 292.682564   3.963249    85.441    85.358  4 54787.93854037 50.977
  14 292.682787   3.964777    85.641    85.622  4 54797.85417821 46.229
  15 292.685144   3.963897    85.025    85.033  3 54807.76981697 46.936
  16 292.688116   3.964839    85.213    85.194  4 54817.68545498 31.713
  17 292.687185   3.964392    84.850    84.831  3 54827.60110570 34.293
  18 292.683842   3.963850    84.726    84.713  4 54837.51674514 51.422
  19 292.679483   3.964017    85.028    84.822  4 54847.43239454 51.951
  20 292.676432   3.965116    84.351    84.161  4 54857.34804303 48.435
  21 292.676106   3.964196    84.296    84.245  4 54867.26369201 49.542
  22 292.676831   3.963793    83.689    83.537  4 54877.17934016 47.578
  23 292.677975   3.964303    83.730    83.746  4 54887.09498510 44.844
  24 292.677725   3.963827    83.461    83.209  4 54897.01062667 47.989
  25 292.676481   3.963455    83.566    83.526  4 54906.92626569 25.496
  26 292.676254   3.964070    83.561    83.570  3 54916.84190364 20.319
  27 292.678021   3.964283    83.814    83.717  4 54926.75754194 21.737
  28 292.681304   3.964667    83.407    83.397  4 54936.67317978 43.584
  29 292.685332   3.964696    84.330    84.345  4 54946.58881594 42.135
  30 292.689076   3.965064    84.083    84.038  4 54956.50444969 36.461
  31 292.686330   3.965102    83.969    83.900  4 54966.42009823 49.986
  32 292.684210   3.963983    83.900    83.875  4 54976.33574577 49.070
  33 292.682691   3.964636    83.423    83.215  4 54986.25139273 37.452
  34 292.683492   3.963116    84.976    84.970  4 54996.16704033 47.188
  35 292.683475   3.963633    85.590    85.616  4 55006.08268579 45.901
  36 292.682935   3.963158    86.122    86.171  4 55015.99832922 43.787
  37 292.681398   3.964055    87.157    87.168  3 55025.91397102 35.560
  38 292.680855   3.963846    87.283    87.302  4 55035.82961291 40.482
  39 292.682492   3.964080    87.002    86.984  4 55045.74525431 31.366
  40 292.686309   3.963984    92.845    92.748  3 55055.66089432 32.131
  41 292.688963   3.965058    87.293    87.266  3 55065.57653174 31.299
  42 292.686194   3.964478    86.567    86.558  3 55075.49218030 51.188
  43 292.681956   3.963769    85.960    85.922  4 55085.40782795 50.524
  44 292.678606   3.964730    85.096    85.041  4 55095.32347351 21.983
  45 292.678480   3.963802    84.302    84.302  4 55105.23911934 24.171
  46 292.679583   3.963295    92.164    92.384  4 55115.15476487 28.581
  47 292.680638   3.964275    84.872    84.784  4 55125.07040766 49.730
  48 292.681759   3.964056    84.051    84.029  4 55134.98604812 46.758
  49 292.682296   3.964065    83.890    83.778  4 55144.90168661 47.448
  50 292.682888   3.964083    83.391    83.458  4 55154.81732478 37.781
  51 292.684226   3.964386    84.003    83.990  4 55164.73296349 25.548
  52 292.686587   3.965032    83.168    83.418  3 55174.64860211 35.330
  53 292.688920   3.964833    82.617    82.605  3 55184.56424266 43.124
  54 292.685743   3.964364    82.660    82.536  4 55194.47989420 43.242
  55 292.681692   3.963765    82.545    82.386  4 55204.39554417 49.557
  56 292.678864   3.963957    82.485    82.648  3 55214.31119319 37.936
  57 292.677654   3.964751    82.088    81.863  4 55224.22684153 42.027
  58 292.678101   3.964285    81.993    81.841  3 55234.14248845 30.732
  59 292.679519   3.963493    81.815    81.850  4 55244.05813223 49.423
  60 292.678868   3.963881    82.110    82.065  4 55253.97377258 33.398
  61 292.677589   3.963376    82.279    82.118  4 55263.88941141 33.152
  62 292.677618   3.963756    82.698    82.700  4 55273.80504945 22.570
  63 292.679794   3.964981    82.491    82.397  4 55283.72068722 47.011
  64 292.683881   3.964825    82.157    82.145  4 55293.63632410 39.283
  65 292.686535   3.965093    84.418    84.364  3 55303.55196170 34.891
  66 292.684609   3.963959    88.648    88.106  4 55313.46760963 23.034
  67 292.682737   3.963792    86.292    86.178  4 55323.38325496 52.364
  68 292.682036   3.963179    87.137    87.105  4 55333.29889888 46.088
  69 292.681402   3.964658    88.097    88.072  4 55343.21454208 49.512
  70 292.682682   3.963156    88.020    88.084  4 55353.13018556 51.316
  71 292.683463   3.964006    87.571    87.530  3 55363.04582637 35.735
  72 292.684369   3.963692    88.213    88.211  4 55372.96146562 41.948
  73 292.685300   3.964004    88.506    88.556  3 55382.87710363 47.793
  74 292.686665   3.964251    88.657    88.619  4 55392.79274112 35.196
  75 292.689548   3.964709    90.131    88.636  3 55402.70837737 36.092
  76 292.687842   3.964391    88.706    88.706  3 55412.62402911 36.687
  77 292.685271   3.965046    89.092    89.104  4 55422.53967824 49.524
  78 292.683138   3.963959    89.300    89.277  4 55432.45532496 48.685
  79 292.680807   3.962915    89.020    89.033  4 55442.37096945 49.365
  80 292.679580   3.963421    88.396    88.335  4 55452.28661202 50.670
  81 292.680625   3.964046    87.613    87.582  4 55462.20225384 50.431
  82 292.683300   3.963850    87.134    87.170  3 55472.11789422 51.375
  83 292.685363   3.964766    86.086    86.097  3 55482.03353150 42.487
  84 292.686700   3.965280    85.311    85.339  3 55491.94916669 34.774
  85 292.688563   3.965019    85.449    85.447  3 55501.86480063 35.154
  86 292.687490   3.964834    85.033    85.033  4 55511.78044550 27.735
  87 292.685562   3.964853    85.681    85.648  4 55521.69609541 34.572
  88 292.684323   3.963996    85.892    85.920  4 55531.61174441 44.859
  89 292.682671   3.964619    85.603    85.602  4 55541.52739142 33.272
  90 292.681273   3.964951    85.035    84.949  4 55551.44303632 51.353
  91 292.680769   3.963013    85.108    84.961  4 55561.35868006 51.671
  92 292.681304   3.962995    89.711    90.709  4 55571.27432254 26.130
  93 292.682685   3.963771    83.679    83.705  3 55581.18996360 43.231
  94 292.684598   3.964472    83.062    83.107  4 55591.10560164 52.269
  95 292.687195   3.964078    83.173    83.189  3 55601.02123672 50.417
  96 292.688695   3.965100    82.983    82.922  3 55610.93686942 43.285
  97 292.690623   3.965325    84.023    84.076  3 55620.85250152 22.895
  98 292.687160   3.964518    83.498    83.482  3 55630.76815449 51.222
  99 292.685468   3.964872    83.974    83.889  4 55640.68380566 24.693
 100 292.685034   3.964231    83.902    83.841  4 55650.59945453 26.021
 101 292.683778   3.964467    83.059    83.037  4 55660.51509950 51.153
 102 292.682724   3.963357    84.200    84.239  4 55670.43074114 38.128
 103 292.682541   3.963621    85.153    85.177  4 55680.34638043 52.877
 104 292.684651   3.964530    85.941    85.983  3 55690.26201766 52.314
 105 292.687863   3.965265    87.214    87.227  4 55700.17765328 51.718
 106 292.689687   3.965715    87.312    87.294  3 55710.09329209 49.375
 107 292.687078   3.964894    87.926    87.860  3 55720.00894171 52.341
 108 292.684529   3.964008    87.622    87.615  3 55729.92458923 44.501
 109 292.683297   3.963627    87.893    87.720  4 55739.84023565 32.145
 110 292.683182   3.963256    88.220    88.191  4 55749.75588114 39.042
 111 292.683682   3.964260    88.296    88.320  4 55759.67152421 35.875
 112 292.684910   3.963956    90.796    90.667  4 55769.58716476 34.116
 113 292.685636   3.964327    88.536    88.546  4 55779.50280187 49.032
 114 292.686643   3.965291    88.256    88.244  3 55789.41843611 48.823
 115 292.689162   3.965235    87.483    87.385  4 55799.33406924 50.921
 116 292.688322   3.965305    87.215    87.215  3 55809.24971519 51.478
 117 292.688016   3.965153    86.371    86.328  3 55819.16536359 51.834
 118 292.688920   3.964939    85.865    85.871  4 55829.08100776 46.654
 119 292.689167   3.965582    86.246    86.182  3 55838.99664732 45.967
 120 292.689008   3.965299    92.945    92.948  4 55848.91228419 30.991
 121 292.689683   3.966060    85.743    85.654  3 55858.82791920 27.733
 122 292.688392   3.965211    86.200    86.192  4 55868.74356768 34.676
 123 292.687462   3.964644    86.014    86.031  3 55878.65921975 36.915
 124 292.687261   3.964953    86.373    86.364  4 55888.57486514 41.301
 125 292.687743   3.964380    86.410    86.422  3 55898.49050497 42.562
 126 292.688951   3.965214    85.879    85.853  4 55908.40613946 48.901
 127 292.686209   3.964659    85.184    85.208  3 55918.32178813 54.417
 128 292.684038   3.963897    84.591    84.572  3 55928.23744106 52.953
 129 292.683627   3.963710    84.109    84.140  3 55938.15309039 52.377
 130 292.683106   3.963927    83.684    83.681  4 55948.06873473 52.452
 131 292.682872   3.963232    84.081    84.048  4 55957.98437475 26.550
 132 292.682804   3.963397    83.673    83.651  4 55967.90001244 42.214
 133 292.684258   3.963309    83.379    83.283  4 55977.81564974 40.688
 134 292.687206   3.964224    83.460    83.447  4 55987.73128647 42.960
 135 292.689459   3.965413    83.377    83.244  3 55997.64692653 50.865
 136 292.687330   3.964947    83.580    83.436  4 56007.56257829 38.328
 137 292.684764   3.964215    83.979    83.886  3 56017.47822581 49.580
 138 292.681703   3.964294    84.530    84.422  4 56027.39386991 50.234
 139 292.680585   3.963897    85.517    85.426  3 56037.30951229 50.386
 140 292.682923   3.963053    86.107    85.939  4 56047.22515289 51.783
 141 292.686148   3.963858    87.121    87.056  4 56057.14079033 53.573
 142 292.690024   3.966001    87.087    87.098  3 56067.05642324 42.191
 143 292.687590   3.965546    86.442    86.408  3 56076.97207130 34.431
 144 292.684331   3.964025    92.793    92.861  3 56086.88771996 26.892
 145 292.682316   3.964866    86.716    86.695  4 56096.80336602 44.490
 146 292.683233   3.963980    90.530    90.079  3 56106.71901075 30.626
 147 292.684946   3.963950    86.886    86.731  3 56116.63464102 31.017
 148 292.686978   3.964221    87.451    87.367  3 56126.55027913 40.214
 149 292.688267   3.965214    88.163    88.167  4 56136.46591309 48.306
 150 292.686444   3.965229    88.806    88.689  4 56146.38155656 50.730
 151 292.684291   3.964909    88.566    88.536  4 56156.29720554 51.828
 152 292.684141   3.963950    88.526    88.484  4 56166.21285377 38.324
 153 292.684804   3.964117    88.558    88.522  4 56176.12849947 51.590
 154 292.686100   3.964516    88.085    88.065  4 56186.04414021 51.390
 155 292.686778   3.964650    86.879    86.812  3 56195.95977726 42.970
 156 292.687356   3.964794    86.022    86.050  4 56205.87541163 33.425
 157 292.689373   3.964507    85.438    85.430  3 56215.79104506 49.975
 158 292.690501   3.966742    85.686    85.698  3 56225.70668436 37.387
 159 292.689006   3.965564    84.603    84.587  4 56235.62234029 33.581
 160 292.687229   3.964934    84.461    84.472  4 56245.53799219 36.225
 161 292.685232   3.964385    84.414    84.457  4 56255.45363894 47.459
 162 292.683901   3.964155    84.311    84.113  4 56265.36928151 49.617
 163 292.683629   3.964288    83.884    83.845  4 56275.28492219 51.562
 164 292.683566   3.964634    83.937    83.851  4 56285.20056752 30.338
 165 292.683096   3.964190    83.352    83.356  4 56295.11621797 51.392
 166 292.682100   3.964448    82.886    82.712  4 56305.03186404 48.273
 167 292.681306   3.963358    83.499    83.530  4 56314.94750693 26.986
 168 292.680549   3.963862    82.767    82.741  4 56324.86314788 35.322
 169 292.681831   3.963781    85.289    83.437  3 56334.77878858 17.809
 170 292.684388   3.964281    83.376    83.392  4 56344.69442851 37.950
 171 292.687581   3.964379    83.466    83.483  4 56354.61006627 27.570
 172 292.686493   3.964863    82.988    82.913  3 56364.52571130 50.987
 173 292.683343   3.963787    82.648    82.552  4 56374.44136057 39.008
 175 292.679288   3.964632    82.524    82.554  4 56394.27264978 46.505
 176 292.681058   3.964490    83.920    83.889  4 56404.18829160 48.016
 177 292.684582   3.963322    84.864    84.864  4 56414.10393070 52.662
 178 292.688262   3.965147    85.262    85.241  3 56424.01956432 45.284
 179 292.687384   3.964919    85.989    85.987  4 56433.93520910 36.998
 180 292.682782   3.964787    86.957    86.959  4 56443.85086080 35.154
 181 292.680426   3.963654    87.494    87.520  4 56453.76651053 33.984
 182 292.679703   3.964053    87.797    87.779  3 56463.68215752 37.752
 183 292.680550   3.964023    87.839    87.836  4 56473.59780134 33.812
 184 292.682126   3.963893    87.359    87.367  4 56483.51344185 32.885
 185 292.683233   3.964542    87.894    87.871  4 56493.42907860 50.475
 186 292.685853   3.963945    87.787    87.763  3 56503.34471314 46.569
 187 292.689638   3.965970    88.377    87.389  3 56513.26034546 32.162
 188 292.689378   3.965967    88.009    87.978  3 56523.17599406 50.507
 189 292.687709   3.965193    87.652    87.638  3 56533.09164551 51.917
 191 292.683828   3.964181    87.381    87.362  4 56552.92293749 33.192
 192 292.683239   3.963017    86.915    86.929  4 56562.83858034 30.488
 193 292.683821   3.963034    86.613    86.642  4 56572.75422208 37.901
 194 292.685587   3.964795    91.333    92.724  4 56582.66986170 33.476
 195 292.689838   3.965175    85.965    85.954  4 56592.58549746 37.003
 196 292.687666   3.964298    85.316    85.314  3 56602.50114889 43.579
 197 292.684330   3.964676    85.127    85.090  4 56612.41679818 48.136
 198 292.683310   3.963693    84.706    84.722  3 56622.33244337 51.662
 199 292.683357   3.963858    84.907    84.864  4 56632.24808534 51.042
 200 292.685818   3.964576    84.193    84.124  3 56642.16372291 31.269
 201 292.684798   3.964963    83.750    83.491  4 56652.07937190 49.801
 202 292.683052   3.963770    83.195    83.246  3 56661.99502156 37.406
 203 292.681032   3.964075    83.086    83.096  4 56671.91066819 44.034
 204 292.680310   3.963848    83.187    82.894  4 56681.82631362 37.562
 205 292.681524   3.963780    82.735    82.553  3 56691.74195736 30.000
 206 292.684549   3.963677    83.531    83.467  4 56701.65759753 23.541
 207 292.687188   3.965362    83.462    83.497  3 56711.57323237 27.868
 208 292.685347   3.964255    82.396    82.388  3 56721.48887783 48.456
 209 292.680679   3.964166    82.690    82.785  4 56731.40452938 50.344
 210 292.678693   3.963754    82.510    82.548  4 56741.32017717 44.496
 211 292.679580   3.963896    83.170    82.953  3 56751.23582062 25.084
 212 292.683178   3.964183    83.296    83.205  4 56761.15145903 45.629
 213 292.687971   3.964815    83.751    83.715  3 56771.06709079 50.438
 214 292.684039   3.964536    83.717    83.718  4 56780.98274435 36.068
 215 292.679579   3.964040    88.593    89.463  4 56790.89839867 27.069
 216 292.676078   3.963738    84.411    84.436  4 56800.81405016 37.109
 217 292.675948   3.964171    84.954    84.971  3 56810.72969505 27.683
 218 292.677974   3.964186    90.585    90.865  3 56820.64533560 26.948
 219 292.681191   3.963883    87.054    87.056  3 56830.56097226 40.974
 220 292.684474   3.964804    87.674    87.664  4 56840.47660534 45.536
 221 292.686871   3.964797    88.484    88.386  4 56850.39224069 50.903
 222 292.683663   3.964174    88.228    88.210  3 56860.30789462 52.394
 223 292.681811   3.964789    87.547    87.557  4 56870.22354748 33.927
 224 292.681418   3.964079    88.328    88.299  3 56880.13919801 49.928
 225 292.680668   3.963377    88.904    88.927  4 56890.05484493 49.710
 226 292.678189   3.964963    88.404    88.480  4 56899.97048848 33.377
 227 292.676333   3.965142    87.570    87.589  4 56909.88613044 45.568
 228 292.677302   3.964738    86.580    86.569  4 56919.80177141 30.940
 229 292.680894   3.964711    85.927    85.918  4 56929.71741065 32.182
 230 292.686198   3.964107    84.818    84.787  4 56939.63304566 32.835
 231 292.688741   3.965765    85.388    85.377  3 56949.54868262 41.317
 232 292.685132   3.964178    86.397    86.400  4 56959.46433539 50.723
 233 292.681979   3.964070    85.534    85.374  4 56969.37998258 50.789
 234 292.681924   3.963732    84.891    84.889  4 56979.29562599 49.925
 235 292.684107   3.964825    85.196    85.219  4 56989.21126468 53.083
 236 292.689233   3.964868    83.775    83.758  3 56999.12689751 50.831
 237 292.687283   3.964511    84.068    84.047  4 57009.04254881 31.302
 238 292.684033   3.963945    83.947    83.931  4 57018.95820116 30.390
 239 292.681519   3.963548    83.822    83.804  4 57028.87385075 24.929
 240 292.680583   3.963237    83.034    82.893  4 57038.78949907 44.542
 241 292.681515   3.962940    83.349    83.379  4 57048.70514534 22.283
 242 292.683620   3.963696    83.509    83.583  4 57058.62078764 19.892
 243 292.685496   3.965036    82.892    82.883  4 57068.53642408 38.654
 244 292.687417   3.964441    82.869    82.780  4 57078.45205650 36.451
 245 292.688120   3.965228    82.491    82.538  3 57088.36769140 50.465
 246 292.683667   3.964156    82.425    82.344  4 57098.28334955 32.371
 247 292.682013   3.963110    82.434    82.462  4 57108.19900482 50.288
 248 292.682358   3.963771    82.897    82.823  4 57118.11465467 24.938
 249 292.682717   3.963802    83.028    83.031  4 57128.03029856 25.634
 250 292.682807   3.963826    83.166    83.181  4 57137.94593697 29.270
 251 292.684183   3.963818    82.914    83.027  3 57147.86157187 44.433
 252 292.687364   3.964969    82.822    82.824  3 57157.77720436 37.958
 253 292.687906   3.964324    84.153    84.191  3 57167.69285141 42.140
 254 292.685200   3.964023    84.549    84.544  3 57177.60850779 51.153
 255 292.683029   3.963013    90.895    92.619  4 57187.52416024 25.746
 256 292.680812   3.963748    86.910    86.845  4 57197.43980807 51.591
 257 292.679454   3.964540    86.756    86.721  4 57207.35544202 35.736
 258 292.679844   3.964663    87.004    87.013  4 57217.27108629 46.233
 259 292.681948   3.964283    86.791    86.784  4 57227.18672965 37.564
 260 292.684312   3.964433    87.877    87.873  3 57237.10237079 52.283
 261 292.686378   3.964410    87.139    87.120  3 57247.01800856 35.852
 262 292.687644   3.964486    93.007    93.193  3 57256.93364376 30.337
 263 292.688769   3.965198    87.044    87.011  3 57266.84927789 38.695
 264 292.688290   3.965302    86.138    86.128  4 57276.76492361 33.381
 265 292.686330   3.965214    85.330    85.273  3 57286.68058041 38.544
 266 292.684734   3.964953    85.006    84.566  4 57296.59623446 24.201
 267 292.683652   3.963169    91.030    92.870  4 57306.51188522 28.790
 268 292.680683   3.963911    84.422    84.435  4 57316.42753145 48.276
 269 292.678624   3.963782    83.881    83.903  4 57326.34317440 43.082
 270 292.679079   3.964306    75.473    74.544  4 57336.25881521 21.941
 271 292.679837   3.963774    83.939    83.892  4 57346.17446208 50.868
 272 292.680283   3.963830    83.223    83.255  4 57356.09010907 47.654
 273 292.681021   3.963995    82.993    83.034  3 57366.00575242 42.819
 274 292.681853   3.963846    82.518    82.458  4 57375.92139273 42.624
 275 292.683680   3.962932    83.636    83.644  4 57385.83703178 22.898
 276 292.685854   3.964157    83.595    83.560  3 57395.75267010 26.741
 277 292.689100   3.965093    82.934    83.298  3 57405.66830769 30.509
 278 292.688049   3.965366    82.513    82.305  4 57415.58395734 37.810
 279 292.685486   3.964077    81.791    81.573  4 57425.49960925 51.393
 280 292.681635   3.964659    81.662    81.659  4 57435.41525753 49.696
 281 292.679532   3.964517    81.865    81.699  4 57445.33090406 42.010
 282 292.679653   3.964133    81.923    81.913  3 57455.24654983 41.923
 283 292.681898   3.963508    81.938    81.889  4 57465.16219369 30.031
 284 292.685254   3.964134    82.168    82.054  4 57475.07783356 37.162
 285 292.687658   3.964565    82.564    82.245  4 57484.99346993 40.428
 286 292.688768   3.965370    88.389    90.095  3 57494.90910348 28.303
 287 292.690941   3.965833    84.249    84.500  3 57504.82473571 25.068
 288 292.686875   3.964620    85.228    85.236  3 57514.74039212 34.924
 289 292.684933   3.963914    85.843    85.797  3 57524.65604666 45.440
 290 292.683558   3.964076    85.874    85.866  3 57534.57169872 48.473
 291 292.682255   3.963127    91.874    92.706  4 57544.48734798 31.781
 292 292.680377   3.964618    86.452    86.442  4 57554.40299407 43.714
 293 292.680398   3.963977    87.381    87.352  4 57564.31863893 38.824
 294 292.681242   3.963729    88.349    88.373  3 57574.23428302 49.048
 295 292.682329   3.963876    89.352    89.108  4 57584.14992655 31.134
 296 292.683868   3.962969    88.554    88.574  4 57594.06556834 48.120
 297 292.684482   3.963615    88.784    88.752  4 57603.98120765 52.899
