#    4.952   0.255  21.575 ;Mean Elev.(m), Avg Gradient(m/km), RMS Gradient(m/km) - SRTM1     
#  310.158  -0.096  70.460 ;Mean Elev.(m), Avg Gradient(m/km), RMS Gradient(m/km) - ASTER GDEM
#   10.482   0.304  20.738 ;Mean Elev.(m), Avg Gradient(m/km), RMS Gradient(m/km) - GMTED2010 
   1 298.613212   8.594620     3.977     3.963 15 54665.47939408 38.101
   2 298.611509   8.594344     4.373     4.333 15 54675.39503832 48.477
   3 298.610742   8.593995     4.122     4.547 14 54685.31068104 49.893
   4 298.612701   8.594463     4.783     4.821 14 54695.22632260 49.612
   5 298.615755   8.593178     4.669     4.628 14 54705.14196140 51.105
   6 298.614862   8.593861     4.677     4.619 15 54715.05761301 38.752
   7 298.612662   8.593572     4.414     4.417 14 54724.97326288 37.768
   8 298.609436   8.595490     4.218     4.268 15 54734.88891137 36.177
   9 298.605889   8.596085     3.973     3.954 14 54744.80455875 32.400
  10 298.604422   8.596555     3.948     3.900 13 54754.72020595 38.964
  11 298.605299   8.596495     3.333     3.279 14 54764.63585226 26.800
  12 298.606901   8.595500     3.130     3.120 14 54774.55149558 27.006
  13 298.608376   8.595943     3.016     3.005 14 54784.46713647 27.664
  14 298.608830   8.594757     3.141     3.082 13 54794.38277485 52.528
  15 298.610889   8.595475     3.178     3.185 14 54804.29841265 50.807
  16 298.612979   8.593828     3.272     3.163 14 54814.21404948 52.974
  17 298.613342   8.594496     2.933     2.819 15 54824.12969426 47.697
  18 298.610814   8.595062     2.564     2.646 14 54834.04533399 30.202
  19 298.607837   8.596558     2.778     2.656 14 54843.96098402 26.572
  20 298.604758   8.596043     2.725     2.816 14 54853.87663293 23.159
  21 298.603436   8.597447     1.778     1.657 14 54863.79228230 28.623
  22 298.602627   8.597218     2.789     2.759 14 54873.70793123 23.348
  23 298.603148   8.596901     2.427     2.415 13 54883.62357779 22.666
  24 298.603659   8.596144     2.186     2.266 14 54893.53922072 23.856
  25 298.603755   8.596520     0.754     0.763 13 54903.45486090 38.238
  26 298.603736   8.596557     1.964     1.924 14 54913.37049941 48.262
  27 298.604206   8.596232     1.918     1.844 14 54923.28613693 50.559
  28 298.606807   8.596285     2.065     2.098 14 54933.20177388 40.978
  29 298.610963   8.594988     1.726     1.537 14 54943.11740885 29.062
  30 298.615346   8.593347     1.277     1.287 15 54953.03304190 44.802
  31 298.615227   8.593796     1.903     1.799 15 54962.94868546 31.221
  32 298.612740   8.594656     2.107     2.062 14 54972.86433392 26.393
  33 298.611177   8.595394     2.050     2.040 14 54982.77998175 27.307
  34 298.610502   8.595106     2.084     2.157 14 54992.69562920 24.986
  35 298.609859   8.595537     2.315     2.311 14 55002.61127595 27.971
  36 298.608676   8.595633     2.575     2.577 15 55012.52692051 30.505
  37 298.607927   8.595898     3.129     3.105 15 55022.44256360 48.713
  38 298.607672   8.596139     3.736     3.741 14 55032.35820566 50.852
  39 298.608712   8.596427     3.798     3.821 14 55042.27384704 38.596
  40 298.611335   8.594823     4.195     4.198 14 55052.18948660 55.040
  41 298.614051   8.593322     4.337     4.306 14 55062.10512407 52.975
  42 298.614027   8.594051     4.133     4.043 15 55072.02076738 37.125
  43 298.611041   8.594709     4.019     3.900 14 55081.93641578 35.756
  44 298.608113   8.595679     3.789     3.812 15 55091.85206297 33.289
  45 298.606376   8.596719     3.472     3.436 14 55101.76771004 29.059
  46 298.605297   8.595346     3.305     3.261 14 55111.68335632 28.411
  47 298.606852   8.596380     3.077     3.080 14 55121.59900117 27.720
  48 298.607901   8.595257     2.593     2.569 14 55131.51464261 34.927
  49 298.608563   8.595690     2.557     2.531 14 55141.43028213 35.438
  50 298.608352   8.594845     2.586     2.598 14 55151.34592033 30.456
  51 298.609951   8.595087     2.540     2.614 15 55161.26155886 28.473
  52 298.612220   8.593742     2.354     2.357 14 55171.17719672 49.400
  53 298.615147   8.593336     2.247     2.084 14 55181.09283334 40.478
  54 298.612975   8.594858     2.010     2.302 14 55191.00848236 30.447
  55 298.608648   8.595195     2.260     2.378 15 55200.92413243 27.730
  56 298.605664   8.595694     1.856     2.024 14 55210.83978225 23.836
  57 298.604811   8.595839     2.000     2.028 14 55220.75543181 20.507
  58 298.605105   8.596849     2.022     2.045 14 55230.67108061 21.756
  59 298.605829   8.597054     1.815     1.793 14 55240.58672596 21.999
  60 298.605492   8.597347     1.246     1.062 14 55250.50236749 24.361
  61 298.604426   8.597309     1.138     1.024 14 55260.41800628 24.731
  62 298.604458   8.596467     1.063     1.042 13 55270.33364386 24.612
  63 298.606301   8.595822     1.224     1.380 14 55280.24928144 41.256
  64 298.609454   8.594490     1.769     1.711 14 55290.16491776 35.170
  65 298.614031   8.594728     1.847     1.904 14 55300.08055220 31.917
  66 298.613351   8.594060     1.881     1.882 15 55309.99619700 29.656
  67 298.611337   8.594481     1.999     2.039 15 55319.91184245 27.990
  68 298.609465   8.595428     2.154     2.152 15 55329.82748724 29.210
  69 298.608860   8.596182     2.608     2.591 14 55339.74313196 28.438
  70 298.609509   8.595643     3.180     3.094 14 55349.65877625 32.485
  71 298.610527   8.595139     3.489     3.424 15 55359.57441850 35.211
  72 298.610646   8.595293     3.801     3.689 14 55369.49005844 36.068
  73 298.610733   8.595506     4.072     4.079 14 55379.40569673 49.454
  74 298.611476   8.594813     4.381     4.394 14 55389.32133397 53.711
  75 298.613998   8.593481     4.582     4.547 15 55399.23697021 49.219
  76 298.615461   8.593412     4.736     4.714 15 55409.15261621 47.804
  77 298.614510   8.594504     4.934     4.934 14 55419.06826657 52.596
  78 298.611861   8.594781     4.828     4.767 15 55428.98391342 40.473
  79 298.608791   8.595301     4.895     4.871 14 55438.89955798 38.025
  80 298.606730   8.594913     4.877     4.863 14 55448.81520136 39.479
  81 298.607440   8.595960     4.757     4.704 14 55458.73084506 36.631
  82 298.609067   8.595594     4.590     4.530 14 55468.64648782 37.910
  83 298.611201   8.594645     4.188     4.124 14 55478.56212723 35.926
  84 298.613114   8.594145     3.476     3.433 14 55488.47776361 40.300
  85 298.614326   8.593523     3.031     3.088 14 55498.39339738 47.123
  86 298.614072   8.593861     2.987     2.908 14 55508.30903598 32.879
  87 298.611595   8.594614     2.597     2.554 14 55518.22468593 45.170
  88 298.610599   8.594396     3.155     3.098 15 55528.14033489 39.806
  89 298.610501   8.595753     3.261     3.269 14 55538.05598244 40.956
  90 298.608990   8.594842     2.955     2.880 14 55547.97162734 29.842
  91 298.607152   8.595641     2.890     2.808 14 55557.88727102 28.816
  92 298.606186   8.595948     2.960     2.949 14 55567.80291398 26.836
  93 298.607482   8.595915     2.526     2.573 14 55577.71855635 25.994
  94 298.609893   8.595008     2.333     2.369 14 55587.63419650 27.805
  95 298.612931   8.594191     2.160     2.105 15 55597.54983351 48.726
  96 298.614801   8.594274     1.990     1.917 14 55607.46546759 30.914
  97 298.615889   8.593891     1.555     1.480 15 55617.38109915 48.852
  98 298.613938   8.593738     1.402     1.425 14 55627.29674336 48.528
  99 298.612398   8.594546     1.296     1.218 15 55637.21239443 52.120
 100 298.611993   8.594348     1.447     1.349 14 55647.12804335 36.391
 101 298.611858   8.594763     2.039     1.983 14 55657.04368964 31.298
 102 298.611262   8.594708     2.235     2.182 14 55666.95933168 27.570
 103 298.610608   8.594766     1.906     1.915 14 55676.87497116 25.422
 104 298.610835   8.594413     1.969     1.984 15 55686.79060900 35.465
 105 298.612871   8.594765     2.381     2.376 15 55696.70624593 27.562
 106 298.615940   8.593304     2.973     2.959 14 55706.62188131 32.550
 107 298.614590   8.593570     3.697     3.689 15 55716.53753149 42.225
 108 298.612192   8.594346     4.346     4.283 14 55726.45317997 37.451
 109 298.609766   8.594452     4.072     3.968 14 55736.36882633 34.002
 110 298.608924   8.596100     4.200     4.244 14 55746.28447176 36.293
 111 298.609000   8.595290     4.632     4.636 14 55756.20011481 54.184
 112 298.611291   8.595041     4.545     4.510 14 55766.11575572 41.298
 113 298.613671   8.594618     4.831     4.773 15 55776.03139382 37.235
 114 298.615001   8.594290     4.832     4.780 15 55785.94702922 41.378
 115 298.615922   8.594025     4.881     4.838 15 55795.86266297 41.320
 116 298.615453   8.593093     4.901     4.801 14 55805.77830325 39.563
 117 298.614613   8.594375     4.639     4.662 14 55815.69395311 39.364
 118 298.614635   8.593603     4.203     4.110 15 55825.60959987 37.029
 119 298.615279   8.593747     3.895     3.877 15 55835.52524229 35.009
 120 298.615418   8.593388     3.733     3.739 15 55845.44088088 41.962
 121 298.616061   8.593101     3.757     3.761 15 55855.35651654 45.574
 122 298.615793   8.593543     3.727     3.710 15 55865.27215701 52.733
 123 298.612707   8.593868     3.409     3.301 15 55875.18780954 40.124
 124 298.612424   8.594373     3.119     3.101 15 55885.10345664 30.273
 125 298.613074   8.593932     3.112     3.062 15 55895.01909790 30.886
 126 298.615189   8.593736     3.272     3.226 15 55904.93473422 31.644
 127 298.614525   8.593325     3.070     3.097 14 55914.85037566 33.505
 128 298.610710   8.595029     3.043     3.078 15 55924.76603002 26.546
 129 298.608420   8.594505     2.763     2.827 14 55934.68168093 22.785
 130 298.608686   8.595840     2.118     1.909 14 55944.59732772 26.200
 131 298.609167   8.595366     2.078     1.960 14 55954.51296964 41.987
 132 298.609465   8.594819     1.936     1.891 14 55964.42860842 30.223
 133 298.610026   8.595238     2.141     2.148 15 55974.34424558 26.190
 134 298.611796   8.594057     1.844     1.794 15 55984.25988127 30.785
 135 298.616241   8.593521     2.137     2.100 15 55994.17551497 23.050
 136 298.615214   8.594194     1.612     1.688 15 56004.09116568 35.004
 137 298.613029   8.594213     2.052     2.061 14 56014.00681388 28.194
 138 298.610514   8.594940     2.020     1.913 14 56023.92245923 27.439
 139 298.608496   8.594594     2.327     2.291 14 56033.83810234 24.498
 140 298.609116   8.594717     2.480     2.408 14 56043.75374381 26.328
 141 298.611201   8.594687     2.910     2.843 15 56053.66938265 29.359
 142 298.614250   8.593840     3.595     3.488 15 56063.58501798 34.223
 143 298.614696   8.593876     3.386     3.354 14 56073.50066028 35.301
 144 298.611582   8.594717     3.726     3.697 14 56083.41630986 36.990
 145 298.609928   8.595284     3.828     3.806 14 56093.33195690 36.346
 146 298.609737   8.594793     4.149     4.174 14 56103.24760156 48.496
 147 298.610991   8.595112     4.264     4.236 14 56113.16323204 49.610
 148 298.612710   8.593952     4.230     4.246 15 56123.07887020 36.256
 149 298.615571   8.594131     4.707     4.639 14 56132.99450499 50.921
 150 298.616300   8.594044     4.834     4.845 14 56142.91014283 36.468
 151 298.612673   8.593623     5.089     5.046 14 56152.82579333 38.946
 152 298.611250   8.595018     5.111     5.034 14 56162.74144305 39.458
 153 298.610944   8.594516     4.967     4.982 15 56172.65709052 37.540
 154 298.611975   8.594081     4.790     4.711 14 56182.57273323 38.666
 155 298.612735   8.594339     4.707     4.662 14 56192.48837216 37.511
 156 298.612944   8.594379     4.401     4.413 14 56202.40400808 36.134
 157 298.614604   8.594215     4.021     3.993 14 56212.31964199 43.797
 158 298.617846   8.592576     3.661     3.650 14 56222.23527372 36.600
 159 298.615964   8.594073     3.365     3.287 15 56232.15092857 32.865
 160 298.613991   8.594724     2.949     2.994 14 56242.06658083 33.221
 161 298.611721   8.595065     2.808     2.776 15 56251.98222891 27.026
 162 298.610255   8.594604     2.290     2.446 14 56261.89787249 31.364
 163 298.610049   8.594375     2.314     2.270 14 56271.81351436 39.425
 164 298.611266   8.595268     2.797     2.658 14 56281.72915656 33.512
 165 298.609657   8.595667     2.333     2.398 14 56291.64480922 28.295
 166 298.608045   8.594711     2.504     2.729 14 56301.56045703 23.590
 167 298.607749   8.596448     1.184     1.129 14 56311.47610113 44.620
 168 298.607209   8.595948     1.206     1.139 15 56321.39174223 38.548
 169 298.607705   8.595607     1.360     1.226 14 56331.30738254 41.598
 170 298.609672   8.594872     1.715     1.742 14 56341.22302229 47.008
 171 298.613132   8.594183     1.970     1.974 14 56351.13865992 35.788
 172 298.615138   8.593494     2.092     2.032 14 56361.05429856 29.926
 173 298.611954   8.594637     1.311     1.167 14 56370.96994794 31.201
 174 298.608242   8.595430     1.485     1.296 14 56380.88559477 25.358
 175 298.606408   8.596112     1.249     1.124 14 56390.80123980 22.304
 176 298.607657   8.596128     1.866     1.878 14 56400.71688331 19.270
 177 298.609916   8.594827     2.318     2.347 15 56410.63252392 26.992
 178 298.613292   8.594490     2.292     2.246 15 56420.54815986 29.241
 179 298.614583   8.594187     2.134     2.115 14 56430.46379718 48.230
 180 298.609748   8.594855     2.680     2.644 15 56440.37944963 52.170
 181 298.607156   8.595722     2.889     2.853 15 56450.29509967 32.600
 182 298.607145   8.595719     3.311     3.276 15 56460.21074748 31.539
 183 298.608395   8.596409     3.752     3.664 14 56470.12639226 31.717
 184 298.609098   8.594676     3.840     3.707 14 56480.04203280 34.008
 185 298.610370   8.594692     3.794     3.764 14 56489.95767000 34.594
 186 298.612111   8.594352     3.886     3.852 15 56499.87330498 34.445
 187 298.615431   8.594134     4.030     4.009 15 56509.78893905 37.151
 188 298.616589   8.592894     4.207     4.160 14 56519.70458138 41.370
 189 298.614598   8.593402     4.436     4.402 14 56529.62023534 36.795
 190 298.613201   8.594176     4.683     4.558 14 56539.53588531 37.411
 191 298.610883   8.594174     4.660     4.549 14 56549.45153058 38.074
 192 298.608878   8.595555     4.228     4.183 14 56559.36717355 34.520
 193 298.608457   8.596173     3.971     3.931 14 56569.28281536 33.393
 194 298.609962   8.594995     3.718     3.664 15 56579.19845570 34.633
 195 298.614172   8.593430     3.641     3.601 15 56589.11409240 33.644
 196 298.615487   8.593836     3.306     3.325 15 56599.02973692 35.303
 197 298.612027   8.594514     2.928     2.897 14 56608.94538776 30.783
 198 298.609318   8.595219     2.926     2.980 15 56618.86103404 26.441
 199 298.608636   8.595766     3.100     3.088 15 56628.77667742 25.183
 200 298.610485   8.595163     3.181     3.139 14 56638.69231780 27.179
 201 298.611894   8.593931     2.383     2.297 14 56648.60796238 34.099
 202 298.610235   8.595354     2.445     2.477 15 56658.52361452 41.214
 203 298.608023   8.595824     2.021     1.851 14 56668.43926204 29.494
 204 298.606822   8.596707     1.446     1.477 14 56678.35490694 50.162
 205 298.606789   8.595481     1.258     1.265 14 56688.27054989 49.521
 206 298.608939   8.594640     1.262     1.068 14 56698.18619073 33.401
 207 298.612969   8.594632     2.030     1.998 14 56708.10182730 39.956
 208 298.614691   8.593974     2.129     2.057 14 56718.01746458 39.915
 209 298.610231   8.595195     1.693     1.616 14 56727.93311709 24.933
 210 298.606449   8.596120     1.347     1.189 14 56737.84876584 24.643
 211 298.604870   8.595891     1.133     1.109 14 56747.76441106 27.609
 212 298.607576   8.596365     1.102     0.969 14 56757.68005225 24.411
 213 298.612124   8.594484     1.908     1.941 14 56767.59568713 23.955
 214 298.612257   8.593888     2.207     2.168 15 56777.51133191 29.181
 215 298.608054   8.595775     1.980     1.990 14 56787.42698782 24.048
 216 298.603949   8.597409     2.191     2.201 14 56797.34263990 39.831
 217 298.602103   8.597387     1.901     1.848 13 56807.25828646 28.396
 218 298.604156   8.596577     1.952     1.905 13 56817.17392710 29.520
 219 298.607664   8.595403     2.511     2.477 14 56827.08956432 26.678
 220 298.611771   8.594979     3.127     3.042 14 56837.00519853 31.789
 221 298.615033   8.593721     3.453     3.445 14 56846.92082979 33.132
 222 298.612053   8.593995     3.857     3.732 14 56856.83648026 34.951
 223 298.609622   8.595379     4.061     3.987 14 56866.75213402 35.986
 224 298.608085   8.595717     4.270     4.224 14 56876.66778629 34.334
 225 298.607194   8.596246     4.597     4.520 14 56886.58343554 33.027
 226 298.605801   8.595301     4.626     4.647 14 56896.49908154 34.754
 227 298.605150   8.597446     4.758     4.706 14 56906.41472510 39.816
 228 298.603837   8.596208     4.608     4.599 14 56916.33036553 39.939
 229 298.605294   8.595888     4.310     4.335 14 56926.24600441 30.680
 230 298.609029   8.594759     4.192     4.132 14 56936.16164000 43.682
 231 298.615168   8.593726     3.510     3.419 15 56946.07727058 33.972
 232 298.613161   8.593769     3.582     3.532 15 56955.99292303 44.905
 233 298.610802   8.595656     3.451     3.353 14 56965.90857251 32.436
 234 298.608502   8.595077     3.411     3.284 14 56975.82421738 29.568
 235 298.609296   8.596221     3.249     3.118 14 56985.73985851 28.270
 236 298.612663   8.594759     2.954     2.836 15 56995.65549387 28.992
 237 298.614634   8.594471     2.853     2.687 14 57005.57113706 28.459
 238 298.611313   8.594266     2.703     2.772 14 57015.48679208 26.196
 239 298.608733   8.595423     2.437     2.405 14 57025.40244287 30.760
 240 298.606878   8.595504     1.734     1.719 14 57035.31809107 45.116
 241 298.607459   8.596400     1.917     1.904 14 57045.23373696 52.337
 242 298.608785   8.595048     1.328     1.272 14 57055.14937934 38.840
 243 298.611347   8.595065     1.680     1.381 14 57065.06501719 27.122
 244 298.613142   8.593671     1.802     1.783 15 57074.98065020 27.076
 245 298.616046   8.593137     2.016     1.966 15 57084.89628049 32.875
 246 298.612259   8.594345     2.159     2.271 14 57094.81193481 26.165
 247 298.608531   8.595214     2.020     2.098 15 57104.72759154 26.045
 248 298.607675   8.596296     1.827     1.793 14 57114.64324420 25.355
 249 298.608011   8.595931     1.447     1.430 14 57124.55889037 25.866
 250 298.608469   8.595405     1.547     1.458 14 57134.47453097 37.289
 251 298.610030   8.594280     1.960     1.926 14 57144.39016688 26.747
 252 298.612986   8.594433     2.087     2.080 14 57154.30580040 42.481
 253 298.615159   8.593434     2.127     2.173 14 57164.22143696 36.929
 254 298.612356   8.594486     2.314     2.192 15 57174.13709314 29.140
 255 298.610585   8.594745     2.647     2.650 14 57184.05274592 32.090
 256 298.609482   8.595464     3.053     3.009 14 57193.96839511 33.514
 257 298.608375   8.596279     3.234     3.199 14 57203.88404232 33.794
 258 298.607254   8.594917     3.506     3.497 14 57213.79967608 32.566
 259 298.608753   8.595936     3.825     3.812 14 57223.71532056 34.687
 260 298.609975   8.594263     4.365     4.232 14 57233.63096271 38.261
 261 298.611479   8.594230     4.443     4.417 15 57243.54660214 36.466
 262 298.612523   8.593830     4.517     4.509 15 57253.46223871 42.728
 263 298.613969   8.593793     4.699     4.713 14 57263.37787370 47.465
 264 298.615456   8.592958     4.772     4.680 14 57273.29351097 51.806
 265 298.613133   8.594290     4.571     4.461 14 57283.20916804 38.287
 266 298.611411   8.594525     4.275     4.289 14 57293.12482232 36.942
 267 298.610100   8.595785     3.639     3.623 14 57303.04047352 34.712
 268 298.608082   8.595470     3.164     3.130 14 57312.95612075 28.255
 269 298.606491   8.596474     2.768     2.720 14 57322.87176532 26.269
 270 298.606513   8.597295     2.972     2.908 14 57332.78740816 26.442
 271 298.607969   8.596348     2.897     2.896 14 57342.70304888 26.530
 272 298.605829   8.595490     2.815     2.742 14 57352.61870151 28.230
 273 298.607145   8.597050     2.467     2.456 14 57362.53434673 30.112
 274 298.607517   8.595405     2.314     2.328 14 57372.44998772 33.454
 275 298.608650   8.595631     1.805     1.641 14 57382.36562700 33.472
 276 298.610591   8.594811     2.340     2.430 15 57392.28126538 26.108
 277 298.613867   8.593573     2.241     2.205 14 57402.19690277 43.631
 278 298.615599   8.593389     2.156     2.113 14 57412.11254551 30.276
 279 298.612686   8.593634     1.278     1.162 14 57422.02819693 29.369
 280 298.609238   8.595284     1.173     1.088 14 57431.94384614 27.233
 281 298.606164   8.595093     1.198     1.011 14 57441.85949332 25.332
 282 298.606507   8.597065     1.423     1.448 14 57451.77514063 23.188
 283 298.607409   8.595995     1.769     1.756 15 57461.69078577 23.356
 284 298.610095   8.594932     1.787     1.742 15 57471.60642753 23.531
 285 298.612374   8.594322     1.280     1.272 14 57481.52206522 25.597
 286 298.613550   8.593662     1.131     1.078 15 57491.43769948 32.202
 287 298.616162   8.594181     1.341     1.288 14 57501.35333180 39.594
 288 298.614657   8.593713     1.836     1.813 15 57511.26897924 50.770
 289 298.612358   8.594712     2.396     2.398 14 57521.18463407 38.490
 290 298.611329   8.595414     2.518     2.424 14 57531.10028652 30.745
 291 298.610149   8.595112     2.916     2.947 14 57541.01593553 31.601
 292 298.609027   8.595417     3.102     3.044 14 57550.93158205 32.278
 293 298.608035   8.595865     3.252     3.197 15 57560.84722747 30.592
 294 298.607484   8.595123     3.643     3.592 14 57570.76287242 32.804
 295 298.608581   8.595462     4.151     4.165 14 57580.67851761 33.869
 296 298.610288   8.595560     4.633     4.518 14 57590.59416103 38.173
 297 298.610667   8.594716     4.756     4.675 14 57600.50980130 38.125
