-200844.173   572.664     0.00   37.33
-200554.920   592.914    70.01   55.47
-200265.672   608.537    54.01   64.68
-199976.429   631.948    80.95   71.20
-199687.191   645.931    48.35   70.73
-199397.959   658.483    43.40   64.47
-199108.731   648.914   -33.09   67.82
-198819.508   625.754   -80.08   77.42
-198530.291   596.831  -100.01   73.56
-198241.079   572.624   -83.71   61.37
-197951.872   565.214   -25.62   61.26
-197662.669   567.177     6.79   62.90
-197373.472   575.178    27.67   62.40
-197084.280   587.614    43.01   62.27
-196795.093   596.518    30.79   52.81
-196505.912   590.046   -22.38   55.61
-196216.735   576.064   -48.35   64.42
-195927.563   555.031   -72.74   67.10
-195638.397   525.501  -102.13   70.90
-195349.235   497.345   -97.37   67.64
-195060.078   468.406  -100.09   68.44
-194770.927   443.381   -86.55   63.32
-194481.781   418.931   -84.57   65.76
-194192.639   393.016   -89.63   62.20
-193903.503   367.501   -88.25   59.10
-193614.372   349.033   -63.88   54.99
-193325.246   328.457   -71.17   44.31
-193036.125   310.724   -61.34   35.68
-192747.009   298.708   -41.57   23.97
-192457.898   291.931   -23.44   23.59
-192168.792   285.587   -21.95   24.35
-191879.691   280.931   -16.11   26.08
-191590.595   271.554   -32.44   28.46
-191301.505   261.996   -33.06   29.57
-191012.419   252.603   -32.50   28.62
-190723.338   247.070   -19.14   28.28
-190434.263   236.014   -38.25   26.94
-190145.192   226.587   -32.62   26.08
-189856.127   217.816   -30.34   21.34
-189567.066   212.131   -19.67   19.12
-189278.011   207.264   -16.84   16.56
-188988.960   203.966   -11.41   13.38
-188699.915   202.152    -6.28   12.80
-188410.875   200.398    -6.07   12.66
-188121.839   200.064    -1.16   12.59
-187832.809   199.866    -0.69   13.53
-187543.784   199.248    -2.14   12.26
-187254.763   200.087     2.90   11.84
-186965.748   200.931     2.92   11.62
-186676.738   202.390     5.05   12.05
-186387.733   202.835     1.54   12.02
-186098.733   203.208     1.29   10.73
-185809.738   205.448     7.75   10.97
-185520.748   206.643     4.14   10.25
-185231.763   209.298     9.19   11.11
-184942.783   214.131    16.73   13.38
-184653.808   218.269    14.32   13.08
-184364.838   222.603    15.00   13.36
-184075.873   227.173    15.82   12.22
-183786.913   230.431    11.28   11.64
-183497.958   233.570    10.86   12.70
-183209.008   237.767    14.53   17.18
-182920.063   240.414     9.16   17.54
-182631.123   244.914    15.58   18.19
-182342.188   246.949     7.04   17.96
-182053.258   245.660    -4.46   14.70
-181764.333   243.914    -6.04   12.06
-181475.413   241.614    -7.96   10.73
-181186.498   239.734    -6.51   10.12
-180897.588   240.757     3.54   10.67
-180608.683   243.035     7.89   13.82
-180319.783   247.152    14.25   15.61
-180030.888   252.767    19.44   16.37
-179741.998   257.866    17.65   14.28
-179453.113   261.173    11.45   11.74
-179164.233   263.998     9.78    9.02
-178875.358   263.848    -0.52    7.80
-178586.488   262.764    -3.75    7.68
-178297.623   261.592    -4.06    7.18
-178008.763   261.043    -1.90    6.75
-177719.908   260.414    -2.18    6.37
-177431.058   260.796     1.32    6.74
-177142.213   261.148     1.22    8.34
-176853.372   261.535     1.34    9.75
-176564.537   261.259    -0.96   10.98
-176275.707   260.796    -1.60   11.13
-175986.882   261.832     3.59   11.54
-175698.062   262.845     3.51   10.61
-175409.246   262.457    -1.35   10.29
-175120.436   266.205    12.98   12.61
-174831.631   271.135    17.07   14.85
-174542.830   275.439    14.90   15.98
-174254.035   280.669    18.11   15.55
-173965.244   286.152    18.99   14.18
-173676.459   289.203    10.57   12.83
-173387.678   289.832     2.18   12.37
-173098.903   289.193    -2.21   12.05
-172810.132   288.626    -1.96   11.59
-172521.366   289.164     1.86   11.73
-172232.606   288.948    -0.75   11.35
-171943.850   289.248     1.04   10.59
-171655.099   290.389     3.95    9.03
-171366.353   292.505     7.33    6.60
-171077.612   293.964     5.05    3.93
-170788.876   294.814     2.95    2.49
-170500.145   294.355    -1.59    2.92
-170211.419   292.104    -7.80    6.17
-169922.698   289.521    -8.95    8.69
-169633.982   286.270   -11.26   11.97
-169345.271   282.576   -12.80   14.05
-169056.564   276.794   -20.03   16.84
-168767.863   271.104   -19.71   19.92
-168479.166   261.291   -33.99   25.84
-168190.475   249.542   -40.70   30.45
-167901.788   240.275   -32.10   29.74
-167613.107   229.518   -37.27   26.89
-167324.430   216.050   -46.66   17.98
-167035.758   207.660   -29.07   13.73
-166747.091   199.078   -29.73   13.59
-166458.429   192.431   -23.03   14.89
-166169.298   185.711   -23.24   15.67
-165879.580   178.148   -26.11   13.51
-165589.867   172.748   -18.64   11.00
-165300.159   168.660   -14.11    7.68
-165010.456   166.440    -7.66    5.02
-164720.759   166.931     1.69    5.66
-164431.066   168.505     5.43    7.04
-164141.378   171.186     9.26    9.12
-163851.694   174.914    12.87   10.56
-163562.016   179.190    14.76   10.54
-163272.343   182.029     9.80    9.59
-162982.675   184.626     8.97    7.79
-162693.012   187.291     9.20    7.32
-162403.353   189.932     9.12    7.05
-162113.700   192.338     8.31    8.60
-161824.052   197.259    16.99   11.79
-161534.408   204.398    24.65   18.08
-161244.770   210.947    22.61   20.75
-160955.136   220.325    32.38   25.12
-160665.507   231.114    37.25   26.62
-160375.884   241.725    36.64   25.00
-160086.265   249.153    25.65   21.06
-159796.651   253.357    14.52   16.90
-159507.042   256.508    10.88   11.33
-159217.438   257.931     4.92    5.32
-158927.839   255.535    -8.27    5.41
-158638.245   253.114    -8.36    5.57
-158348.656   249.398   -12.83    6.08
-158059.071   246.089   -11.43    6.00
-157769.492   242.881   -11.08    5.91
-157479.917   239.656   -11.14    5.57
-157190.348   237.287    -8.18    5.11
-156900.783   234.052   -11.17    5.04
-156611.224   231.734    -8.01    4.37
-156321.669   229.483    -7.77    4.11
-156032.119   226.830    -9.17    4.08
-155742.574   224.397    -8.40    5.19
-155453.034   220.081   -14.91    9.15
-155163.499   217.318    -9.54    9.39
-154873.969   215.677    -5.67    9.32
-154584.443   214.209    -5.07    9.22
-154294.923   214.090    -0.41    9.17
-154005.407   215.101     3.49    8.87
-153715.897   217.714     9.03    6.31
-153426.391   219.343     5.63    2.45
-153136.890   219.375     0.11    1.97
-152847.394   218.864    -1.76    1.89
-152557.903   217.998    -2.99    1.80
-152268.417   217.218    -2.69    2.03
-151978.936   216.327    -3.08    2.51
-151689.460   215.308    -3.52    2.51
-151399.988   214.318    -3.42    2.78
-151110.522   213.575    -2.56    2.48
-150821.060   212.587    -3.42    2.47
-150531.603   212.164    -1.46    2.59
-150242.151   211.121    -3.60    2.95
-149952.704   209.882    -4.28    3.47
-149663.262   208.552    -4.59    3.60
-149373.825   206.745    -6.24    3.82
-149084.393   205.190    -5.37    4.08
-148794.965   202.865    -8.03    4.21
-148505.543   201.184    -5.81    4.24
-148216.125   199.745    -4.97    3.84
-147926.712   197.531    -7.65    3.85
-147637.304   196.067    -5.06    3.56
-147347.901   194.287    -6.15    4.15
-147058.503   192.203    -7.20    4.96
-146769.109   189.865    -8.08    5.11
-146479.721   187.406    -8.50    5.64
-146190.337   184.552    -9.86    5.00
-145900.958   182.264    -7.91    4.23
-145611.584   180.361    -6.58    3.84
-145322.215   178.882    -5.11    3.62
-145032.851   177.525    -4.69    3.12
-144743.492   176.718    -2.79    2.99
-144454.137   176.380    -1.17    3.02
-144164.788   175.863    -1.79    2.94
-143875.443   176.062     0.69    2.91
-143586.103   175.966    -0.33    3.01
-143296.768   175.472    -1.71    3.31
-143007.438   173.897    -5.44    5.25
-142718.112   171.881    -6.97    6.66
-142428.792   169.219    -9.20    7.84
-142139.476   167.373    -6.38    8.04
-141850.165   167.076    -1.03    8.39
-141560.859   166.656    -1.45    8.99
-141271.558   164.980    -5.79   10.32
-140982.262   162.531    -8.47   11.32
-140692.970   164.219     5.84   12.91
-140403.684   167.965    12.95   13.40
-140114.402   170.308     8.10   13.55
-139825.125   172.832     8.73   13.24
-139535.853   174.135     4.50   13.16
-139246.585   177.998    13.36    7.60
-138957.323   178.449     1.56    4.54
-138668.065   177.439    -3.49    5.47
-138378.812   176.948    -1.70    5.55
-138089.564   176.398    -1.90    5.92
-137800.321   176.397    -0.00    5.67
-137511.083   176.304    -0.32    5.29
-137221.849   176.076    -0.79    4.77
-136932.621   176.694     2.14    4.21
-136643.397   177.291     2.07    4.20
-136354.178   177.564     0.94    4.32
-136064.963   178.276     2.47    4.48
-135775.754   179.067     2.73    4.39
-135486.549   179.931     2.99    3.64
-135197.350   180.505     1.98    2.88
-134908.155   180.673     0.58    2.72
-134618.964   180.648    -0.09    2.85
-134329.779   180.198    -1.56    2.87
-134040.598   179.998    -0.69    2.82
-133751.423   179.643    -1.23    2.68
-133462.252   179.156    -1.68    2.96
-133173.085   178.031    -3.89    4.53
-132883.924   175.355    -9.25    7.94
-132594.767   171.598   -12.99   11.27
-132305.616   164.621   -24.13   14.58
-132016.469   158.357   -21.67   16.40
-131727.326   151.364   -24.19   17.39
-131438.189   142.800   -29.62   14.51
-131149.056   136.190   -22.86   10.45
-130859.929   132.660   -12.21    8.77
-130570.806   129.734   -10.12    5.41
-130281.687   128.048    -5.83    3.23
-129992.574   127.783    -0.91    2.74
-129703.465   128.528     2.58    3.32
-129414.361   129.725     4.14    4.73
-129125.262   132.711    10.33    8.84
-128836.168   138.767    20.95   15.25
-128547.078   145.334    22.72   16.91
-128257.993   149.759    15.31   15.96
-127968.913   155.798    20.89   13.33
-127679.838   158.321     8.73   11.44
-127390.768   158.681     1.25   10.64
-127101.702   155.331   -11.59   12.41
-126812.641   149.543   -20.02   13.40
-126523.585   143.160   -22.08   14.77
-126234.534   138.087   -17.55   14.97
-125945.487   132.581   -19.05   12.82
-125656.445   130.190    -8.27   10.76
-125367.408   130.439     0.86   11.51
-125078.376   133.169     9.44   14.02
-124789.348   138.298    17.75   15.46
-124500.325   144.173    20.33   14.59
-124211.307   147.931    13.00   14.59
-123922.294   150.511     8.93   13.28
-123633.285   150.781     0.93   13.19
-123344.282   147.350   -11.87   14.75
-123055.282   141.844   -19.05   15.10
-122766.288   137.225   -15.99   14.65
-122477.299   134.164   -10.59   14.43
-122188.314   130.781   -11.71   11.86
-121899.334   130.527    -0.88   11.28
-121610.358   131.966     4.98   12.47
-121321.388   137.898    20.53   16.43
-121032.422   143.828    20.52   18.40
-120743.461   150.298    22.39   17.91
-120454.505   157.481    24.86   15.24
-120165.553   162.144    16.14   12.36
-119876.606   166.111    13.73    8.42
-119587.664   168.035     6.66    5.93
-119298.727   168.798     2.64    4.03
-119009.794   168.414    -1.33    5.01
-118720.866   167.554    -2.98    5.11
-118431.943   165.830    -5.97    6.05
-118143.024   162.614   -11.13    8.85
-117854.110   159.880    -9.47    9.72
-117565.201   156.067   -13.20   10.95
-117276.297   151.076   -17.28   13.05
-116987.398   149.864    -4.19   12.46
-116698.503   148.882    -3.40   11.59
-116409.612   149.160     0.96   11.82
-116120.727   151.587     8.40   11.33
-115831.846   154.214     9.10   10.29
-115542.970   156.186     6.82    8.35
-115254.099   156.636     1.56    7.39
-114965.232   154.156    -8.59    9.50
-114676.371   149.581   -15.84   11.23
-114387.513   144.397   -17.95   12.73
-114098.661   138.373   -20.85   12.26
-113809.813   131.914   -22.36   11.87
-113520.970   128.521   -11.75   10.30
-113232.132   126.849    -5.79    8.73
-112943.298   126.708    -0.49    8.12
-112654.469   125.748    -3.32    8.32
-112365.645   124.432    -4.56    8.47
-112076.825   124.124    -1.06    8.62
-111788.010   123.728    -1.37    8.01
-111499.200   123.648    -0.28    8.33
-111210.395   124.708     3.67    8.97
-110921.594   127.863    10.93   10.35
-110632.798   133.882    20.84   13.15
-110344.007   138.981    17.66   13.35
-110055.220   143.898    17.03   12.09
-109766.438   148.932    17.43    8.56
-109477.661   151.208     7.88    9.08
-109188.888   152.981     6.14    9.13
-108900.120   153.965     3.41    9.39
-108611.357   153.463    -1.74    9.68
-108322.598   153.708     0.85    9.61
-108033.844   155.264     5.39    8.66
-107745.095   151.811   -11.96   11.19
-107456.350   149.160    -9.18   12.56
-107167.610   144.619   -15.73   14.13
-106878.875   140.798   -13.24   14.36
-106590.145   136.259   -15.72   13.33
-106301.419   131.932   -14.99   12.16
-106012.697   129.064    -9.93   11.39
-105723.981   125.949   -10.79    9.58
-105435.269   124.193    -6.08    7.47
-105146.562   123.481    -2.47    7.40
-104857.859   123.864     1.32    8.87
-104569.161   127.363    12.12   12.92
-104280.468   130.932    12.36   13.66
-103991.635   131.295     1.26   12.75
-103701.938   130.964    -1.14   12.11
-103412.247   130.221    -2.57   11.75
-103122.559   129.483    -2.55   10.90
-102832.877   127.949    -5.30    9.63
-102543.199   128.181     0.80    9.64
-102253.526   130.745     8.85   11.31
-101963.858   132.669     6.64   11.01
-101674.194   134.397     5.97   10.49
-101384.535   134.381    -0.06   10.79
-101094.881   132.087    -7.92   11.72
-100805.231   128.914   -10.95   11.79
-100515.586   125.062   -13.30    9.67
-100225.946   122.081   -10.29    5.77
 -99936.310   121.331    -2.59    4.66
 -99646.679   123.276     6.72    8.35
 -99357.053   126.031     9.51   10.68
 -99067.431   131.070    17.40   12.68
 -98777.814   137.010    20.51   14.96
 -98488.202   143.882    23.73   15.49
 -98198.594   150.711    23.58   14.30
 -97908.991   155.897    17.91   11.43
 -97619.393   159.518    12.50    8.57
 -97329.799   161.472     6.75    5.31
 -97040.210   162.186     2.46    2.42
 -96750.626   161.341    -2.92    2.80
 -96461.046   160.626    -2.47    2.82
 -96171.471   159.449    -4.07    2.81
 -95881.901   157.767    -5.81    3.71
 -95592.335   155.714    -7.09    5.99
 -95302.774   154.108    -5.55    7.00
 -95013.218   152.486    -5.60    8.02
 -94723.666   149.714    -9.57    9.24
 -94434.119   147.483    -7.71   10.06
 -94144.576   144.285   -11.05   11.86
 -93855.039   142.488    -6.21   11.77
 -93565.505   139.660    -9.77   11.69
 -93275.977   135.050   -15.92   10.12
 -92986.453   132.135   -10.07   10.13
 -92696.934   129.481    -9.17    8.90
 -92407.419   127.828    -5.71    8.66
 -92117.909   125.359    -8.53    8.73
 -91828.404   122.698    -9.19    7.91
 -91538.903   120.811    -6.52    8.14
 -91249.407   118.711    -7.25    8.52
 -90959.916   116.294    -8.35    8.25
 -90670.429   115.357    -3.24    7.74
 -90380.946   114.070    -4.45    7.38
 -90091.469   112.148    -6.64    6.90
 -89801.996   109.949    -7.60    6.02
 -89512.528   108.864    -3.75    5.46
 -89223.064   107.414    -5.01    4.34
 -88933.605   106.431    -3.40    3.36
 -88644.150   106.560     0.44    3.71
 -88354.701   107.248     2.38    4.84
 -88065.255   107.677     1.48    5.87
 -87775.815   108.677     3.46    6.40
 -87486.379   108.979     1.04    6.44
 -87196.947   108.518    -1.59    6.63
 -86907.521   107.592    -3.20    6.34
 -86618.098   106.114    -5.11    5.88
 -86328.681   105.195    -3.18    4.90
 -86039.268   105.302     0.37    5.01
 -85749.860   105.198    -0.36    5.39
 -85460.456   106.216     3.52    6.59
 -85171.057   109.481    11.28    8.98
 -84881.662   112.673    11.03   10.62
 -84592.272   116.033    11.61   11.75
 -84302.887   120.121    14.13   12.29
 -84013.506   122.734     9.03   11.84
 -83724.130   125.587     9.86   10.16
 -83434.759   127.725     7.39    7.78
 -83145.392   127.656    -0.24    6.53
 -82856.029   125.881    -6.13    6.57
 -82566.671   123.705    -7.52    7.14
 -82277.318   120.609   -10.70    7.34
 -81987.970   117.014   -12.42    6.68
 -81698.626   113.604   -11.79    6.33
 -81409.286   110.118   -12.05    6.73
 -81119.951   108.390    -5.97    5.84
 -80830.621   108.164    -0.78    5.79
 -80541.295   109.543     4.77    7.66
 -80251.974   112.160     9.04    9.58
 -79962.658   116.364    14.53   10.79
 -79673.346   122.450    21.04   10.62
 -79384.038   127.834    18.61   10.04
 -79094.736   132.964    17.73    8.50
 -78805.437   136.423    11.95    7.60
 -78516.144   140.414    13.80    6.43
 -78226.855   143.090     9.25    5.28
 -77937.570   145.064     6.83    4.44
 -77648.290   146.604     5.32    3.84
 -77359.015   147.334     2.52    3.21
 -77069.744   147.298    -0.12    3.16
 -76780.478   146.294    -3.47    3.93
 -76491.216   145.432    -2.98    4.30
 -76201.959   144.514    -3.17    4.12
 -75912.706   143.750    -2.64    4.27
 -75623.458   142.483    -4.38    4.07
 -75334.215   141.548    -3.23    4.38
 -75044.976   140.539    -3.49    4.43
 -74755.741   138.897    -5.68    5.46
 -74466.511   136.242    -9.18    6.70
 -74177.286   134.525    -5.94    6.11
 -73888.065   132.689    -6.35    5.90
 -73598.849   130.792    -6.56    6.05
 -73309.637   128.431    -8.16    7.22
 -73020.430   124.139   -14.84   10.37
 -72731.228   119.269   -16.84   13.07
 -72442.030   113.431   -20.19   15.68
 -72152.836   108.505   -17.04   15.33
 -71863.647   102.604   -20.40   12.50
 -71574.463    98.811   -13.12    9.37
 -71285.283    97.398    -4.89    7.50
 -70996.108    96.847    -1.91    6.56
 -70706.937    96.285    -1.94    6.22
 -70417.770    97.081     2.75    6.10
 -70128.609   100.518    11.89    9.05
 -69839.452   103.345     9.78   12.00
 -69550.299   108.121    16.52   15.60
 -69261.151   112.914    16.58   17.66
 -68972.007   117.190    14.79   17.47
 -68682.868   122.118    17.04   14.75
 -68393.733   125.070    10.21   11.78
 -68104.603   129.331    14.74    9.12
 -67815.478   131.692     8.17    8.36
 -67526.356   134.198     8.67    7.78
 -67237.240   137.062     9.91    6.33
 -66948.128   139.272     7.64    5.60
 -66659.020   140.831     5.39    3.76
 -66369.917   142.114     4.44    3.52
 -66080.819   142.486     1.28    3.45
 -65791.725   142.629     0.49    3.22
 -65502.635   142.564    -0.22    3.25
 -65213.550   141.830    -2.54    3.24
 -64924.470   140.950    -3.04    3.39
 -64635.394   139.849    -3.81    3.69
 -64346.322   138.321    -5.28    3.13
 -64057.255   136.834    -5.15    3.21
 -63768.193   136.048    -2.72    3.18
 -63479.135   135.483    -1.95    3.53
 -63190.081   136.253     2.66    3.94
 -62901.032   137.932     5.81    4.47
 -62611.988   139.160     4.25    4.92
 -62322.948   140.501     4.64    5.16
 -62033.912   142.287     6.18    4.63
 -61744.881   143.880     5.51    4.26
 -61455.855   145.457     5.46    3.86
 -61166.833   146.576     3.87    3.35
 -60877.815   147.338     2.64    2.76
 -60588.802   147.548     0.73    2.46
 -60299.794   147.564     0.05    1.99
 -60010.789   147.270    -1.01    2.08
 -59721.790   146.114    -4.00    2.85
 -59432.795   144.652    -5.06    4.25
 -59143.804   142.629    -7.00    5.50
 -58854.818   140.104    -8.74    6.33
 -58565.836   137.631    -8.56    5.80
 -58276.859   135.789    -6.37    4.39
 -57987.886   135.172    -2.13    3.41
 -57698.917   135.098    -0.26    3.25
 -57409.954   136.291     4.13    4.16
 -57120.994   138.067     6.14    4.07
 -56832.039   139.700     5.65    3.57
 -56543.089   141.498     6.22    3.41
 -56254.143   142.776     4.43    3.19
 -55965.201   143.767     3.43    2.32
 -55676.264   143.983     0.75    2.02
 -55387.331   144.087     0.36    2.18
 -55098.403   143.880    -0.72    2.45
 -54809.479   143.114    -2.65    2.41
 -54520.560   142.685    -1.49    2.42
 -54231.645   142.501    -0.64    2.59
 -53942.735   142.564     0.22    2.50
 -53653.829   142.673     0.38    2.52
 -53364.927   143.070     1.37    2.51
 -53076.030   143.783     2.47    2.47
 -52787.138   144.281     1.72    2.52
 -52498.250   144.850     1.97    2.31
 -52209.366   145.248     1.38    2.28
 -51920.487   145.514     0.92    2.31
 -51631.612   145.932     1.45    2.20
 -51342.742   145.866    -0.23    2.24
 -51053.876   145.948     0.28    2.30
 -50765.014   145.636    -1.08    2.34
 -50476.157   145.604    -0.11    2.35
 -50187.304   145.721     0.41    2.37
 -49898.456   145.931     0.72    2.16
 -49609.612   145.742    -0.65    2.28
 -49320.773   145.737    -0.02    2.11
 -49031.938   145.548    -0.66    2.30
 -48743.107   144.983    -1.95    2.37
 -48454.281   144.966    -0.06    2.52
 -48165.460   144.677    -1.00    2.35
 -47876.642   144.619    -0.20    2.41
 -47587.830   144.742     0.42    2.53
 -47299.021   144.514    -0.79    2.53
 -47010.217   144.311    -0.70    2.87
 -46721.418   143.811    -1.73    3.36
 -46432.622   143.764    -0.16    3.33
 -46143.832   144.164     1.39    3.35
 -45855.045   144.479     1.09    3.33
 -45566.263   144.700     0.77    3.10
 -45277.486   144.914     0.74    2.56
 -44988.713   144.511    -1.40    2.72
 -44699.944   143.898    -2.12    2.69
 -44411.180   143.308    -2.04    2.57
 -44122.420   142.592    -2.48    2.25
 -43833.664   142.253    -1.17    2.03
 -43544.913   142.114    -0.48    1.98
 -43256.167   141.798    -1.10    2.42
 -42967.424   140.656    -3.95    3.22
 -42678.686   138.866    -6.20    4.68
 -42389.953   136.669    -7.61    6.17
 -42101.224   132.982   -12.77    7.34
 -41812.499   129.259   -12.89    8.13
 -41522.974   123.466   -20.01   10.39
 -41233.305   116.865   -22.79   13.07
 -40943.641   108.639   -28.40   15.63
 -40653.980    99.078   -33.01   18.52
 -40364.325    91.328   -26.76   18.16
 -40074.673    84.203   -24.60   15.09
 -39785.026    79.980   -14.58   11.12
 -39495.384    80.031     0.18   11.09
 -39205.746    82.291     7.80   13.79
 -38916.112    88.147    20.22   15.87
 -38626.482    95.570    25.63   15.50
 -38336.858   102.248    23.06   12.76
 -38047.237   107.334    17.56    8.00
 -37757.621   110.608    11.31    3.56
 -37468.009   111.811     4.15    3.09
 -37178.402   112.831     3.52    3.10
 -36888.799   113.599     2.65    3.17
 -36599.201   114.098     1.72    3.04
 -36309.606   114.681     2.01    2.46
 -36020.017   115.172     1.70    2.13
 -35730.431   115.048    -0.43    2.23
 -35440.851   114.861    -0.65    2.50
 -35151.274   114.762    -0.34    2.51
 -34861.702   114.828     0.23    2.54
 -34572.134   115.373     1.88    2.63
 -34282.571   115.677     1.05    2.55
 -33993.012   116.121     1.53    2.50
 -33703.457   116.811     2.38    2.37
 -33413.907   117.457     2.23    2.26
 -33124.361   117.898     1.52    2.21
 -32834.820   118.101     0.70    2.34
 -32545.283   118.081    -0.07    2.49
 -32255.750   118.121     0.14    2.68
 -31966.222   117.604    -1.79    3.06
 -31676.698   116.882    -2.50    3.36
 -31387.178   116.098    -2.71    3.45
 -31097.663   115.366    -2.53    3.26
 -30808.152   114.879    -1.68    2.97
 -30518.646   114.464    -1.43    2.88
 -30229.144   114.493     0.10    2.74
 -29939.646   114.914     1.45    2.61
 -29650.153   115.287     1.29    2.59
 -29360.664   115.505     0.75    2.51
 -29071.179   115.999     1.71    2.49
 -28781.699   116.535     1.85    1.96
 -28492.223   116.619     0.29    1.88
 -28202.751   116.449    -0.59    1.94
 -27913.284   115.570    -3.04    2.74
 -27623.821   114.800    -2.66    3.18
 -27334.363   114.087    -2.46    3.44
 -27044.909   113.259    -2.86    3.56
 -26755.459   111.656    -5.54    4.58
 -26466.014   109.324    -8.06    5.76
 -26176.572   106.914    -8.33    6.51
 -25887.136   103.848   -10.60    6.82
 -25597.703   102.001    -6.38    6.30
 -25308.275    99.304    -9.32    4.98
 -25018.852    97.785    -5.25    3.56
 -24729.432    96.796    -3.42    2.99
 -24440.017    95.554    -4.29    2.84
 -24150.607    94.897    -2.27    3.01
 -23861.200    93.745    -3.98    2.97
 -23571.798    92.931    -2.81    2.93
 -23282.401    91.978    -3.29    2.84
 -22993.007    91.137    -2.91    2.56
 -22703.618    90.564    -1.98    2.22
 -22414.234    90.181    -1.32    1.84
 -22124.853    89.914    -0.92    1.87
 -21835.477    89.398    -1.78    1.93
 -21546.106    88.948    -1.56    2.07
 -21256.738    88.576    -1.29    2.25
 -20967.375    88.152    -1.47    2.26
 -20678.016    87.483    -2.31    2.08
 -20388.662    87.398    -0.30    2.01
 -20099.312    86.914    -1.67    1.94
 -19809.966    86.308    -2.10    1.97
 -19520.625    85.897    -1.42    2.00
 -19231.288    85.621    -0.95    2.07
 -18941.955    85.690     0.24    2.09
 -18652.626    85.248    -1.53    2.06
 -18363.302    84.750    -1.72    2.03
 -18073.982    84.501    -0.86    2.24
 -17784.667    84.564     0.22    2.41
 -17495.355    84.449    -0.40    2.56
 -17206.049    84.432    -0.06    2.49
 -16916.746    84.488     0.20    2.48
 -16627.448    84.581     0.32    2.50
 -16338.153    84.624     0.15    2.31
 -16048.864    84.230    -1.36    2.27
 -15759.578    83.648    -2.01    2.19
 -15470.297    82.967    -2.35    2.12
 -15181.020    82.398    -1.97    2.06
 -14891.748    82.248    -0.52    2.35
 -14602.479    82.291     0.15    2.55
 -14313.215    82.276    -0.05    2.56
 -14023.956    82.328     0.18    2.55
 -13734.700    82.448     0.41    2.64
 -13445.449    82.587     0.48    2.65
 -13156.202    82.505    -0.28    2.44
 -12866.960    82.514     0.03    2.27
 -12577.722    81.328    -4.10    3.20
 -12288.488    80.225    -3.82    4.52
 -11999.258    77.949    -7.87    6.57
 -11710.032    72.455   -18.99   12.87
 -11420.811    64.880   -26.19   18.34
 -11131.594    57.314   -26.16   19.02
 -10842.382    53.604   -12.83   17.58
 -10553.174    52.965    -2.21   17.59
 -10263.969    57.205    14.66   21.42
  -9974.770    63.581    22.05   23.40
  -9685.574    72.624    31.27   19.88
  -9396.383    79.200    22.74   13.81
  -9107.196    80.914     5.93    9.52
  -8818.013    77.214   -12.79   12.75
  -8528.835    70.772   -22.28   16.03
  -8239.661    61.819   -30.96   17.88
  -7950.491    53.198   -29.81   18.31
  -7661.325    42.897   -35.62   16.58
  -7372.164    33.564   -32.28   15.22
  -7083.006    26.718   -23.68   14.88
  -6793.854    19.406   -25.29   11.93
  -6504.705    14.931   -15.48    8.95
  -6215.560    11.298   -12.56    6.75
  -5926.420     8.501    -9.67    4.50
  -5637.284     7.609    -3.08    3.80
  -5348.153     7.139    -1.63    3.55
  -5059.025     6.767    -1.29    3.40
  -4769.902     6.604    -0.56    3.15
  -4480.783     6.708     0.36    2.88
  -4191.669     6.828     0.42    2.77
  -3902.558     7.253     1.47    2.68
  -3613.452     6.560    -2.40    3.20
  -3324.350     5.830    -2.52    3.85
  -3035.252     4.931    -3.11    4.32
  -2746.159     3.794    -3.93    4.40
  -2457.070     2.759    -3.58    3.91
  -2167.985     1.603    -4.00    2.78
  -1878.904     1.014    -2.04    2.36
  -1589.827     1.027     0.04    2.44
  -1300.755     1.125     0.34    2.51
  -1011.687     0.681    -1.54    2.09
   -722.623     0.230    -1.56    1.26
   -433.563     0.062    -0.58    0.81
   -144.508    -0.086    -0.51    0.00
    144.543     0.111     0.68    1.09
    433.590     0.639     1.82    2.56
    722.633     1.528     3.08    3.84
   1011.671     3.291     6.10    5.66
   1300.706     5.380     7.23    6.59
   1589.736     7.931     8.83    7.02
   1878.762    10.631     9.34    6.79
   2167.783    13.828    11.06    6.91
   2456.801    16.742    10.08    6.83
   2745.814    20.294    12.29    7.52
   3034.823    24.226    13.61    9.45
   3323.828    28.845    15.98   10.29
   3612.829    34.698    20.25   10.63
   3901.825    40.139    18.83   10.59
   4190.817    45.604    18.91   10.25
   4479.805    51.800    21.44   11.96
   4768.789    57.728    20.51   13.75
   5057.769    60.576     9.85   16.09
   5346.744    63.218     9.14   16.93
   5635.715    63.731     1.78   19.51
   5924.683    64.552     2.84   18.72
   6213.645    64.898     1.20   17.99
   6502.604    65.357     1.59   16.06
   6791.559    65.355    -0.01   13.55
   7080.509    68.592    11.20   13.67
   7369.455    69.609     3.52   13.87
   7658.397    72.214     9.02   13.51
   7947.335    75.798    12.40   13.78
   8236.268    79.121    11.50   13.51
   8525.197    81.431     8.00   12.94
   8814.123    82.259     2.87   12.89
   9103.044    84.186     6.67   11.26
   9391.960    86.001     6.28    9.92
   9680.873    88.209     7.65    9.64
   9969.782    90.639     8.41    9.40
  10258.686    94.581    13.65   10.26
  10547.586    99.139    15.78   10.32
  10836.482   104.501    18.56   10.89
  11125.374   110.172    19.63    9.89
  11414.261   113.464    11.40    8.17
  11703.145   115.357     6.55    6.42
  11992.024   116.020     2.29    5.08
  12280.899   115.156    -2.99    5.69
  12569.770   113.598    -5.39    6.20
  12858.637   111.186    -8.35    6.23
  13147.500   108.357    -9.79    6.90
  13436.358   107.087    -4.40    6.60
  13725.212   105.998    -3.77    7.06
  14014.063   107.173     4.07    7.48
  14302.909   108.537     4.72    7.84
  14591.750   112.214    12.73   10.01
  14880.588   116.114    13.50   10.44
  15169.422   120.144    13.95    8.53
  15458.251   122.328     7.56    7.35
  15747.076   123.181     2.95    7.07
  16035.898   122.656    -1.82    8.42
  16324.715   120.275    -8.24    9.91
  16613.527   116.813   -11.99   10.08
  16902.336   115.314    -5.19    9.08
  17191.141   114.690    -2.16    8.13
  17479.941   115.020     1.14    7.99
  17768.737   115.750     2.53    7.86
  18057.529   116.714     3.34    7.27
  18346.317   117.995     4.43    6.53
  18635.101   119.321     4.59    6.28
  18923.881   119.673     1.22    7.17
  19212.657   120.118     1.54    7.09
  19501.428   119.673    -1.54    6.61
  19790.195   120.816     3.96    6.17
  20078.959   122.380     5.42    6.18
  20367.718   124.253     6.49    5.50
  20656.964   125.639     4.79    6.17
  20946.610   128.781    10.85    8.32
  21236.253   133.216    15.31   10.30
  21525.891   138.035    16.64   10.59
  21815.525   143.948    20.41   10.98
  22105.155   147.948    13.81   11.55
  22394.781   154.287    21.89   17.74
  22684.402   158.999    16.27   18.09
  22974.020   162.209    11.08   22.53
  23263.633   160.390    -6.28   17.88
  23553.242   157.686    -9.33   17.79
  23842.847   151.364   -21.83   14.83
  24132.448   144.914   -22.27   14.08
  24422.045   140.308   -15.91   11.55
  24711.638   136.581   -12.87   10.20
  25001.226   134.248    -8.06    8.80
  25290.810   132.570    -5.80    7.66
  25580.391   133.072     1.74   11.22
  25869.967   135.226     7.44   16.02
  26159.539   140.198    17.17   23.56
  26449.107   143.269    10.61   26.44
  26738.670   144.528     4.35   28.85
  27028.230   146.518     6.87   29.67
  27317.786   145.474    -3.61   29.22
  27607.337   140.338   -17.74   28.82
  27896.884   134.373   -20.60   27.20
  28186.427   129.328   -17.42   24.01
  28475.966   123.998   -18.41   17.87
  28765.501   121.002   -10.35   12.91
  29055.032   119.664    -4.62    6.70
  29344.559   121.849     7.54    6.77
  29634.081   125.531    12.72    8.24
  29923.600   130.648    17.67   11.72
  30213.114   134.414    13.01   12.45
  30502.624   138.514    14.16   12.81
  30792.131   142.708    14.48   12.36
  31081.633   146.472    13.00   11.71
  31371.131   149.177     9.34   10.47
  31660.625   148.508    -2.31    8.34
  31950.114   148.070    -1.51    7.79
  32239.600   149.611     5.32   10.63
  32529.082   147.581    -7.01   11.72
  32818.559   144.491   -10.68   13.47
  33108.032   140.226   -14.73   14.06
  33397.502   137.294   -10.13   14.16
  33686.967   133.294   -13.82   13.41
  33976.428   130.423    -9.92   10.81
  34265.885   127.050   -11.65    7.85
  34555.338   125.619    -4.94    7.53
  34844.787   127.604     6.86   18.22
  35134.232   131.811    14.53   28.78
  35423.672   131.423    -1.34   29.13
  35713.109   129.882    -5.32   29.29
  36002.541   128.172    -5.91   30.81
  36291.970   123.328   -16.74   28.68
  36581.394   116.714   -22.85   20.78
  36870.815   113.276   -11.88   13.12
  37160.231   111.631    -5.69   10.59
  37449.643   112.864     4.26    8.99
  37739.051   116.664    13.13   10.95
  38028.455   122.078    18.71   11.68
  38317.855   127.621    19.15   10.92
  38607.251   132.348    16.33    9.15
  38896.643   136.776    15.30    8.12
  39186.030   139.816    10.50    7.48
  39475.414   142.831    10.42    7.00
  39764.794   144.914     7.20    6.45
  40054.169   146.225     4.53    5.80
  40343.541   147.002     2.69    5.58
  40632.908   147.076     0.25    5.26
  40922.272   145.698    -4.76    4.89
  41211.631   143.672    -7.00    5.01
  41500.986   142.052    -5.60    5.68
  41790.338   140.087    -6.79    6.29
  42079.685   139.481    -2.09    7.78
  42369.028   142.432    10.20   13.12
  42658.367   144.439     6.94   17.71
  42947.702   143.449    -3.42   19.41
  43237.033   144.677     4.25   20.46
  43526.360   142.759    -6.63   18.56
  43815.683   143.814     3.65   20.31
  44105.002   148.013    14.51   29.27
  44394.317   146.639    -4.75   33.08
  44683.628   145.114    -5.27   38.00
  44972.934   141.248   -13.37   40.43
  45262.237   135.033   -21.48   41.28
  45551.536   128.067   -24.08   38.57
  45840.830   118.652   -32.54   28.25
  46130.121   112.598   -20.93   10.80
  46419.408   114.259     5.74    7.93
  46708.690   117.564    11.43    6.80
  46997.969   121.052    12.06    6.55
  47287.243   123.231     7.53    6.10
  47576.514   123.681     1.56    6.11
  47865.780   123.698     0.06    7.48
  48155.043   123.432    -0.92    8.57
  48444.301   122.020    -4.88    9.57
  48733.556   119.455    -8.87   11.27
  49022.806   116.898    -8.84   12.42
  49312.052   112.931   -13.72   12.44
  49601.295   109.535   -11.74   11.51
  49890.533   109.087    -1.55   11.68
  50179.768   109.491     1.40   12.11
  50468.998   110.474     3.40   12.76
  50758.224   112.242     6.11   13.53
  51047.447   113.018     2.68   13.26
  51336.665   114.813     6.21   13.48
  51625.879   114.090    -2.50   12.52
  51915.090   114.081    -0.03   12.56
  52204.296   114.092     0.04   11.84
  52493.498   115.814     5.96   12.04
  52782.696   120.431    15.96   13.30
  53071.891   122.704     7.86   12.51
  53361.081   125.964    11.27   11.50
  53650.267   127.983     6.98   11.57
  53939.450   129.172     4.11   13.56
  54228.628   129.882     2.45   16.79
  54517.802   132.304     8.38   24.18
  54806.973   133.983     5.81   28.82
  55096.139   139.307    18.41   30.24
  55385.302   144.505    17.97   30.76
  55674.460   151.798    25.22   36.16
  55963.614   160.800    31.13   38.45
  56252.765   169.355    29.59   44.63
  56541.911   176.932    26.20   46.36
  56831.054   178.631     5.88   44.66
  57120.192   178.690     0.20   39.73
  57409.327   176.603    -7.22   25.18
  57698.457   173.863    -9.48   14.83
  57987.584   176.966    10.73   13.73
  58276.706   179.673     9.36   14.80
  58565.825   178.181    -5.16   14.09
  58854.940   178.669     1.69   16.38
  59144.050   178.587    -0.28   15.89
  59433.157   179.259     2.32   16.58
  59722.260   180.259     3.46   16.56
  60011.359   182.656     8.29   14.97
  60300.453   188.439    20.00   14.04
  60589.544   193.914    18.94   14.65
  60878.631   195.423     5.22   14.28
  61167.714   195.546     0.43   13.95
  61456.793   197.064     5.25   14.04
  61745.868   204.248    24.85   18.34
  62034.939   216.382    41.98   36.08
  62324.006   229.148    44.16   42.79
  62613.070   239.750    36.68   43.02
  62902.129   251.139    39.40   38.50
  63191.184   258.328    24.87   29.76
  63480.235   262.440    14.22   24.07
  63769.283   265.338    10.03   20.45
  64058.326   265.205    -0.46   13.62
  64347.366   265.664     1.59   13.09
  64636.401   268.845    11.01   17.18
  64925.433   269.845     3.46   17.68
  65214.460   269.880     0.12   17.66
  65503.484   269.488    -1.36   17.30
  65792.504   269.880     1.36   17.66
  66081.520   266.982   -10.03   14.88
  66370.532   263.432   -12.28    5.56
  66659.540   262.398    -3.58    2.97
  66948.544   262.511     0.39    3.07
  67237.544   262.575     0.22    3.15
  67526.540   262.636     0.21    3.12
  67815.532   262.265    -1.28    1.46
  68104.521   262.084    -0.63    1.07
  68393.505   261.914    -0.59    0.00
  68682.485   262.095     0.62    1.02
  68971.462   264.624     8.75   10.80
  69260.435   266.018     4.82   13.20
  69549.403   266.981     3.33   14.02
  69838.368   266.581    -1.38   13.66
  70127.329   266.275    -1.06   13.25
  70416.286   264.814    -5.05   10.97
  70705.239   263.608    -4.18    7.23
  70994.188   262.084    -5.27    0.83
  71283.133   262.004    -0.28    0.55
  71572.075   262.118     0.39    1.05
  71861.012   262.001    -0.41    0.54
  72149.946   261.996    -0.01    0.53
  72438.875   262.389     1.36    3.52
  72727.801   269.001    22.88   21.36
  73016.723   282.035    45.11   41.18
  73305.641   298.626    57.42   48.32
  73594.555   309.898    39.01   46.44
  73883.465   328.621    64.81   45.57
  74172.371   355.331    92.45   51.97
  74461.273   379.501    83.66   60.31
  74750.172   405.501    90.00   83.59
  75039.066   429.314    82.43   87.15
  75327.957   438.660    32.35   82.11
  75616.843   436.964    -5.87   84.63
  75905.726   414.862   -76.51  101.96
  76194.605   373.796  -142.15  105.07
  76483.480   335.728  -131.78   96.03
  76772.351   297.998  -130.61   61.90
  77061.219   274.291   -82.06   28.50
  77350.082   265.535   -30.31   12.71
  77638.942   261.914   -12.53    0.00
  77927.797   261.914     0.00    0.00
  78216.649   261.914     0.00    0.00
  78505.497   261.914     0.00    0.00
  78794.341   261.914     0.00    0.00
  79083.181   261.914     0.00    0.00
  79372.017   261.914     0.00    0.00
  79660.850   261.914     0.00    0.00
  79949.678   261.914     0.00    0.00
  80238.503   261.914     0.00    0.00
  80527.324   261.914     0.00    0.00
  80816.141   261.914     0.00    0.00
  81104.954   261.914     0.00    0.00
  81393.763   261.914     0.00    0.00
  81682.568   261.914     0.00    0.00
  81971.370   261.914     0.00    0.00
  82260.167   261.914     0.00    0.00
  82548.961   261.914     0.00    0.00
  82837.965   261.914     0.00    0.00
  83127.587   261.914     0.00    0.00
  83417.205   261.914     0.00    0.00
  83706.819   263.046     3.91    4.15
  83996.429   264.397     4.67    7.45
  84286.036   264.796     1.38    7.45
  84575.638   264.932     0.47    7.55
  84865.237   265.033     0.35    7.44
  85154.832   264.177    -2.96    4.75
  85444.423   263.664    -1.77    4.36
  85734.010   262.514    -3.97    2.34
  86023.593   262.270    -0.84    1.39
  86313.172   262.118    -0.53    1.11
  86602.747   262.104    -0.05    1.12
  86892.319   261.914    -0.65    0.00
  87181.887   261.914     0.00    0.00
  87471.450   261.914     0.00    0.00
  87761.010   261.914     0.00    0.00
  88050.567   261.914     0.00    0.00
  88340.119   261.914     0.00    0.00
  88629.667   261.914     0.00    0.00
  88919.212   261.914     0.00    0.00
  89208.753   261.914     0.00    0.00
  89498.289   261.914     0.00    0.00
  89787.822   261.914     0.00    0.00
  90077.352   261.914     0.00    0.00
  90366.877   261.914     0.00    0.00
  90656.398   261.914     0.00    0.00
  90945.916   261.914     0.00    0.00
  91235.430   261.914     0.00    0.00
  91524.940   261.914     0.00    0.00
  91814.446   261.914     0.00    0.00
  92103.948   261.914     0.00    0.00
  92393.447   261.914     0.00    0.00
  92682.941   261.914     0.00    0.00
  92972.432   261.914     0.00    0.00
  93261.919   261.914     0.00    0.00
  93551.402   261.914     0.00    0.00
  93840.881   261.914     0.00    0.00
  94130.357   261.914     0.00    0.00
  94419.828   261.914     0.00    0.00
  94709.296   261.914     0.00    0.00
  94998.760   261.914     0.00    0.00
  95288.220   261.914     0.00    0.00
  95577.676   262.388     1.64    3.58
  95867.129   265.242     9.86    9.27
  96156.578   271.736    22.43   20.75
  96446.022   279.259    25.99   29.54
  96735.464   281.999     9.47   29.18
  97024.901   284.357     8.15   28.58
  97314.334   284.018    -1.17   24.10
  97603.764   280.742   -11.32   18.66
  97893.190   276.748   -13.80   10.38
  98182.612   280.491    12.93   11.05
  98472.030   282.423     6.68   10.98
  98761.444   283.897     5.09   10.00
  99050.855   284.501     2.09    9.69
  99340.261   284.759     0.89    9.27
  99629.664   285.681     3.19    8.73
  99919.064   286.619     3.24    8.59
 100208.459   287.845     4.24    7.79
 100497.851   291.731    13.43   10.42
 100787.238   294.414     9.27   11.17
 101076.622   298.728    14.91   11.19
 101366.002   305.587    23.70   14.60
 101655.379   312.914    25.32   18.23
 101944.751   320.947    27.76   21.76
 102234.120   324.090    10.86   23.26
 102523.485   321.064   -10.46   26.35
 102812.847   314.466   -22.80   31.00
 103102.204   306.980   -25.87   31.89
 103391.558   297.505   -32.75   29.32
 103680.907   287.999   -32.85   19.42
 103970.254   281.397   -22.82    9.57
 104259.596   282.476     3.73   11.26
 104548.934   282.324    -0.52   10.87
 104838.269   281.564    -2.63   10.95
 105127.600   281.226    -1.17   11.49
 105416.927   279.508    -5.94   10.21
 105706.251   276.190   -11.47    9.54
 105995.570   273.248   -10.17    8.76
 106284.886   269.776   -12.00    7.22
 106574.198   267.669    -7.29    5.80
 106863.507   268.328     2.28    8.26
 107152.811   268.932     2.09   10.55
 107442.112   269.052     0.42   11.45
 107731.409   268.064    -3.41   11.39
 108020.703   267.619    -1.54   11.51
 108309.992   266.432    -4.11   11.18
 108599.278   263.947    -8.59    7.51
 108888.560   261.914    -7.03    0.00
 109177.838   261.914     0.00    0.00
 109467.113   261.914     0.00    0.00
 109756.383   261.982     0.23    0.52
 110045.650   262.570     2.03    4.50
 110334.914   264.213     5.68    8.12
 110624.173   267.531    11.47   11.86
 110913.429   270.811    11.34   13.81
 111202.681   271.947     3.93   13.79
 111491.929   273.681     6.00   13.88
 111781.174   273.209    -1.63   13.73
 112070.414   270.414    -9.66   12.09
 112359.651   267.318   -10.71    8.84
 112648.885   264.711    -9.01    5.93
 112938.114   263.508    -4.16    4.74
 113227.340   262.963    -1.88    4.13
 113516.562   262.253    -2.45    1.91
 113805.780   261.914    -1.17    0.00
 114094.995   262.135     0.76    1.20
 114384.206   264.949     9.73    6.92
 114673.413   267.505     8.84    8.29
 114962.616   268.932     4.93    8.63
 115251.816   270.328     4.83    9.06
 115541.012   270.363     0.12    9.17
 115830.204   269.711    -2.25    9.24
 116119.393   267.543    -7.50    8.46
 116408.577   265.558    -6.86    7.41
 116697.758   263.084    -8.56    4.01
 116986.936   262.208    -3.03    1.78
 117276.109   262.242     0.12    2.36
 117565.279   264.603     8.16    8.60
 117854.445   266.248     5.69   10.75
 118143.608   268.172     6.66   13.53
 118432.767   269.682     5.22   14.73
 118721.922   269.698     0.05   14.44
 119011.073   268.458    -4.29   14.17
 119300.221   266.624    -6.34   12.57
 119589.364   263.491   -10.84    6.23
 119878.505   263.181    -1.07    5.33
 120167.641   263.673     1.70    6.73
 120456.774   263.673     0.00    6.73
 120745.903   263.614    -0.20    6.62
 121035.028   263.639     0.08    6.73
 121324.150   263.554    -0.29    6.57
 121613.268   262.685    -3.01    4.23
 121902.382   262.949     0.91    4.83
 122191.493   262.725    -0.78    3.36
 122480.600   263.018     1.01    3.91
 122769.703   263.537     1.80    5.68
 123058.803   263.294    -0.84    5.45
 123347.898   264.098     2.78    8.16
 123636.990   263.535    -1.95    7.77
 123926.079   262.067    -5.08    0.76
 124215.164   261.963    -0.36    0.38
 124504.245   261.931    -0.11    0.13
 124793.322   261.931    -0.00    0.13
 125082.396   261.932     0.00    0.13
 125371.466   261.932    -0.00    0.13
 125660.532   262.203     0.94    1.96
 125949.595   262.898     2.40    5.60
 126238.654   262.996     0.34    5.61
 126527.709   263.156     0.55    5.80
 126816.761   263.114    -0.14    5.70
 127105.809   263.178     0.22    5.85
 127394.853   263.095    -0.29    5.66
 127683.894   262.031    -3.68    0.90
 127972.931   261.914    -0.40    0.00
 128261.964   261.914     0.00    0.00
 128550.994   261.914     0.00    0.00
 128840.019   261.914     0.00    0.00
 129129.042   261.914     0.00    0.00
 129418.060   261.914     0.00    0.00
 129707.075   261.914     0.00    0.00
 129996.087   261.914     0.00    0.00
 130285.094   261.914     0.00    0.00
 130574.098   261.914     0.00    0.00
 130863.099   261.914     0.00    0.00
 131152.095   261.914     0.00    0.00
 131441.088   261.914     0.00    0.00
 131730.078   261.914     0.00    0.00
 132019.063   261.914     0.00    0.00
 132308.046   261.914     0.00    0.00
 132597.024   261.914     0.00    0.00
 132885.999   261.914     0.00    0.00
 133174.970   261.914     0.00    0.00
 133463.937   261.914     0.00    0.00
 133752.901   261.914     0.00    0.00
 134041.861   261.914     0.00    0.00
 134330.818   261.914     0.00    0.00
 134619.771   261.914     0.00    0.00
 134908.720   261.914     0.00    0.00
 135197.666   261.914     0.00    0.00
 135486.608   261.914     0.00    0.00
 135775.546   261.914     0.00    0.00
 136064.481   261.914     0.00    0.00
 136353.412   261.914     0.00    0.00
 136642.340   261.932     0.06    0.13
 136931.264   262.798     3.00    4.09
 137220.184   265.794    10.37   11.61
 137509.101   267.291     5.18   14.23
 137798.014   267.748     1.58   14.47
 138086.923   267.514    -0.81   14.45
 138375.829   266.449    -3.69   11.93
 138664.731   264.142    -7.98    8.80
 138953.629   262.800    -4.65    4.63
 139242.524   262.281    -1.79    2.84
 139531.416   261.914    -1.27    0.00
 139820.303   261.914     0.00    0.00
 140109.187   261.914     0.00    0.00
 140398.068   261.914     0.00    0.00
 140686.945   261.914     0.00    0.00
 140975.818   261.914     0.00    0.00
 141264.688   261.914     0.00    0.00
 141553.554   261.914     0.00    0.00
 141842.416   261.914     0.00    0.00
 142131.275   261.914     0.00    0.00
 142420.130   261.914     0.00    0.00
 142708.982   261.914     0.00    0.00
 142997.830   261.914     0.00    0.00
 143286.674   261.914     0.00    0.00
 143575.515   261.914     0.00    0.00
 143864.352   261.914     0.00    0.00
 144153.186   261.914     0.00    0.00
 144442.016   261.914     0.00    0.00
 144730.842   261.914     0.00    0.00
 145019.665   261.914     0.00    0.00
 145309.237   261.914     0.00    0.00
 145598.833   261.914     0.00    0.00
 145888.424   261.914     0.00    0.00
 146178.013   261.914     0.00    0.00
 146467.597   262.084     0.59    1.30
 146757.178   262.639     1.92    2.75
 147046.756   264.098     5.04    5.88
 147336.330   265.690     5.50    8.41
 147625.900   268.350     9.18   10.75
 147915.467   270.781     8.40   11.48
 148205.030   275.966    17.91   13.48
 148494.589   278.677     9.36   14.59
 148784.145   285.621    23.98   17.66
 149073.698   294.111    29.32   18.93
 149363.246   301.897    26.89   19.30
 149652.791   309.552    26.44   21.04
 149942.333   316.311    23.34   21.47
 150231.871   321.552    18.10   19.38
 150521.405   329.092    26.04   21.08
 150810.936   332.181    10.67   20.95
 151100.463   338.592    22.14   24.09
 151389.987   345.001    22.13   24.78
 151679.507   352.742    26.74   22.16
 151969.023   361.864    31.51   20.03
 152258.536   365.648    13.07   20.75
 152548.046   364.576    -3.70   23.32
 152837.551   360.708   -13.36   28.10
 153127.054   350.531   -35.15   31.87
 153416.552   343.213   -25.28   31.92
 153706.047   339.455   -12.98   29.82
 153995.539   333.287   -21.31   22.06
 154285.026   332.118    -4.04   16.48
 154574.511   336.253    14.29   16.08
 154863.992   343.259    24.20   15.78
 155153.469   349.631    22.01   18.22
 155442.942   354.397    16.46   18.36
 155732.412   357.502    10.72   19.70
 156021.879   359.098     5.51   15.88
 156311.342   362.353    11.25   10.73
 156600.801   362.169    -0.64    9.86
 156890.257   358.345   -13.21   10.33
 157179.709   355.636    -9.36   10.12
 157469.158   353.432    -7.61    9.91
 157758.603   351.542    -6.53    8.66
 158048.045   349.863    -5.80    9.14
 158337.483   347.441    -8.37   10.66
 158626.918   346.060    -4.77   10.87
 158916.349   342.864   -11.04   12.15
 159205.776   340.947    -6.62   11.84
 159495.200   337.535   -11.79   11.99
 159784.620   336.501    -3.57   12.78
 160074.037   335.848    -2.26   13.27
 160363.450   333.748    -7.26   13.17
 160652.860   333.275    -1.63   13.23
 160942.266   333.932     2.27   12.76
 161231.669   334.564     2.19   10.76
 161521.068   336.511     6.73   10.42
 161810.464   338.598     7.21   10.11
 162099.856   342.014    11.81    8.70
 162389.244   343.084     3.70    8.28
 162678.629   344.914     6.33    8.93
 162968.011   347.298     8.24    8.79
 163257.389   347.698     1.38    8.80
 163546.763   348.656     3.31    8.42
 163836.134   347.882    -2.68    8.40
 164125.502   346.398    -5.13    9.51
 164414.865   344.195    -7.61    8.70
 164704.226   341.542    -9.17    7.81
 164993.583   341.397    -0.50    7.18
 165282.936   340.882    -1.78    6.82
 165572.286   340.518    -1.26    5.94
 165861.632   340.014    -1.74    5.88
 166150.975   339.914    -0.35    6.16
 166440.314   340.406     1.70    6.23
 166729.650   339.802    -2.09    6.77
 167018.982   337.231    -8.88    7.25
 167308.311   336.769    -1.60    8.20
 167597.636   336.213    -1.92    8.15
 167886.958   335.863    -1.21    7.55
 168176.276   334.781    -3.74    8.24
 168465.591   334.131    -2.25    7.32
 168754.902   332.864    -4.38    7.38
 169044.210   332.345    -1.79    7.26
 169333.514   332.406     0.21    6.50
 169622.815   331.862    -1.88    6.47
 169912.112   329.931    -6.67    6.57
 170201.406   329.029    -3.12    6.68
 170490.696   327.208    -6.30    7.39
 170779.983   326.448    -2.63    7.25
 171069.266   326.081    -1.27    8.04
 171358.546   324.525    -5.38    7.65
 171647.822   325.949     4.92    9.03
 171937.095   327.652     5.89   10.30
 172226.364   328.264     2.12    9.39
 172515.630   329.552     4.45    8.52
 172804.893   330.481     3.21    7.55
 173094.151   331.639     4.00    6.95
 173383.407   331.114    -1.81    6.58
 173672.659   330.614    -1.73    5.81
 173961.907   330.084    -1.83    5.32
 174251.152   330.897     2.81    5.32
 174540.394   331.518     2.15    5.28
 174829.632   330.718    -2.77    5.56
 175118.866   330.648    -0.24    5.64
 175408.098   330.398    -0.86    5.62
 175697.325   329.483    -3.16    4.98
 175986.549   329.035    -1.55    5.15
 176275.770   329.328     1.01    5.31
 176564.987   329.794     1.61    5.27
 176854.201   330.652     2.97    5.29
 177143.411   331.794     3.95    5.92
 177432.618   332.779     3.41    6.33
 177721.822   333.593     2.82    6.55
 178011.022   334.423     2.87    6.26
 178300.218   335.200     2.69    6.22
 178589.411   335.016    -0.64    6.09
 178878.601   336.798     6.16    7.80
 179167.787   337.621     2.85    7.60
 179456.970   339.321     5.88    7.92
 179746.149   341.101     6.15    7.45
 180035.325   342.101     3.46    7.66
 180324.497   342.043    -0.20    7.31
 180613.666   343.353     4.53    6.77
 180902.831   344.648     4.48    9.50
 181191.993   346.736     7.22   12.20
 181481.152   349.156     8.37   13.63
 181770.307   350.531     4.75   14.92
 182059.459   351.264     2.54   14.94
 182348.607   351.190    -0.26   14.78
 182637.752   349.160    -7.02   13.75
 182926.893   348.331    -2.87   13.98
 183216.031   346.432    -6.57   12.48
 183505.166   343.521   -10.07    9.56
 183794.297   341.198    -8.03    6.09
 184083.424   340.328    -3.01    4.78
 184372.549   341.070     2.56    5.17
 184661.669   341.794     2.50    5.50
 184950.787   340.898    -3.10    5.73
 185239.901   339.380    -5.25    6.57
 185529.011   337.457    -6.65    7.30
 185818.118   336.501    -3.31    7.81
 186107.222   335.148    -4.68    7.99
 186396.322   334.366    -2.70    7.13
 186685.419   333.931    -1.50    6.36
 186974.513   333.381    -1.90    6.83
 187263.603   333.248    -0.46    6.58
 187552.689   332.501    -2.58    6.14
 187841.773   331.398    -3.81    6.06
 188130.852   331.014    -1.33    6.04
 188419.929   329.866    -3.97    5.59
 188709.002   329.104    -2.64    5.33
 188998.071   328.398    -2.44    4.78
 189287.138   327.511    -3.07    4.49
 189576.200   328.619     3.83    4.29
 189865.260   329.081     1.60    4.35
 190154.316   330.355     4.41    5.24
 190443.368   331.847     5.16    5.64
 190732.418   333.075     4.25    6.24
 191021.463   334.160     3.75    6.49
 191310.506   335.052     3.09    6.51
 191599.545   336.587     5.31    6.88
 191888.580   338.390     6.24    8.78
 192177.613   341.660    11.31   14.50
 192466.641   343.880     7.68   14.73
 192755.667   349.276    18.67   17.51
 193044.689   353.095    13.21   18.70
 193333.707   357.363    14.77   18.58
 193622.723   361.193    13.25   17.54
 193911.735   363.776     8.94   17.06
 194200.743   369.355    19.30   20.07
 194489.748   372.931    12.37   20.80
 194778.750   378.181    18.17   22.53
 195067.748   384.373    21.43   28.10
 195356.743   394.669    35.62   37.02
 195645.735   410.190    53.71   51.78
 195934.723   421.626    39.57   53.40
 196223.708   432.948    39.18   53.46
 196512.690   440.481    26.07   52.05
 196801.668   450.345    34.13   48.06
 197090.643   458.031    26.60   46.76
 197379.614   472.195    49.01   50.50
 197668.582   483.948    40.67   54.53
 197957.547   486.128     7.54   57.08
 198246.508   489.148    10.45   57.62
 198535.466   489.114    -0.12   58.06
 198824.421   485.173   -13.64   55.74
 199113.372   471.298   -48.02   53.59
 199402.320   451.466   -68.63   50.22
 199691.264   437.914   -46.90   45.43
 199980.205   428.592   -32.26   42.19
 200269.143   426.949    -5.69   42.59
 200558.078   422.897   -14.02   37.79
 200847.009   426.968    14.09   39.29
 201135.936   440.160    45.66   39.58
 201424.861   452.558    42.91   33.30
 201713.782   460.631    27.94   30.48
 202002.700   462.621     6.89   28.73
 202291.614   463.307     2.37   26.96
 202580.525   464.114     2.79   23.26
 202869.433   465.759     5.69   21.15
 203158.337   471.931    21.36   24.16
 203447.238   476.190    14.74   24.44
 203736.136   479.466    11.34   23.38
 204025.030   479.673     0.72   23.15
 204313.921   476.828    -9.85   21.78
 204602.809   475.652    -4.07   23.11
 204891.693   474.208    -5.00   21.72
 205180.574   474.631     1.47   21.23
 205469.452   472.379    -7.80   17.32
 205758.326   472.501     0.42   17.28
 206047.197   470.081    -8.38   16.83
 206336.065   463.898   -21.40   19.16
 206624.929   460.285   -12.50   22.98
 206913.790   453.593   -23.17   25.46
 207202.648   445.355   -28.52   26.28
 207491.991   438.380   -24.11   25.69
 207781.564   434.092   -14.81   24.42
 208071.133   430.431   -12.64   21.85
 208360.700   426.001   -15.30   18.04
 208650.263   422.304   -12.76   10.76
 208939.822   422.736     1.49    8.00
 209229.379   425.849    10.75   11.35
 209518.932   433.064    24.92   23.26
 209808.482   441.608    29.50   31.78
 210098.028   450.643    31.20   36.29
 210387.571   458.986    28.81   37.90
 210677.111   469.745    37.16   38.79
 210966.647   482.449    43.87   37.43
 211256.180   490.488    27.77   32.86
 211545.710   495.660    17.86   27.70
 211835.236   499.742    14.10   21.91
 212124.760   500.276     1.85   18.88
 212414.279   494.208   -20.96   17.96
 212703.796   489.488   -16.30   15.34
 212993.309   487.190    -7.94   13.72
 213282.819   484.598    -8.95   13.24
 213572.325   482.639    -6.77   13.48
 213861.829   480.225    -8.34   14.60
 214151.329   477.357    -9.91   14.82
 214440.825   476.264    -3.77   15.26
 214730.319   473.209   -10.55   14.52
 215019.809   469.504   -12.80   11.71
 215309.295   466.225   -11.33    9.78
 215598.779   460.949   -18.22   11.25
 215888.259   456.331   -15.95   13.99
 216177.736   451.914   -15.26   14.52
 216467.209   448.518   -11.73   13.40
 216756.680   444.081   -15.33   11.37
 217046.147   442.546    -5.30   10.31
 217335.610   441.947    -2.07    9.63
 217625.071   442.448     1.73    9.59
 217914.528   444.664     7.66   10.01
 218203.981   445.781     3.86   10.26
 218493.432   447.721     6.70   11.02
 218782.879   448.581     2.97   11.27
 219072.323   452.328    12.95   11.69
 219361.764   456.078    12.96   10.63
 219651.201   459.095    10.42    9.50
 219940.635   460.084     3.42    8.73
 220230.066   460.208     0.43    8.71
 220519.493   456.673   -12.21   11.66
 220808.918   451.439   -18.08   14.36
 221098.339   446.558   -16.86   15.60
 221387.756   441.980   -15.82   14.01
 221677.171   439.035   -10.17   12.77
 221966.582   437.304    -5.98   11.21
 222255.990   436.554    -2.59   12.02
 222545.394   436.098    -1.58   12.29
 222834.796   438.314     7.66   13.23
 223124.194   439.090     2.68   12.71
 223413.589   439.828     2.55   13.05
 223702.980   440.248     1.45   13.33
 223992.368   441.389     3.94   13.92
 224281.753   444.014     9.07   14.55
 224571.135   444.018     0.01   14.20
 224860.514   446.531     8.68   17.39
 225149.889   445.335    -4.13   17.92
 225439.261   445.548     0.73   21.78
 225728.630   446.406     2.97   22.21
 226017.995   445.314    -3.77   23.78
 226307.357   445.464     0.52   24.60
 226596.716   441.864   -12.44   18.67
 226886.072   445.152    11.36   20.33
 227175.425   444.914    -0.82   17.50
 227464.774   447.111     7.59   18.50
 227754.120   446.498    -2.12   16.60
 228043.463   445.827    -2.32   12.51
 228332.802   447.694     6.45   10.61
 228622.138   447.139    -1.92   11.48
 228911.471   449.614     8.56   13.78
 229200.801   451.152     5.31   15.26
 229490.128   454.664    12.14   20.08
 229779.451   461.156    22.44   26.39
 230068.771   471.739    36.58   38.14
 230358.088   484.931    45.59   48.00
 230647.402   505.781    72.06   61.07
 230936.712   524.237    63.79   73.42
 231226.019   547.160    79.23   77.10
 231515.323   563.708    57.19   77.84
 231804.624   573.880    35.16   74.73
 232093.921   585.311    39.51   63.53
 232383.215   594.177    30.64   57.20
 232672.507   596.828     9.17   50.69
 232961.794   594.931    -6.56   43.48
 233251.079   594.111    -2.84   40.08
 233540.360   604.982    37.58   45.16
 233829.638   614.184    31.81   51.58
 234118.913   619.711    19.10   50.08
 234408.185   633.698    48.35   56.46
 234697.454   642.501    30.43   55.83
 234986.719   651.491    31.08   53.49
 235275.981   658.304    23.55   50.30
 235565.240   660.253     6.74   53.09
 235854.496   670.834    36.58   58.38
 236143.748   680.897    34.79   60.95
 236432.997   687.581    23.11   64.67
 236722.243   700.932    46.16   64.13
 237011.486   702.527     5.51   62.40
 237300.726   710.998    29.28   55.73
 237589.962   707.669   -11.51   56.99
 237879.196   705.087    -8.93   57.04
 238168.426   695.294   -33.86   58.29
 238457.653   681.491   -47.72   66.20
 238746.876   659.999   -74.30   72.90
 239036.097   633.479   -91.69   77.19
 239325.314   609.728   -82.12   75.44
 239614.528   586.518   -80.25   70.30
 239903.739   572.897   -47.09   63.71
 240192.947   556.276   -57.47   51.14
 240482.151   545.800   -36.22   37.20
 240771.353   540.501   -18.32   32.43
 241060.551   542.690     7.57   33.17
 241349.746   542.863     0.60   33.57
 241638.938   538.483   -15.14   35.03
 241928.126   529.834   -29.91   36.77
 242217.312   519.914   -34.30   39.34
 242506.494   507.270   -43.72   38.71
 242795.673   496.708   -36.53   31.72
 243084.849   490.863   -20.21   28.91
 243374.022   495.714    16.78   40.85
 243663.192   503.698    27.61   47.38
 243952.358   512.672    31.03   52.70
 244241.521   524.248    40.03   57.10
 244530.681   538.431    49.05   58.76
 244819.838   551.406    44.87   56.13
 245108.992   557.357    20.58   50.17
 245398.143   565.338    27.60   42.28
 245687.290   573.575    28.49   30.30
 245976.434   575.931     8.15   22.61
 246265.575   569.135   -23.50   21.37
 246554.713   564.531   -15.92   19.92
 246843.848   563.345    -4.10   22.16
 247132.980   561.613    -5.99   24.05
 247422.108   564.598    10.32   27.09
 247711.234   565.423     2.85   27.31
 248000.356   570.677    18.17   34.31
 248289.475   568.242    -8.42   34.17
 248578.591   567.931    -1.08   37.01
 248867.703   565.414    -8.70   36.76
 249156.813   560.998   -15.28   37.49
 249445.919   556.208   -16.57   39.61
 249735.023   550.844   -18.55   41.45
 250024.123   549.060    -6.17   41.74
 250313.220   543.098   -20.62   40.50
 250602.314   538.737   -15.08   40.06
 250891.404   537.283    -5.03   35.13
 251180.492   541.656    15.13   34.80
 251469.577   541.314    -1.18   38.33
 251758.658   538.811    -8.66   40.67
 252047.736   537.226    -5.48   43.03
 252336.811   533.501   -12.89   43.45
 252625.883   523.321   -35.21   43.09
 252914.952   511.380   -41.31   40.82
 253204.018   498.264   -45.37   33.89
 253493.080   485.259   -44.99   24.87
 253782.140   476.776   -29.34   16.34
 254071.196   470.664   -21.14   11.37
 254360.249   468.259    -8.32    8.91
 254649.299   467.203    -3.66    8.15
 254938.346   467.575     1.29    8.44
 255227.390   467.525    -0.18    8.91
 255516.431   467.554     0.10    9.04
 255805.468   468.300     2.58    7.60
 256094.503   467.931    -1.28    7.51
 256383.534   467.863    -0.24    5.92
 256672.562   467.898     0.12    5.36
 256961.587   468.431     1.84    6.39
 257250.609   471.148     9.40    9.63
 257539.628   474.380    11.18   10.70
 257828.644   476.950     8.89   13.42
 258117.657   478.626     5.80   14.44
 258406.666   483.169    15.72   15.08
 258695.673   488.737    19.27   16.84
 258984.676   495.203    22.37   20.47
 259273.677   503.087    27.28   26.10
 259562.674   512.508    32.60   36.48
 259851.668   527.794    52.89   52.76
 260140.659   539.472    40.41   63.07
 260429.647   544.932    18.89   64.30
 260718.632   566.190    73.56   87.34
 261007.613   580.104    48.15   96.63
 261296.592   590.203    34.94   97.49
 261585.568   601.802    40.14  101.04
 261874.540   611.881    34.88   95.09
 262163.510   621.948    34.84   89.56
 262452.476   622.880     3.23   82.63
 262741.439   627.001    14.26   73.57
 263030.399   624.948    -7.10   68.94
 263319.356   618.731   -21.51   71.44
 263608.310   608.205   -36.43   81.89
 263897.261   592.493   -54.37   87.07
 264186.209   568.648   -82.52   92.99
 264475.154   540.318   -98.04   81.91
 264764.095   517.731   -78.17   72.66
 265053.034   495.996   -75.22   57.15
 265341.969   480.575   -53.37   39.34
 265630.902   470.864   -33.61   23.25
 265919.831   471.948     3.75   19.84
 266208.758   473.148     4.15   17.10
 266497.681   478.949    20.08   16.52
 266786.601   484.834    20.37   15.13
 267075.518   491.614    23.47   14.59
 267364.432   496.739    17.74   14.33
 267653.343   500.186    11.93   15.27
 267942.251   508.018    27.11   17.91
 268231.156   513.298    18.27   20.11
 268520.058   517.440    14.34   21.41
 268808.957   524.231    23.51   37.57
 269097.852   534.225    34.59   55.35
 269386.745   545.388    38.64   74.40
 269675.894   559.831    49.95   91.80
 269965.444   570.398    36.49  104.19
 270254.990   575.052    16.07  110.99
 270544.534   577.262     7.63  113.25
 270834.075   573.941   -11.47  112.68
