#   20.105  -0.077   1.397 ;Mean Elev.(m), Avg Gradient(m/km), RMS Gradient(m/km) - SRTM1     
#   35.027  -0.277   1.454 ;Mean Elev.(m), Avg Gradient(m/km), RMS Gradient(m/km) - ASTER GDEM
#   20.019  -0.089   1.483 ;Mean Elev.(m), Avg Gradient(m/km), RMS Gradient(m/km) - GMTED2010 
   1    31.482 54662.00115862 26.48 294.167947   7.710321  5.695 -100.00 -100.00 -100.00
   1    30.543 54662.00115980 26.68 294.169771   7.705327 14.024 -100.00 -100.00 -100.00
   2    31.623 54671.91680354 42.14 294.166293   7.708813   -100 -100.00 -100.00 -100.00
   2    31.570 54671.91680413 36.30 294.167204   7.706316 25.806 -100.00 -100.00 -100.00
   2    31.565 54671.91680472 31.66 294.168116   7.703819 12.103 -100.00 -100.00 -100.00
   2    31.840 54671.91680531 31.87 294.169028   7.701322 11.232 -100.00 -100.00 -100.00
   3    32.536 54681.83244724 35.59 294.165600   7.707653 22.249 -100.00 -100.00 -100.00
   3    32.273 54681.83244783 29.49 294.166512   7.705156  7.968 -100.00 -100.00 -100.00
   3    32.048 54681.83244842 30.06 294.167424   7.702659  8.204 -100.00 -100.00 -100.00
   3    32.014 54681.83244901 31.19 294.168336   7.700162  9.822 -100.00 -100.00 -100.00
   4    32.410 54691.74808988 41.84 294.167142   7.707889   -100  237.64  249.92  236.83
   4    32.376 54691.74809047 36.32 294.168054   7.705392 17.166 -100.00 -100.00 -100.00
   4    32.576 54691.74809106 35.71 294.168966   7.702894 14.536 -100.00 -100.00 -100.00
   4    32.522 54691.74809165 37.53 294.169877   7.700397 17.901 -100.00 -100.00 -100.00
   5    32.463 54701.66372959 48.11 294.169235   7.711948  9.161 -100.00 -100.00 -100.00
   5    32.349 54701.66373018 36.00 294.170147   7.709451 20.297 -100.00 -100.00 -100.00
   5    32.038 54701.66373077 36.02 294.171059   7.706954 21.549 -100.00 -100.00 -100.00
   5    32.216 54701.66373136 39.70 294.171971   7.704457 30.455 -100.00 -100.00 -100.00
   6    31.963 54711.57937748 40.57 294.169680   7.711231   -100  245.17  255.28  242.76
   6    32.023 54711.57937807 29.86 294.170592   7.708735  9.293  245.17  255.28  242.76
   6    31.580 54711.57937866 31.84 294.171504   7.706237 13.141  245.17  255.28  242.76
   6    31.206 54711.57937925 35.64 294.172416   7.703740 24.095 -100.00 -100.00 -100.00
   7    31.630 54721.49502899 54.33 294.167206   7.709464   -100 -100.00 -100.00 -100.00
   7    31.644 54721.49502958 51.71 294.168118   7.706967 24.283 -100.00 -100.00 -100.00
   7    31.646 54721.49503017 53.88 294.169030   7.704470   -100 -100.00 -100.00 -100.00
   7    31.658 54721.49503076 51.59 294.169941   7.701974 27.482 -100.00 -100.00 -100.00
   8    30.659 54731.41067845 31.80 294.164494   7.704204 19.101 -100.00 -100.00 -100.00
   8    30.864 54731.41067904 28.10 294.165406   7.701707  8.632 -100.00 -100.00 -100.00
   8    31.012 54731.41067963 31.36 294.166318   7.699210 16.098 -100.00 -100.00 -100.00
   9    30.565 54741.32632498 54.13 294.161043   7.703997   -100 -100.00 -100.00 -100.00
   9    30.615 54741.32632557 54.77 294.161955   7.701500   -100 -100.00 -100.00 -100.00
   9    30.471 54741.32632616 53.39 294.162867   7.699004 10.907 -100.00 -100.00 -100.00
   9    30.328 54741.32632675 57.61 294.163779   7.696507 23.722 -100.00 -100.00 -100.00
  10    29.155 54751.24197161 28.84 294.160416   7.703106 18.732 -100.00 -100.00 -100.00
  10    29.194 54751.24197220 24.42 294.161328   7.700609  9.481 -100.00 -100.00 -100.00
  10    29.382 54751.24197279 25.20 294.162240   7.698112  9.992 -100.00 -100.00 -100.00
  10    29.625 54751.24197338 32.53 294.163152   7.695616 25.684 -100.00 -100.00 -100.00
  11    28.673 54761.15761806 41.42 294.161275   7.702391   -100 -100.00 -100.00 -100.00
  11    28.673 54761.15761866 35.01 294.162187   7.699894 25.067 -100.00 -100.00 -100.00
  11    28.992 54761.15761925 43.76 294.163099   7.697397   -100 -100.00 -100.00 -100.00
  12    28.226 54771.07326176 26.54 294.162300   7.703433 10.942 -100.00 -100.00 -100.00
  12    28.101 54771.07326235 28.42 294.163212   7.700936 15.201 -100.00 -100.00 -100.00
  12    28.169 54771.07326294 30.66 294.164124   7.698440 21.018 -100.00 -100.00 -100.00
  13    28.061 54780.98890203 42.65 294.162827   7.705834   -100  270.00  274.43  270.26
  13    28.084 54780.98890262 36.94 294.163739   7.703338 27.558  270.00  274.43  270.26
  13    28.022 54780.98890321 36.23 294.164651   7.700841 24.487 -100.00 -100.00 -100.00
  13    27.909 54780.98890380 41.97 294.165563   7.698344   -100 -100.00 -100.00 -100.00
  14    27.473 54790.90454062 42.45 294.164208   7.705420   -100 -100.00 -100.00 -100.00
  14    27.505 54790.90454121 40.50 294.165120   7.702924 26.295 -100.00 -100.00 -100.00
  14    27.495 54790.90454180 38.09 294.166032   7.700427 18.682 -100.00 -100.00 -100.00
  14    27.894 54790.90454239 40.98 294.166944   7.697930 23.050 -100.00 -100.00 -100.00
  15    27.857 54800.82017829 28.61 294.165481   7.705714 28.542 -100.00 -100.00 -100.00
  15    27.662 54800.82017888 24.48 294.166393   7.703217 15.478 -100.00 -100.00 -100.00
  15    27.370 54800.82017947 24.55 294.167305   7.700721 14.635 -100.00 -100.00 -100.00
  15    27.475 54800.82018006 30.85 294.168217   7.698224   -100 -100.00 -100.00 -100.00
  16    27.793 54810.73581591 28.12 294.166809   7.707681 30.823 -100.00 -100.00 -100.00
  16    27.760 54810.73581650 24.38 294.167720   7.705184 16.847 -100.00 -100.00 -100.00
  16    27.570 54810.73581710 25.40 294.168632   7.702687 19.700 -100.00 -100.00 -100.00
  16    27.580 54810.73581769 32.04 294.169544   7.700190   -100 -100.00 -100.00 -100.00
  17    27.793 54820.65145642 25.76 294.168676   7.708485 21.005  275.60  278.82  275.30
  17    27.551 54820.65145701 22.69 294.169587   7.705988 12.597  275.60  278.82  275.30
  17    27.368 54820.65145760 22.14 294.170499   7.703492 11.441 -100.00 -100.00 -100.00
  18    27.402 54830.56710939 25.05 294.167252   7.707281 21.245 -100.00 -100.00 -100.00
  18    27.370 54830.56710998 19.63 294.168163   7.704785  9.867 -100.00 -100.00 -100.00
  18    27.226 54830.56711057 22.78 294.169075   7.702288 13.595 -100.00 -100.00 -100.00
  18    27.364 54830.56711116 30.00 294.169987   7.699791 25.798 -100.00 -100.00 -100.00
  19    27.005 54840.48274887 21.33 294.164836   7.705421 10.521 -100.00 -100.00 -100.00
  19    27.017 54840.48274946 22.11 294.165748   7.702924 11.668 -100.00 -100.00 -100.00
  19    27.119 54840.48275005 28.79 294.166660   7.700427   -100 -100.00 -100.00 -100.00
  19    27.667 54840.48275064 28.52 294.167571   7.697931 22.637 -100.00 -100.00 -100.00
  20    26.120 54850.39839847 26.71 294.161980   7.702864 22.663 -100.00 -100.00 -100.00
  20    27.015 54850.39839906 28.16 294.162891   7.700367 26.625 -100.00 -100.00 -100.00
  20    27.023 54850.39839965 29.35 294.163803   7.697870 30.198 -100.00 -100.00 -100.00
  21    26.310 54860.31404662 21.85 294.159068   7.704149 11.839 -100.00 -100.00 -100.00
  21    26.574 54860.31404721 23.19 294.159980   7.701652 13.888 -100.00 -100.00 -100.00
  21    26.840 54860.31404780 25.23 294.160891   7.699156 18.412 -100.00 -100.00 -100.00
  21    27.103 54860.31404839 23.73 294.161803   7.696659 13.893 -100.00 -100.00 -100.00
  22    21.944 54870.22969521 29.00 294.158430   7.703725   -100 -100.00 -100.00 -100.00
  22    26.562 54870.22969580 20.84 294.159342   7.701228  9.849 -100.00 -100.00 -100.00
  22    26.871 54870.22969639 21.88 294.160253   7.698731 12.917 -100.00 -100.00 -100.00
  22    28.142 54870.22969698 22.26 294.161165   7.696235 13.638 -100.00 -100.00 -100.00
  23    21.858 54880.14534245 26.36 294.159178   7.703776 25.099 -100.00 -100.00 -100.00
  23    26.673 54880.14534304 19.90 294.160089   7.701279  8.269 -100.00 -100.00 -100.00
  23    26.936 54880.14534363 22.31 294.161001   7.698783 13.684 -100.00 -100.00 -100.00
  23    26.969 54880.14534422 26.05 294.161913   7.696286 24.319 -100.00 -100.00 -100.00
  24    21.286 54890.06098643 27.20 294.160407   7.704128 16.291 -100.00 -100.00 -100.00
  24    26.528 54890.06098702 26.96 294.161319   7.701632 14.484 -100.00 -100.00 -100.00
  24    26.719 54890.06098761 27.78 294.162230   7.699135 17.691 -100.00 -100.00 -100.00
  24    26.935 54890.06098820 30.77 294.163142   7.696639 21.831 -100.00 -100.00 -100.00
  25    20.016 54899.97662752 29.63 294.160370   7.703099 17.554 -100.00 -100.00 -100.00
  25    19.901 54899.97662811 32.24 294.161282   7.700602 22.675 -100.00 -100.00 -100.00
  25    26.529 54899.97662870 30.97 294.162194   7.698106 18.254 -100.00 -100.00 -100.00
  25    19.604 54899.97662930 33.36 294.163105   7.695609 27.138 -100.00 -100.00 -100.00
  26    25.933 54909.89226638 21.03 294.159044   7.703072 14.569 -100.00 -100.00 -100.00
  26    26.447 54909.89226697 20.22 294.159955   7.700575 12.675 -100.00 -100.00 -100.00
  26    26.615 54909.89226756 23.62 294.160867   7.698079 19.902 -100.00 -100.00 -100.00
  26    27.787 54909.89226815 21.01 294.161779   7.695582 13.927 -100.00 -100.00 -100.00
  27    26.255 54919.80790454 17.55 294.159312   7.702157  7.606 -100.00 -100.00 -100.00
  27    26.341 54919.80790513 20.23 294.160223   7.699661 12.838 -100.00 -100.00 -100.00
  27    26.543 54919.80790572 22.55 294.161135   7.697164 17.639 -100.00 -100.00 -100.00
  27    28.237 54919.80790631 19.92 294.162047   7.694668 11.258 -100.00 -100.00 -100.00
  28    25.892 54929.72354195 17.92 294.160781   7.704631  7.933 -100.00 -100.00 -100.00
  28    26.472 54929.72354254 17.88 294.161693   7.702134  7.435 -100.00 -100.00 -100.00
  28    26.563 54929.72354313 25.51 294.162605   7.699637 25.401 -100.00 -100.00 -100.00
  28    26.807 54929.72354372 25.94 294.163516   7.697141 21.840 -100.00 -100.00 -100.00
  29    26.052 54939.63917919 16.60 294.164877   7.704475  7.230  285.48  286.76  284.65
  29    26.505 54939.63917978 17.12 294.165789   7.701979  6.968  285.48  286.76  284.65
  29    27.209 54939.63918037 19.40 294.166700   7.699482 10.908  285.48  286.76  284.65
  30    25.517 54949.55481379 14.80 294.167369   7.708468  5.839 -100.00 -100.00 -100.00
  30    25.876 54949.55481438 23.47 294.168280   7.705972 22.309 -100.00 -100.00 -100.00
  30    26.273 54949.55481497 23.76 294.169192   7.703476 18.263 -100.00 -100.00 -100.00
  30    26.110 54949.55481556 21.76 294.170104   7.700979 18.848 -100.00 -100.00 -100.00
  31    23.515 54959.47045223 24.73 294.168469   7.709546 26.869 -100.00 -100.00 -100.00
  31    23.718 54959.47045282 19.89 294.169381   7.707049 12.708 -100.00 -100.00 -100.00
  31    24.516 54959.47045341 18.09 294.170293   7.704553  9.224 -100.00 -100.00 -100.00
  31    26.029 54959.47045400 19.71 294.171205   7.702056 12.058 -100.00 -100.00 -100.00
  32    24.397 54969.38610079 25.80 294.166286   7.708867 24.252 -100.00 -100.00 -100.00
  32    24.289 54969.38610138 28.09 294.167198   7.706371   -100 -100.00 -100.00 -100.00
  32    24.307 54969.38610197 22.07 294.168109   7.703874 12.937 -100.00 -100.00 -100.00
  32    26.157 54969.38610256 21.53 294.169021   7.701378 10.822 -100.00 -100.00 -100.00
  33    24.445 54979.30174812 16.90 294.165245   7.707504  7.267 -100.00 -100.00 -100.00
  33    24.110 54979.30174871 20.44 294.166157   7.705007 14.202 -100.00 -100.00 -100.00
  33    25.657 54979.30174930 16.29 294.167068   7.702511  6.979 -100.00 -100.00 -100.00
  33    25.879 54979.30174989 25.86 294.167980   7.700014 29.773 -100.00 -100.00 -100.00
  34    24.137 54989.21739502 20.25 294.164599   7.706810  6.392 -100.00 -100.00 -100.00
  34    22.882 54989.21739561 23.39 294.165511   7.704314 12.719 -100.00 -100.00 -100.00
  34    24.071 54989.21739620 20.96 294.166423   7.701817  7.807 -100.00 -100.00 -100.00
  34    25.919 54989.21739679 23.81 294.167334   7.699321 12.497 -100.00 -100.00 -100.00
  35    26.275 54999.13304226 47.80 294.164822   7.704712   -100 -100.00 -100.00 -100.00
  35    25.980 54999.13304285 51.25 294.165734   7.702216 18.719 -100.00 -100.00 -100.00
  35    26.009 54999.13304344 52.28 294.166645   7.699719 32.744 -100.00 -100.00 -100.00
  36    27.323 55009.04868727 36.33 294.164499   7.704424   -100 -100.00 -100.00 -100.00
  36    27.356 55009.04868786 40.92 294.165410   7.701927   -100 -100.00 -100.00 -100.00
  36    27.422 55009.04868845 40.69 294.166322   7.699430   -100 -100.00 -100.00 -100.00
  37    28.411 55018.96433063 21.02 294.164527   7.703979  4.727 -100.00 -100.00 -100.00
  37    28.484 55018.96433122 21.42 294.165439   7.701482  5.085 -100.00 -100.00 -100.00
  37    28.645 55018.96433181 29.68 294.166351   7.698985 21.572 -100.00 -100.00 -100.00
  38    29.827 55028.87997238 38.73 294.163624   7.705507 23.510  261.16  269.98  263.65
  38    29.717 55028.87997297 39.02 294.164535   7.703010 25.263 -100.00 -100.00 -100.00
  38    29.720 55028.87997356 41.64 294.165447   7.700513 32.753 -100.00 -100.00 -100.00
  38    29.962 55028.87997415 41.85 294.166359   7.698016 29.677 -100.00 -100.00 -100.00
  39    30.268 55038.79561417 28.79 294.163628   7.705463 15.515 -100.00 -100.00 -100.00
  39    30.266 55038.79561476 26.90 294.164540   7.702966  8.699 -100.00 -100.00 -100.00
  39    30.529 55038.79561535 25.64 294.165451   7.700469  7.005 -100.00 -100.00 -100.00
  39    30.916 55038.79561594 29.29 294.166363   7.697972 10.768 -100.00 -100.00 -100.00
  40    30.832 55048.71125482 31.71 294.165095   7.706727 21.880 -100.00 -100.00 -100.00
  40    30.752 55048.71125541 28.75 294.166007   7.704230 12.712 -100.00 -100.00 -100.00
  40    31.007 55048.71125600 26.32 294.166918   7.701733  8.460 -100.00 -100.00 -100.00
  40    31.331 55048.71125659 26.67 294.167830   7.699236  8.566 -100.00 -100.00 -100.00
  41    31.323 55058.62689326 30.66 294.167092   7.709432 14.726 -100.00 -100.00 -100.00
  41    31.047 55058.62689385 30.04 294.168004   7.706935 13.128 -100.00 -100.00 -100.00
  41    30.889 55058.62689444 29.99 294.168915   7.704438 12.710 -100.00 -100.00 -100.00
  41    31.085 55058.62689503 28.20 294.169827   7.701941  8.674 -100.00 -100.00 -100.00
  42    31.100 55068.54253266 33.33 294.168933   7.708795 21.445 -100.00 -100.00 -100.00
  42    31.068 55068.54253325 31.48 294.169845   7.706298 16.000 -100.00 -100.00 -100.00
  42    30.993 55068.54253384 31.17 294.170757   7.703801 14.031 -100.00 -100.00 -100.00
  42    31.108 55068.54253443 29.17 294.171668   7.701304  9.330 -100.00 -100.00 -100.00
  43    30.808 55078.45818268 38.03 294.165907   7.708022   -100 -100.00 -100.00 -100.00
  43    30.734 55078.45818327 32.79 294.166819   7.705525 22.684 -100.00 -100.00 -100.00
  43    30.724 55078.45818386 29.80 294.167731   7.703028 14.154 -100.00 -100.00 -100.00
  43    31.081 55078.45818445 28.71 294.168643   7.700531 11.139 -100.00 -100.00 -100.00
  44    30.756 55088.37383101 54.78 294.163533   7.703691  8.087 -100.00 -100.00 -100.00
  44    30.539 55088.37383160 53.81 294.164445   7.701194 27.844 -100.00 -100.00 -100.00
  44    30.604 55088.37383219 55.75 294.165357   7.698697 23.445 -100.00 -100.00 -100.00
  45    29.660 55098.28947658 29.20 294.160720   7.704337 19.394 -100.00 -100.00 -100.00
  45    29.603 55098.28947717 24.92 294.161632   7.701840  9.042 -100.00 -100.00 -100.00
  45    29.810 55098.28947776 26.32 294.162544   7.699343  9.590 -100.00 -100.00 -100.00
  45    29.714 55098.28947835 33.84 294.163456   7.696846 30.845 -100.00 -100.00 -100.00
  46    28.524 55108.20512233 33.42 294.161268   7.702397 20.526 -100.00 -100.00 -100.00
  46    28.816 55108.20512292 38.44 294.162180   7.699900   -100 -100.00 -100.00 -100.00
  46    28.770 55108.20512351 40.77 294.163092   7.697403   -100 -100.00 -100.00 -100.00
  47    28.897 55118.12076665 21.77 294.162457   7.702887  8.436 -100.00 -100.00 -100.00
  47    27.558 55118.12076724 27.71 294.163369   7.700390 21.053 -100.00 -100.00 -100.00
  47    27.632 55118.12076783 30.12 294.164281   7.697893 29.845 -100.00 -100.00 -100.00
  48    28.570 55128.03640812 24.35 294.162683   7.705646 12.564 -100.00 -100.00 -100.00
  48    27.685 55128.03640871 27.21 294.163595   7.703149 18.538 -100.00 -100.00 -100.00
  48    27.333 55128.03640930 26.27 294.164507   7.700653 16.179 -100.00 -100.00 -100.00
  48    27.822 55128.03640989 28.54 294.165419   7.698156 19.788 -100.00 -100.00 -100.00
  49    27.729 55137.95204854 24.43 294.163693   7.703843 18.478 -100.00 -100.00 -100.00
  49    27.156 55137.95204913 28.37 294.164605   7.701347   -100 -100.00 -100.00 -100.00
  49    27.413 55137.95204972 32.25 294.165517   7.698850   -100 -100.00 -100.00 -100.00
  50    27.244 55147.86768715 26.53 294.164116   7.703954 26.446 -100.00 -100.00 -100.00
  50    27.336 55147.86768774 24.14 294.165028   7.701458 17.404 -100.00 -100.00 -100.00
  50    27.656 55147.86768833 30.16 294.165940   7.698961   -100 -100.00 -100.00 -100.00
  51    26.988 55157.78332531 20.77 294.165282   7.705408 14.298 -100.00 -100.00 -100.00
  51    27.128 55157.78332590 21.57 294.166194   7.702911 14.658 -100.00 -100.00 -100.00
  51    27.432 55157.78332649 26.26 294.167106   7.700414 26.329 -100.00 -100.00 -100.00
  51    28.473 55157.78332708 29.12 294.168018   7.697918 16.812 -100.00 -100.00 -100.00
  52    26.435 55167.69896355 24.52 294.167082   7.706896 23.220 -100.00 -100.00 -100.00
  52    26.823 55167.69896414 21.49 294.167994   7.704399 12.102 -100.00 -100.00 -100.00
  52    27.175 55167.69896473 22.60 294.168906   7.701902 15.515 -100.00 -100.00 -100.00
  53    25.932 55177.61460085 23.25 294.168216   7.710277 20.432 -100.00 -100.00 -100.00
  53    25.691 55177.61460144 24.47 294.169128   7.707780 23.746 -100.00 -100.00 -100.00
  53    26.601 55177.61460203 21.20 294.170040   7.705283 14.559 -100.00 -100.00 -100.00
  53    27.108 55177.61460262 17.83 294.170951   7.702786  7.182 -100.00 -100.00 -100.00
  54    25.435 55187.53024592 20.03 294.168457   7.708345 11.805 -100.00 -100.00 -100.00
  54    26.528 55187.53024651 16.60 294.169368   7.705848  5.507 -100.00 -100.00 -100.00
  54    26.881 55187.53024710 17.52 294.170280   7.703351  7.437 -100.00 -100.00 -100.00
  54    26.976 55187.53024769 26.75 294.171192   7.700855 27.496 -100.00 -100.00 -100.00
  55    24.306 55197.44589765 19.83 294.165818   7.705329  8.056 -100.00 -100.00 -100.00
  55    26.764 55197.44589824 19.16 294.166729   7.702832  7.371 -100.00 -100.00 -100.00
  55    27.108 55197.44589883 22.57 294.167641   7.700335 12.758 -100.00 -100.00 -100.00
  56    26.327 55207.36154781 22.03 294.163202   7.703511 11.904 -100.00 -100.00 -100.00
  56    26.874 55207.36154840 23.89 294.164114   7.701015 16.199 -100.00 -100.00 -100.00
  56    26.940 55207.36154899 29.18 294.165025   7.698518   -100 -100.00 -100.00 -100.00
  57    25.798 55217.27719673 23.58 294.161453   7.704377 16.764  279.44  280.43  277.87
  57    26.615 55217.27719732 22.18 294.162365   7.701881 13.503  279.44  280.43  277.87
  57    26.943 55217.27719791 25.19 294.163277   7.699384 19.932  279.44  280.43  277.87
  57    27.125 55217.27719850 29.32 294.164188   7.696888 29.176  279.44  280.43  277.87
  58    25.800 55227.19284505 22.64 294.160836   7.704344 15.970  281.64  282.77  280.21
  58    26.447 55227.19284564 22.65 294.161747   7.701847 16.391  281.64  282.77  280.21
  58    26.596 55227.19284623 27.67 294.162659   7.699351 31.764  281.64  282.77  280.21
  58    26.672 55227.19284682 29.32 294.163570   7.696854   -100  281.64  282.77  280.21
  59    18.872 55237.10849101 40.70 294.161309   7.702801   -100 -100.00 -100.00 -100.00
  59    18.680 55237.10849160 41.15 294.162220   7.700305   -100 -100.00 -100.00 -100.00
  59    18.862 55237.10849219 39.22 294.163132   7.697808   -100 -100.00 -100.00 -100.00
  60    18.418 55247.02413270 43.39 294.160778   7.704542   -100 -100.00 -100.00 -100.00
  60    18.542 55247.02413329 39.57 294.161689   7.702045   -100 -100.00 -100.00 -100.00
  60    18.394 55247.02413388 39.71 294.162601   7.699549   -100 -100.00 -100.00 -100.00
  60    26.303 55247.02413447 36.77 294.163513   7.697052 28.101 -100.00 -100.00 -100.00
  61    18.455 55256.93977282 34.62 294.160715   7.702462   -100  288.62  288.88  285.85
  61    18.245 55256.93977341 39.22 294.161627   7.699965 26.683  288.62  288.88  285.85
  61    17.985 55256.93977400 36.34 294.162538   7.697469  9.975  288.62  288.88  285.85
  62    18.939 55266.85541155 30.36 294.159918   7.703210   -100  292.74  292.59  291.12
  62    18.600 55266.85541214 30.07 294.160830   7.700714   -100  292.74  292.59  291.12
  62    25.961 55266.85541273 28.17 294.161742   7.698217 30.194  292.74  292.59  291.12
  62    26.177 55266.85541332 23.89 294.162654   7.695721 16.233 -100.00 -100.00 -100.00
  63    19.285 55276.77104987 24.37 294.160345   7.704591 20.446 -100.00 -100.00 -100.00
  63    25.722 55276.77105046 20.68 294.161257   7.702095 11.172 -100.00 -100.00 -100.00
  63    26.332 55276.77105105 22.86 294.162169   7.699598 17.082 -100.00 -100.00 -100.00
  63    27.197 55276.77105164 18.99 294.163081   7.697102  8.574 -100.00 -100.00 -100.00
  64    25.532 55286.68668802 18.41 294.163745   7.703507  9.241 -100.00 -100.00 -100.00
  64    25.855 55286.68668861 18.83 294.164656   7.701010 10.796 -100.00 -100.00 -100.00
  64    26.380 55286.68668920 19.60 294.165568   7.698514 10.793 -100.00 -100.00 -100.00
  65    19.735 55296.60232298 30.38 294.166641   7.707004   -100 -100.00 -100.00 -100.00
  65    19.926 55296.60232358 20.34 294.167552   7.704507  7.635 -100.00 -100.00 -100.00
  65    25.921 55296.60232417 19.23 294.168464   7.702011  7.205 -100.00 -100.00 -100.00
  65    26.068 55296.60232476 28.19 294.169376   7.699514 29.080 -100.00 -100.00 -100.00
  66    24.398 55306.51796369 17.07 294.166862   7.708712  5.098  276.44  281.71  278.12
  66    23.957 55306.51796428 17.73 294.167773   7.706215  5.205  276.44  281.71  278.12
  66    25.868 55306.51796487 17.60 294.168685   7.703719  5.322 -100.00 -100.00 -100.00
  66    26.187 55306.51796546 23.05 294.169597   7.701222 13.516 -100.00 -100.00 -100.00
  67    25.523 55316.43361100 16.83 294.164857   7.706557  4.740  273.57  276.10  272.45
  67    25.853 55316.43361159 16.37 294.165769   7.704061  3.812 -100.00 -100.00 -100.00
  67    26.280 55316.43361218 16.67 294.166681   7.701564  4.002 -100.00 -100.00 -100.00
  67    26.483 55316.43361277 24.14 294.167593   7.699068 14.034 -100.00 -100.00 -100.00
  68    26.530 55326.34925693 51.03 294.163991   7.703638   -100 -100.00 -100.00 -100.00
  68    26.241 55326.34925752 54.30 294.164903   7.701141 19.797 -100.00 -100.00 -100.00
  68    26.223 55326.34925811 56.45 294.165814   7.698645   -100 -100.00 -100.00 -100.00
  69    27.016 55336.26490095 18.42 294.163943   7.703744  6.253 -100.00 -100.00 -100.00
  69    27.114 55336.26490154 20.42 294.164854   7.701248  8.005 -100.00 -100.00 -100.00
  69    27.177 55336.26490213 26.73 294.165766   7.698751 17.431 -100.00 -100.00 -100.00
  70    28.182 55346.18054392 27.27 294.164046   7.706121 12.512 -100.00 -100.00 -100.00
  70    28.234 55346.18054451 26.19 294.164958   7.703624 10.147 -100.00 -100.00 -100.00
  70    28.590 55346.18054510 30.61 294.165869   7.701128 18.356 -100.00 -100.00 -100.00
  70    28.567 55346.18054569 34.10 294.166781   7.698631 29.718 -100.00 -100.00 -100.00
  71    29.232 55356.09618623 29.09 294.164987   7.705662 17.944  253.36  264.25  256.27
  71    29.401 55356.09618682 23.86 294.165899   7.703165  6.380  253.36  264.25  256.27
  71    29.827 55356.09618741 24.39 294.166810   7.700668  6.647  253.36  264.25  256.27
  71    29.926 55356.09618800 32.50 294.167722   7.698172 17.713  253.36  264.25  256.27
  72    30.478 55366.01182631 53.35 294.165053   7.706009   -100 -100.00 -100.00 -100.00
  72    30.461 55366.01182690 52.76 294.165965   7.703512   -100 -100.00 -100.00 -100.00
  72    30.187 55366.01182749 55.36 294.166877   7.701016 20.255 -100.00 -100.00 -100.00
  72    30.204 55366.01182808 54.62 294.167788   7.698519 21.832 -100.00 -100.00 -100.00
  73    30.683 55375.92746490 32.98 294.165191   7.706839 25.905  245.26  254.95  245.88
  73    30.559 55375.92746549 29.07 294.166103   7.704342 13.138 -100.00 -100.00 -100.00
  73    30.919 55375.92746608 25.98 294.167014   7.701845  5.011 -100.00 -100.00 -100.00
  73    31.031 55375.92746667 29.04 294.167926   7.699349 10.820 -100.00 -100.00 -100.00
  74    31.452 55385.84310278 34.99 294.166346   7.707911 26.776 -100.00 -100.00 -100.00
  74    31.383 55385.84310337 32.11 294.167258   7.705414 17.680 -100.00 -100.00 -100.00
  74    31.324 55385.84310396 29.36 294.168169   7.702917  9.370 -100.00 -100.00 -100.00
  74    31.551 55385.84310455 31.42 294.169081   7.700421 12.439 -100.00 -100.00 -100.00
  75    32.175 55395.75873985 52.95 294.168019   7.709734 10.451  237.53  250.97  238.49
  75    32.239 55395.75874044 49.64 294.168930   7.707237   -100  237.53  250.97  238.49
  75    32.294 55395.75874103 48.60 294.169842   7.704740   -100  237.53  250.97  238.49
  75    32.345 55395.75874162 45.36 294.170754   7.702243   -100 -100.00 -100.00 -100.00
  76    32.591 55405.67438027 52.98 294.169505   7.711902   -100  235.79  250.06  238.36
  76    32.623 55405.67438086 55.09 294.170417   7.709405   -100 -100.00 -100.00 -100.00
  76    32.460 55405.67438145 55.28 294.171328   7.706908 10.007 -100.00 -100.00 -100.00
  76    32.528 55405.67438204 53.13 294.172240   7.704411  5.100 -100.00 -100.00 -100.00
  77    32.781 55415.59003238 30.58 294.168202   7.708547 10.273 -100.00 -100.00 -100.00
  77    32.445 55415.59003297 33.59 294.169114   7.706050 15.233 -100.00 -100.00 -100.00
  77    32.462 55415.59003356 34.06 294.170026   7.703553 16.371 -100.00 -100.00 -100.00
  77    32.488 55415.59003415 36.30 294.170938   7.701056 22.361 -100.00 -100.00 -100.00
  78    32.801 55425.50568109 34.21 294.165950   7.705939 15.238 -100.00 -100.00 -100.00
  78    32.677 55425.50568168 35.27 294.166862   7.703443 16.108 -100.00 -100.00 -100.00
  78    32.888 55425.50568227 37.85 294.167774   7.700946 21.567 -100.00 -100.00 -100.00
  78    33.225 55425.50568286 42.77 294.168686   7.698449   -100 -100.00 -100.00 -100.00
  79    32.679 55435.42132655 31.44 294.163470   7.705185 11.075 -100.00 -100.00 -100.00
  79    32.613 55435.42132714 33.83 294.164382   7.702689 16.696 -100.00 -100.00 -100.00
  79    32.713 55435.42132773 36.38 294.165294   7.700192 22.922 -100.00 -100.00 -100.00
  79    32.860 55435.42132832 39.01 294.166206   7.697695 32.641 -100.00 -100.00 -100.00
  80    32.283 55445.33697074 34.57 294.162304   7.703373 14.591 -100.00 -100.00 -100.00
  80    32.361 55445.33697133 34.79 294.163216   7.700876 15.331 -100.00 -100.00 -100.00
  80    32.626 55445.33697192 35.54 294.164128   7.698380 14.410 -100.00 -100.00 -100.00
  81    32.087 55455.25261319 32.45 294.161588   7.704939 14.647 -100.00 -100.00 -100.00
  81    31.815 55455.25261378 30.57 294.162500   7.702442  9.360 -100.00 -100.00 -100.00
  81    32.014 55455.25261437 32.42 294.163412   7.699945 11.553 -100.00 -100.00 -100.00
  81    32.180 55455.25261496 35.83 294.164324   7.697448 18.404 -100.00 -100.00 -100.00
  82    31.636 55465.16825548 42.40 294.163453   7.704403   -100 -100.00 -100.00 -100.00
  82    31.668 55465.16825607 44.57 294.164365   7.701906   -100 -100.00 -100.00 -100.00
  82    31.398 55465.16825666 42.90 294.165276   7.699409   -100 -100.00 -100.00 -100.00
  82    31.745 55465.16825725 47.51 294.166188   7.696912   -100 -100.00 -100.00 -100.00
  83    30.572 55475.08389416 51.46 294.165124   7.707440   -100 -100.00 -100.00 -100.00
  83    30.457 55475.08389475 52.26 294.166035   7.704943  0.850 -100.00 -100.00 -100.00
  83    30.330 55475.08389534 51.12 294.166947   7.702446  4.888 -100.00 -100.00 -100.00
  83    30.398 55475.08389593 52.23 294.167859   7.699949  6.546 -100.00 -100.00 -100.00
  84    28.837 55484.99953017 32.39 294.166814   7.708850 25.256  258.30  266.17  258.46
  84    28.784 55484.99953076 29.75 294.167726   7.706353 16.112 -100.00 -100.00 -100.00
  84    28.748 55484.99953135 28.71 294.168638   7.703857 13.190 -100.00 -100.00 -100.00
  84    29.018 55484.99953194 26.96 294.169550   7.701360  9.720 -100.00 -100.00 -100.00
  85    28.452 55494.91516436 28.97 294.167640   7.709317 17.371  263.68  270.38  264.53
  85    28.278 55494.91516495 27.57 294.168552   7.706821 12.730  263.68  270.38  264.53
  85    28.302 55494.91516554 25.60 294.169464   7.704324  9.106  263.68  270.38  264.53
  85    28.686 55494.91516613 23.38 294.170376   7.701827  5.367 -100.00 -100.00 -100.00
  86    27.390 55504.83079769 43.23 294.168429   7.711178   -100 -100.00 -100.00 -100.00
  86    27.545 55504.83079828 43.96 294.169341   7.708681   -100 -100.00 -100.00 -100.00
  86    27.504 55504.83079887 45.27 294.170253   7.706184   -100 -100.00 -100.00 -100.00
  86    27.513 55504.83079946 46.35 294.171165   7.703687   -100 -100.00 -100.00 -100.00
  87    26.640 55514.74644864 35.92 294.167307   7.708338 15.140  267.58  274.22  269.92
  87    27.189 55514.74644923 34.14 294.168219   7.705842  9.444  267.58  274.22  269.92
  87    26.999 55514.74644982 33.36 294.169131   7.703345  8.806  267.58  274.22  269.92
  87    27.097 55514.74645041 33.53 294.170043   7.700848  8.815 -100.00 -100.00 -100.00
  88    27.718 55524.66209909 26.47 294.167239   7.706697 17.362  270.96  276.63  272.35
  88    27.408 55524.66209968 25.98 294.168151   7.704200 16.824 -100.00 -100.00 -100.00
  88    27.997 55524.66210028 24.91 294.169062   7.701704 13.017 -100.00 -100.00 -100.00
  89    27.802 55534.57774717 29.42 294.165925   7.707175 29.184  268.17  274.42  269.81
  89    27.477 55534.57774776 24.06 294.166837   7.704678 13.421 -100.00 -100.00 -100.00
  89    27.582 55534.57774835 25.16 294.167748   7.702181 14.803 -100.00 -100.00 -100.00
  89    27.533 55534.57774894 30.16 294.168660   7.699684 30.642 -100.00 -100.00 -100.00
  90    27.455 55544.49339398 25.72 294.164953   7.704377 18.681 -100.00 -100.00 -100.00
  90    27.349 55544.49339457 25.42 294.165864   7.701880 16.896 -100.00 -100.00 -100.00
  90    27.688 55544.49339516 31.65 294.166776   7.699383 29.092 -100.00 -100.00 -100.00
  91    27.817 55554.40903826 23.00 294.163145   7.703553 11.636 -100.00 -100.00 -100.00
  91    27.302 55554.40903885 26.06 294.164057   7.701056 17.160 -100.00 -100.00 -100.00
  91    27.679 55554.40903944 30.44 294.164969   7.698559 25.923 -100.00 -100.00 -100.00
  92    26.749 55564.32468109 23.27 294.162076   7.704102 15.378 -100.00 -100.00 -100.00
  92    27.197 55564.32468168 23.68 294.162988   7.701606 14.709 -100.00 -100.00 -100.00
  92    27.441 55564.32468227 28.29 294.163900   7.699109 23.374 -100.00 -100.00 -100.00
  92    27.794 55564.32468286 30.12 294.164811   7.696613 31.104 -100.00 -100.00 -100.00
  93    26.503 55574.24032316 24.40 294.163264   7.705423 19.180 -100.00 -100.00 -100.00
  93    26.448 55574.24032375 24.87 294.164176   7.702927 20.839 -100.00 -100.00 -100.00
  93    27.437 55574.24032434 26.06 294.165087   7.700430 23.049 -100.00 -100.00 -100.00
  93    27.740 55574.24032493 29.16 294.165999   7.697933 32.567 -100.00 -100.00 -100.00
  94    22.763 55584.15596363 35.23 294.165170   7.706880  3.491 -100.00 -100.00 -100.00
  94    22.740 55584.15596422 26.64 294.166082   7.704384 19.027 -100.00 -100.00 -100.00
  94    27.268 55584.15596481 21.28 294.166994   7.701887  8.544 -100.00 -100.00 -100.00
  94    27.476 55584.15596540 33.05 294.167905   7.699391   -100 -100.00 -100.00 -100.00
  95    21.154 55594.07160104 27.31 294.167373   7.706798 24.140  275.33  276.38  273.96
  95    21.186 55594.07160163 26.25 294.168285   7.704301 21.435 -100.00 -100.00 -100.00
  95    25.674 55594.07160222 25.52 294.169197   7.701804 18.507 -100.00 -100.00 -100.00
  96    19.608 55603.98723478 32.64 294.168437   7.707808 19.323 -100.00 -100.00 -100.00
  96    19.081 55603.98723537 33.32 294.169349   7.705312 24.797 -100.00 -100.00 -100.00
  96    18.767 55603.98723596 34.30 294.170260   7.702815 26.789 -100.00 -100.00 -100.00
  97    20.351 55613.90286664 26.14 294.169335   7.709009 20.896  282.21  282.98  280.87
  97    19.815 55613.90286723 24.67 294.170247   7.706512 20.400  282.21  282.98  280.87
  97    25.384 55613.90286782 23.22 294.171159   7.704016 14.652  282.21  282.98  280.87
  98    20.387 55623.81850410 22.17 294.169075   7.711512 11.491 -100.00 -100.00 -100.00
  98    20.114 55623.81850469 25.78 294.169987   7.709015 24.393 -100.00 -100.00 -100.00
  98    20.036 55623.81850528 24.22 294.170898   7.706519 19.203 -100.00 -100.00 -100.00
  98    17.803 55623.81850587 23.92 294.171810   7.704022 18.843 -100.00 -100.00 -100.00
  99    21.148 55633.73415776 24.50 294.167444   7.708330 23.658 -100.00 -100.00 -100.00
  99    21.147 55633.73415835 19.74 294.168356   7.705834 11.928 -100.00 -100.00 -100.00
  99    26.742 55633.73415894 17.76 294.169268   7.703337  7.995 -100.00 -100.00 -100.00
  99    26.621 55633.73415954 25.56 294.170179   7.700841 21.872 -100.00 -100.00 -100.00
 100    21.374 55643.64980875 25.79 294.166429   7.707767 25.285 -100.00 -100.00 -100.00
 100    21.049 55643.64980934 24.62 294.167341   7.705270 22.511 -100.00 -100.00 -100.00
 100    21.220 55643.64980994 19.71 294.168252   7.702774 10.057 -100.00 -100.00 -100.00
 100    25.600 55643.64981053 27.93 294.169164   7.700277 31.244 -100.00 -100.00 -100.00
 101    21.195 55653.56545686 19.01 294.165794   7.707503 11.347 -100.00 -100.00 -100.00
 101    26.151 55653.56545746 18.77 294.166706   7.705006  9.985 -100.00 -100.00 -100.00
 101    26.357 55653.56545805 20.17 294.167617   7.702510 13.326 -100.00 -100.00 -100.00
 101    26.958 55653.56545864 22.39 294.168529   7.700013 13.324 -100.00 -100.00 -100.00
 102    21.121 55663.48110100 28.81 294.165718   7.704978 24.381  270.07  275.43  272.28
 102    21.288 55663.48110159 27.66 294.166630   7.702481 19.419  270.07  275.43  272.28
 102    20.922 55663.48110218 27.71 294.167542   7.699985 17.209 -100.00 -100.00 -100.00
 103    22.074 55673.39674114 22.55 294.164234   7.705540 11.337 -100.00 -100.00 -100.00
 103    25.933 55673.39674173 22.64 294.165146   7.703044 12.280 -100.00 -100.00 -100.00
 103    26.753 55673.39674232 22.16 294.166057   7.700547 10.221 -100.00 -100.00 -100.00
 103    27.009 55673.39674291 30.54 294.166969   7.698051 25.571 -100.00 -100.00 -100.00
 104    26.201 55683.31238002 20.09 294.164714   7.704029  6.484 -100.00 -100.00 -100.00
 104    26.575 55683.31238061 18.86 294.165625   7.701532  3.746 -100.00 -100.00 -100.00
 104    26.804 55683.31238120 22.69 294.166537   7.699036  9.112 -100.00 -100.00 -100.00
 105    26.789 55693.22801628 31.92 294.165947   7.707888   -100 -100.00 -100.00 -100.00
 105    26.891 55693.22801687 23.74 294.166858   7.705391 12.867 -100.00 -100.00 -100.00
 105    26.922 55693.22801746 22.68 294.167770   7.702895 10.449 -100.00 -100.00 -100.00
 105    26.795 55693.22801805 28.21 294.168682   7.700398 25.128 -100.00 -100.00 -100.00
 106    28.300 55703.14365120 23.98 294.168979   7.711136 10.657 -100.00 -100.00 -100.00
 106    28.327 55703.14365179 20.70 294.169891   7.708639  6.623 -100.00 -100.00 -100.00
 106    27.867 55703.14365238 24.17 294.170803   7.706143 11.175 -100.00 -100.00 -100.00
 106    28.010 55703.14365297 22.19 294.171714   7.703646  7.702 -100.00 -100.00 -100.00
 107    29.727 55713.05929496 53.00 294.169832   7.711397   -100 -100.00 -100.00 -100.00
 107    29.770 55713.05929555 52.32 294.170744   7.708900   -100 -100.00 -100.00 -100.00
 107    29.494 55713.05929614 54.57 294.171655   7.706404 16.431 -100.00 -100.00 -100.00
 107    29.581 55713.05929673 54.27 294.172567   7.703907 14.443 -100.00 -100.00 -100.00
 108    30.255 55722.97494438 28.79 294.168151   7.707781 10.919 -100.00 -100.00 -100.00
 108    30.223 55722.97494497 27.10 294.169062   7.705284  7.599 -100.00 -100.00 -100.00
 108    30.368 55722.97494556 27.36 294.169974   7.702788  7.885 -100.00 -100.00 -100.00
 109    31.072 55732.89059160 36.20 294.165763   7.705720 18.732 -100.00 -100.00 -100.00
 109    31.100 55732.89059219 35.55 294.166675   7.703223 17.046 -100.00 -100.00 -100.00
 109    31.105 55732.89059278 34.04 294.167587   7.700726 12.200 -100.00 -100.00 -100.00
 109    30.972 55732.89059337 43.44 294.168499   7.698229   -100 -100.00 -100.00 -100.00
 110    31.615 55742.80623742 34.00 294.164113   7.705779 24.615 -100.00 -100.00 -100.00
 110    31.225 55742.80623801 29.30 294.165025   7.703282 12.297 -100.00 -100.00 -100.00
 110    31.375 55742.80623860 28.10 294.165937   7.700785  8.164 -100.00 -100.00 -100.00
 110    31.631 55742.80623919 29.33 294.166849   7.698288 10.532 -100.00 -100.00 -100.00
 111    31.516 55752.72188267 30.42 294.164796   7.704064 12.066 -100.00 -100.00 -100.00
 111    31.695 55752.72188326 30.30 294.165707   7.701567  9.999 -100.00 -100.00 -100.00
 111    31.772 55752.72188385 30.79 294.166619   7.699070 11.577 -100.00 -100.00 -100.00
 112    32.401 55762.63752501 30.53 294.165838   7.705995 12.690 -100.00 -100.00 -100.00
 112    32.049 55762.63752560 30.42 294.166750   7.703498  9.893 -100.00 -100.00 -100.00
 112    32.050 55762.63752619 32.16 294.167661   7.701001 14.954 -100.00 -100.00 -100.00
 112    32.454 55762.63752678 36.54 294.168573   7.698505 24.370 -100.00 -100.00 -100.00
 113    32.683 55772.55316475 31.05 294.166953   7.707017  9.606 -100.00 -100.00 -100.00
 113    32.253 55772.55316534 32.91 294.167865   7.704520 13.161 -100.00 -100.00 -100.00
 113    32.209 55772.55316593 35.11 294.168777   7.702023 18.684 -100.00 -100.00 -100.00
 113    32.402 55772.55316652 36.61 294.169689   7.699526 21.595 -100.00 -100.00 -100.00
 114    32.746 55782.46880106 35.54 294.167307   7.707226 21.070 -100.00 -100.00 -100.00
 114    32.584 55782.46880166 35.76 294.168219   7.704729 19.981 -100.00 -100.00 -100.00
 114    32.940 55782.46880225 37.35 294.169131   7.702232 21.826 -100.00 -100.00 -100.00
 114    32.836 55782.46880284 40.92 294.170043   7.699736   -100 -100.00 -100.00 -100.00
 115    32.840 55792.38443422 32.49 294.167728   7.708961 13.228 -100.00 -100.00 -100.00
 115    32.416 55792.38443481 34.73 294.168640   7.706464 19.003 -100.00 -100.00 -100.00
 115    32.303 55792.38443540 36.08 294.169552   7.703967 20.620 -100.00 -100.00 -100.00
 115    32.535 55792.38443599 36.60 294.170464   7.701470 20.792 -100.00 -100.00 -100.00
 116    32.461 55802.30006735 50.25 294.169279   7.711632  4.094  241.17  251.91  240.80
 116    32.536 55802.30006795 48.77 294.170191   7.709135   -100  241.17  251.91  240.80
 116    32.575 55802.30006854 45.73 294.171103   7.706639   -100 -100.00 -100.00 -100.00
 116    32.552 55802.30006913 44.90 294.172015   7.704142   -100 -100.00 -100.00 -100.00
 117    31.855 55812.21571719 41.55 294.168596   7.709893   -100  247.05  255.49  244.11
 117    31.851 55812.21571778 38.11 294.169508   7.707396   -100  247.05  255.49  244.11
 117    31.845 55812.21571837 37.34 294.170420   7.704899 28.116  247.05  255.49  244.11
 117    32.193 55812.21571896 43.20 294.171332   7.702402   -100 -100.00 -100.00 -100.00
 118    31.105 55822.13136506 54.14 294.168560   7.709836 19.066  249.08  256.69  245.65
 118    31.274 55822.13136565 51.38 294.169472   7.707339  4.606  249.08  256.69  245.65
 118    31.352 55822.13136624 54.41 294.170384   7.704842  1.663  249.08  256.69  245.65
 118    31.298 55822.13136683 52.09 294.171296   7.702345  5.542  249.08  256.69  245.65
 119    29.993 55832.04700796 36.53 294.168945   7.710775   -100 -100.00 -100.00 -100.00
 119    29.995 55832.04700855 31.13 294.169857   7.708278 19.604 -100.00 -100.00 -100.00
 119    29.935 55832.04700914 29.43 294.170769   7.705782 12.111 -100.00 -100.00 -100.00
 119    30.056 55832.04700973 27.53 294.171681   7.703285  9.582 -100.00 -100.00 -100.00
 120    29.393 55841.96264680 35.55 294.169708   7.710159   -100 -100.00 -100.00 -100.00
 120    29.440 55841.96264739 30.57 294.170620   7.707663 17.823 -100.00 -100.00 -100.00
 120    29.781 55841.96264798 26.40 294.171532   7.705166  7.102 -100.00 -100.00 -100.00
 120    29.679 55841.96264857 28.03 294.172444   7.702669 10.008 -100.00 -100.00 -100.00
 121    28.940 55851.87828280 32.03 294.170111   7.709688 27.270 -100.00 -100.00 -100.00
 121    28.977 55851.87828339 26.28 294.171023   7.707191 12.075 -100.00 -100.00 -100.00
 121    28.853 55851.87828398 25.20 294.171935   7.704694  8.505 -100.00 -100.00 -100.00
 122    28.748 55861.79391637 33.05 294.170477   7.712407 32.754 -100.00 -100.00 -100.00
 122    28.988 55861.79391696 25.94 294.171389   7.709910 12.352 -100.00 -100.00 -100.00
 122    28.565 55861.79391755 25.11 294.172301   7.707413 11.152 -100.00 -100.00 -100.00
 122    28.494 55861.79391814 23.73 294.173213   7.704916  7.906 -100.00 -100.00 -100.00
 123    28.160 55871.70957104 33.24 294.167657   7.710404   -100  267.98  274.28  269.10
 123    28.557 55871.70957164 26.00 294.168569   7.707907 13.092  267.98  274.28  269.10
 123    28.382 55871.70957223 26.74 294.169481   7.705410 14.752  267.98  274.28  269.10
 123    28.632 55871.70957282 22.21 294.170392   7.702913  7.396  267.98  274.28  269.10
 124    28.067 55881.62522176 26.70 294.167704   7.709122 19.178 -100.00 -100.00 -100.00
 124    28.001 55881.62522235 24.61 294.168616   7.706625 14.470 -100.00 -100.00 -100.00
 124    27.878 55881.62522294 23.29 294.169528   7.704128 12.351 -100.00 -100.00 -100.00
 124    28.140 55881.62522353 22.27 294.170440   7.701631 10.444 -100.00 -100.00 -100.00
 125    27.898 55891.54086577 25.79 294.168353   7.708749 15.710 -100.00 -100.00 -100.00
 125    27.447 55891.54086636 29.44 294.169264   7.706252 30.565 -100.00 -100.00 -100.00
 125    27.869 55891.54086695 20.93 294.170176   7.703755  7.457 -100.00 -100.00 -100.00
 125    28.181 55891.54086754 21.48 294.171088   7.701258  8.225 -100.00 -100.00 -100.00
 126    27.767 55901.45650369 29.31 294.169101   7.709683 28.766  266.22  271.67  265.97
 126    27.467 55901.45650429 27.02 294.170013   7.707186 21.133 -100.00 -100.00 -100.00
 126    27.601 55901.45650488 24.58 294.170925   7.704689 13.050 -100.00 -100.00 -100.00
 126    27.987 55901.45650547 21.82 294.171836   7.702192  8.279 -100.00 -100.00 -100.00
 127    27.817 55911.37213725 33.40 294.170096   7.711280   -100 -100.00 -100.00 -100.00
 127    27.554 55911.37213784 26.74 294.171007   7.708783 21.877 -100.00 -100.00 -100.00
 127    27.444 55911.37213843 24.46 294.171919   7.706287 14.464 -100.00 -100.00 -100.00
 127    27.697 55911.37213903 19.65 294.172831   7.703790  6.566 -100.00 -100.00 -100.00
 128    27.595 55921.28779240 26.20 294.166553   7.707063 22.261 -100.00 -100.00 -100.00
 128    27.331 55921.28779299 24.06 294.167465   7.704567 16.073 -100.00 -100.00 -100.00
 128    27.268 55921.28779358 27.10 294.168377   7.702070 24.231 -100.00 -100.00 -100.00
 128    27.751 55921.28779417 30.24 294.169288   7.699573 32.600 -100.00 -100.00 -100.00
 129    27.144 55931.20344444 25.44 294.165074   7.705299 19.257 -100.00 -100.00 -100.00
 129    26.995 55931.20344503 26.45 294.165986   7.702803 18.348 -100.00 -100.00 -100.00
 129    27.732 55931.20344562 26.10 294.166898   7.700306 14.401 -100.00 -100.00 -100.00
 129    27.428 55931.20344621 32.67 294.167809   7.697809   -100 -100.00 -100.00 -100.00
 130    27.084 55941.11909190 26.95 294.164532   7.706524 23.793  272.38  275.50  272.86
 130    27.039 55941.11909249 23.60 294.165444   7.704027 14.987 -100.00 -100.00 -100.00
 130    27.625 55941.11909308 21.77 294.166355   7.701531 11.474 -100.00 -100.00 -100.00
 130    27.752 55941.11909367 31.69 294.167267   7.699034   -100 -100.00 -100.00 -100.00
 131    26.863 55951.03473546 19.83 294.165027   7.705101 11.866  274.05  277.22  273.47
 131    27.517 55951.03473605 18.97 294.165939   7.702604  7.495  274.05  277.22  273.47
 131    27.557 55951.03473664 28.44 294.166850   7.700108   -100  274.05  277.22  273.47
 132    21.522 55960.95037504 29.22 294.164823   7.704491 19.494  276.85  279.35  275.86
 132    21.432 55960.95037564 32.39 294.165735   7.701995 27.134 -100.00 -100.00 -100.00
 132    27.550 55960.95037623 32.47 294.166646   7.699498 23.828 -100.00 -100.00 -100.00
 133    26.762 55970.86601257 20.57 294.164776   7.704497  9.266  280.13  281.63  278.80
 133    27.362 55970.86601316 18.84 294.165687   7.702000  7.253  280.13  281.63  278.80
 133    27.357 55970.86601375 29.74 294.166599   7.699504   -100 -100.00 -100.00 -100.00
 134    21.642 55980.78164889 25.94 294.166080   7.706472 19.403 -100.00 -100.00 -100.00
 134    21.497 55980.78164948 23.53 294.166992   7.703976 13.292 -100.00 -100.00 -100.00
 134    27.276 55980.78165007 19.99 294.167904   7.701479  7.262 -100.00 -100.00 -100.00
 134    27.510 55980.78165066 29.75 294.168815   7.698983 28.387 -100.00 -100.00 -100.00
 135    21.098 55990.69728407 21.18 294.168781   7.709884 11.746  286.10  286.62  284.97
 135    21.001 55990.69728466 23.66 294.169692   7.707388 17.386  286.10  286.62  284.97
 135    20.866 55990.69728525 20.92 294.170604   7.704891 12.758  286.10  286.62  284.97
 135    26.985 55990.69728584 19.26 294.171516   7.702395  8.620 -100.00 -100.00 -100.00
 136    20.857 56000.61292929 26.56 294.168732   7.711330   -100  282.87  284.11  282.27
 136    20.765 56000.61292988 26.95 294.169644   7.708834   -100  282.87  284.11  282.27
 136    20.754 56000.61293047 23.22 294.170556   7.706338 20.198  282.87  284.11  282.27
 136    26.889 56000.61293106 18.47 294.171468   7.703841  8.750  282.87  284.11  282.27
 137    21.390 56010.52858077 25.20 294.167083   7.708465 27.031 -100.00 -100.00 -100.00
 137    21.239 56010.52858136 22.24 294.167995   7.705969 17.666 -100.00 -100.00 -100.00
 137    26.799 56010.52858195 16.51 294.168906   7.703472  6.342 -100.00 -100.00 -100.00
 137    26.733 56010.52858254 20.14 294.169818   7.700976 11.535 -100.00 -100.00 -100.00
 138    22.349 56020.44422780 15.37 294.164967   7.707062  5.189  277.89  280.01  276.51
 138    26.265 56020.44422839 15.09 294.165879   7.704565  4.675  277.89  280.01  276.51
 138    26.952 56020.44422898 16.03 294.166790   7.702069  5.708 -100.00 -100.00 -100.00
 138    27.157 56020.44422957 23.72 294.167702   7.699573 19.036 -100.00 -100.00 -100.00
 139    24.304 56030.35987180 36.14 294.163676   7.704636 29.100  274.09  274.63  267.41
 139    24.439 56030.35987239 33.25 294.164588   7.702140 20.427  274.09  274.63  267.41
 139    24.472 56030.35987298 34.44 294.165500   7.699643 19.830  274.09  274.63  267.41
 139    24.379 56030.35987358 37.00 294.166411   7.697147 31.774  274.09  274.63  267.41
 140    26.348 56040.27551293 19.90 294.163045   7.705572  6.503 -100.00 -100.00 -100.00
 140    26.639 56040.27551352 20.21 294.163957   7.703075  6.322 -100.00 -100.00 -100.00
 140    26.925 56040.27551411 20.50 294.164868   7.700579  6.849 -100.00 -100.00 -100.00
 140    27.060 56040.27551470 29.44 294.165780   7.698083 24.555 -100.00 -100.00 -100.00
 141    27.132 56050.19115226 18.09 294.165121   7.705232  4.572 -100.00 -100.00 -100.00
 141    27.185 56050.19115285 19.64 294.166033   7.702735  6.809 -100.00 -100.00 -100.00
 141    27.596 56050.19115344 22.16 294.166944   7.700239  8.821 -100.00 -100.00 -100.00
 142    28.835 56060.10678813 46.71 294.167532   7.708499   -100  265.12  269.51  264.59
 142    28.911 56060.10678872 48.75 294.168444   7.706003   -100  265.12  269.51  264.59
 142    28.972 56060.10678931 48.57 294.169355   7.703506   -100 -100.00 -100.00 -100.00
 142    28.705 56060.10678990 50.81 294.170267   7.701010 10.691 -100.00 -100.00 -100.00
 143    29.186 56070.02242365 35.12 294.170649   7.710309   -100  268.83  273.67  268.87
 143    29.168 56070.02242424 28.03 294.171561   7.707813 11.938  268.83  273.67  268.87
 143    29.030 56070.02242483 24.83 294.172473   7.705316  7.171  268.83  273.67  268.87
 144    29.610 56079.93807448 21.78 294.168367   7.707822  7.381 -100.00 -100.00 -100.00
 144    29.284 56079.93807507 24.19 294.169279   7.705326 10.617 -100.00 -100.00 -100.00
 144    29.249 56079.93807566 20.66 294.170191   7.702829  5.586 -100.00 -100.00 -100.00
 145    30.083 56089.85372234 48.07 294.165358   7.707374   -100 -100.00 -100.00 -100.00
 145    29.843 56089.85372293 48.25 294.166270   7.704877   -100 -100.00 -100.00 -100.00
 145    29.831 56089.85372352 42.40 294.167181   7.702380   -100 -100.00 -100.00 -100.00
 145    29.796 56089.85372411 44.77 294.168093   7.699884   -100 -100.00 -100.00 -100.00
 146    30.306 56099.76936865 30.36 294.165060   7.704468 17.097 -100.00 -100.00 -100.00
 146    30.559 56099.76936924 26.56 294.165972   7.701972  8.000 -100.00 -100.00 -100.00
 146    30.814 56099.76936983 29.70 294.166883   7.699475 13.383 -100.00 -100.00 -100.00
 147    30.834 56109.68500004 42.37 294.164544   7.706697   -100 -100.00 -100.00 -100.00
 147    30.824 56109.68500063 41.89 294.165456   7.704201   -100 -100.00 -100.00 -100.00
 147    31.090 56109.68500122 42.68 294.166368   7.701704   -100 -100.00 -100.00 -100.00
 147    31.185 56109.68500181 43.08 294.167279   7.699207   -100 -100.00 -100.00 -100.00
 148    31.196 56119.60064042 35.34 294.165948   7.707761 26.757 -100.00 -100.00 -100.00
 148    30.813 56119.60064101 32.65 294.166860   7.705264 21.383 -100.00 -100.00 -100.00
 148    30.818 56119.60064160 29.43 294.167771   7.702767 10.967 -100.00 -100.00 -100.00
 148    31.118 56119.60064219 30.07 294.168683   7.700270 12.212 -100.00 -100.00 -100.00
 149    31.541 56129.51627705 35.33 294.167755   7.709525 20.979 -100.00 -100.00 -100.00
 149    31.217 56129.51627764 35.15 294.168667   7.707028 22.957 -100.00 -100.00 -100.00
 149    31.532 56129.51627823 39.54 294.169579   7.704531   -100 -100.00 -100.00 -100.00
 149    31.896 56129.51627882 43.27 294.170491   7.702034   -100 -100.00 -100.00 -100.00
 150    32.146 56139.43191026 55.57 294.169067   7.711194 12.481 -100.00 -100.00 -100.00
 150    32.301 56139.43191085 55.10 294.169979   7.708697  2.335 -100.00 -100.00 -100.00
 150    32.315 56139.43191144 55.88 294.170891   7.706201  3.914 -100.00 -100.00 -100.00
 150    32.118 56139.43191203 54.59 294.171803   7.703704 14.276 -100.00 -100.00 -100.00
 151    32.812 56149.34755977 37.17 294.166466   7.708838 16.527 -100.00 -100.00 -100.00
 151    32.653 56149.34756036 36.17 294.167378   7.706341 10.579 -100.00 -100.00 -100.00
 151    32.783 56149.34756095 34.92 294.168290   7.703844  8.519 -100.00 -100.00 -100.00
 151    32.707 56149.34756155 35.98 294.169202   7.701347 10.926 -100.00 -100.00 -100.00
 152    32.551 56159.26320907 36.83 294.166086   7.705382 26.151  230.23  243.43  229.39
 152    32.697 56159.26320966 35.07 294.166998   7.702885 18.411  230.23  243.43  229.39
 152    32.848 56159.26321025 38.11 294.167910   7.700388 25.267 -100.00 -100.00 -100.00
 153    33.316 56169.17885575 51.63 294.165340   7.707733   -100 -100.00 -100.00 -100.00
 153    33.146 56169.17885634 55.74 294.166252   7.705236 11.424 -100.00 -100.00 -100.00
 153    33.012 56169.17885693 55.92 294.167163   7.702739 27.813 -100.00 -100.00 -100.00
 153    33.182 56169.17885752 56.82 294.168075   7.700242 11.833 -100.00 -100.00 -100.00
 154    32.803 56179.09449964 44.10 294.166025   7.708017   -100  235.28  246.81  234.94
 154    32.856 56179.09450023 43.62 294.166937   7.705521   -100  235.28  246.81  234.94
 154    32.915 56179.09450082 39.73 294.167849   7.703024 22.452  235.28  246.81  234.94
 154    32.927 56179.09450141 43.29 294.168760   7.700527   -100  235.28  246.81  234.94
 155    32.320 56189.01013967 44.03 294.167250   7.706585   -100 -100.00 -100.00 -100.00
 155    32.478 56189.01014026 42.49 294.168162   7.704089 29.166 -100.00 -100.00 -100.00
 155    32.463 56189.01014085 47.68 294.169074   7.701592   -100 -100.00 -100.00 -100.00
 156    31.732 56198.92577587 34.22 294.167164   7.708362 20.513  240.78  251.91  240.81
 156    31.360 56198.92577647 32.28 294.168076   7.705865 17.267  240.78  251.91  240.81
 156    31.433 56198.92577706 32.55 294.168988   7.703368 15.922  240.78  251.91  240.81
 156    31.513 56198.92577765 34.16 294.169900   7.700871 19.501 -100.00 -100.00 -100.00
 157    30.747 56208.84140993 32.66 294.168558   7.709531 21.249  256.94  264.30  255.03
 157    30.627 56208.84141052 29.60 294.169470   7.707034 14.947  256.94  264.30  255.03
 157    30.312 56208.84141111 28.02 294.170382   7.704537 11.558  256.94  264.30  255.03
 157    30.412 56208.84141170 28.21 294.171294   7.702040 10.888 -100.00 -100.00 -100.00
 158    29.876 56218.75704207 42.75 294.170405   7.713217   -100  265.16  271.63  263.74
 158    29.739 56218.75704266 37.75 294.171317   7.710720   -100  265.16  271.63  263.74
 158    29.364 56218.75704325 31.89 294.172229   7.708223 27.106 -100.00 -100.00 -100.00
 158    28.904 56218.75704384 30.53 294.173141   7.705726 21.581 -100.00 -100.00 -100.00
 159    28.994 56228.67268909 34.72 294.170487   7.711996   -100  270.36  275.54  269.67
 159    28.572 56228.67268968 32.77 294.171399   7.709499   -100  270.36  275.54  269.67
 159    28.568 56228.67269027 29.09 294.172311   7.707002 18.065  270.36  275.54  269.67
 159    28.482 56228.67269086 24.02 294.173223   7.704505  8.388  270.36  275.54  269.67
 160    28.470 56238.58834398 27.32 294.169131   7.708992 18.404  271.56  276.04  271.33
 160    28.302 56238.58834457 23.60 294.170043   7.706495 11.660  271.56  276.04  271.33
 160    27.538 56238.58834516 28.26 294.170955   7.703998 22.375  271.56  276.04  271.33
 160    28.595 56238.58834575 22.36 294.171866   7.701501  7.521 -100.00 -100.00 -100.00
 161    27.953 56248.50399447 24.94 294.166923   7.708172 17.171 -100.00 -100.00 -100.00
 161    27.714 56248.50399506 24.46 294.167835   7.705675 14.157 -100.00 -100.00 -100.00
 161    27.482 56248.50399565 25.02 294.168747   7.703178 15.582 -100.00 -100.00 -100.00
 161    27.395 56248.50399625 29.46 294.169659   7.700681 29.804 -100.00 -100.00 -100.00
 162    27.529 56258.41963993 29.79 294.165668   7.707826   -100 -100.00 -100.00 -100.00
 162    27.521 56258.41964052 25.69 294.166580   7.705330 17.716 -100.00 -100.00 -100.00
 162    27.651 56258.41964111 22.13 294.167492   7.702833 10.386 -100.00 -100.00 -100.00
 162    27.483 56258.41964170 27.01 294.168404   7.700336 21.041 -100.00 -100.00 -100.00
 163    27.264 56268.33528244 23.53 294.165870   7.706385  9.521  270.35  274.03  269.79
 163    27.028 56268.33528303 23.77 294.166782   7.703888 11.966  270.35  274.03  269.79
 163    27.574 56268.33528362 22.82 294.167693   7.701392  9.003  270.35  274.03  269.79
 163    27.678 56268.33528421 32.61 294.168605   7.698895   -100 -100.00 -100.00 -100.00
 164    26.698 56278.25092291 24.04 294.166539   7.705929 18.631  274.54  278.02  274.87
 164    27.245 56278.25092350 17.88 294.167451   7.703432  5.864  274.54  278.02  274.87
 164    27.545 56278.25092409 22.93 294.168363   7.700936 15.597 -100.00 -100.00 -100.00
 165    26.977 56288.16657153 20.65 294.164931   7.706537  9.108  272.49  275.86  272.32
 165    26.890 56288.16657212 20.51 294.165843   7.704040 10.672  272.49  275.86  272.32
 165    27.383 56288.16657271 19.13 294.166755   7.701543  8.322  272.49  275.86  272.32
 165    27.887 56288.16657330 27.24 294.167666   7.699047 21.370  272.49  275.86  272.32
 166    21.987 56298.08222036 32.98 294.164092   7.705606 23.350  272.58  273.89  271.33
 166    22.236 56298.08222095 35.34 294.165004   7.703110 31.432 -100.00 -100.00 -100.00
 166    22.418 56298.08222154 37.81 294.165915   7.700613   -100 -100.00 -100.00 -100.00
 166    27.334 56298.08222213 39.37 294.166827   7.698116 28.674 -100.00 -100.00 -100.00
 167    20.975 56307.99786546 36.00 294.163728   7.703917   -100 -100.00 -100.00 -100.00
 167    21.175 56307.99786605 37.88 294.164640   7.701421   -100 -100.00 -100.00 -100.00
 167    21.389 56307.99786664 41.76 294.165552   7.698924   -100 -100.00 -100.00 -100.00
 168    20.278 56317.91350788 31.60 294.163128   7.703552   -100  280.01  281.72  278.54
 168    26.578 56317.91350847 27.92 294.164039   7.701055 23.160  280.01  281.72  278.54
 168    27.355 56317.91350906 26.30 294.164951   7.698559 17.094 -100.00 -100.00 -100.00
 169    19.769 56327.82914904 28.82 294.162771   7.704485 31.078 -100.00 -100.00 -100.00
 169    19.571 56327.82914963 29.70 294.163683   7.701989   -100 -100.00 -100.00 -100.00
 169    26.942 56327.82915022 29.04 294.164595   7.699492 30.213 -100.00 -100.00 -100.00
 169    27.444 56327.82915081 31.16 294.165506   7.696995 30.727 -100.00 -100.00 -100.00
 170    19.476 56337.74478949 30.37 294.164200   7.705689   -100  285.97  286.82  284.83
 170    19.384 56337.74479009 29.97 294.165112   7.703193   -100  285.97  286.82  284.83
 170    26.923 56337.74479068 26.36 294.166024   7.700696 22.104  285.97  286.82  284.83
 170    27.167 56337.74479127 32.91 294.166936   7.698199   -100 -100.00 -100.00 -100.00
 171    20.139 56347.66042831 25.34 294.166943   7.707219 23.267  284.95  285.63  284.20
 171    19.957 56347.66042890 24.29 294.167854   7.704722 19.251  284.95  285.63  284.20
 171    20.007 56347.66042949 22.17 294.168766   7.702226 14.502 -100.00 -100.00 -100.00
 171    27.164 56347.66043008 21.54 294.169677   7.699729 10.631 -100.00 -100.00 -100.00
 172    20.225 56357.57606398 26.49 294.168792   7.710570 30.972 -100.00 -100.00 -100.00
 172    20.239 56357.57606457 25.58 294.169703   7.708074 26.830 -100.00 -100.00 -100.00
 172    20.445 56357.57606516 19.28 294.170615   7.705577 10.203 -100.00 -100.00 -100.00
 172    25.225 56357.57606575 20.03 294.171527   7.703081 10.538 -100.00 -100.00 -100.00
 173    20.965 56367.49171431 18.95 294.166856   7.706137  9.409 -100.00 -100.00 -100.00
 173    20.772 56367.49171490 17.16 294.167768   7.703641  6.670 -100.00 -100.00 -100.00
 173    26.405 56367.49171549 17.85 294.168679   7.701144  8.069 -100.00 -100.00 -100.00
 176    25.633 56397.23865150 16.62 294.162442   7.705076  7.988  282.22  284.01  281.01
 176    26.125 56397.23865209 17.13 294.163354   7.702580  7.923  282.22  284.01  281.01
 176    26.403 56397.23865268 15.61 294.164265   7.700083  5.841  282.22  284.01  281.01
 176    26.595 56397.23865327 24.54 294.165177   7.697587 25.105  282.22  284.01  281.01
 177    21.824 56407.15429260 37.08 294.165017   7.704488   -100 -100.00 -100.00 -100.00
 177    22.187 56407.15429319 37.77 294.165928   7.701991   -100 -100.00 -100.00 -100.00
 177    22.237 56407.15429378 39.77 294.166840   7.699495   -100 -100.00 -100.00 -100.00
 178    24.619 56417.06992924 46.34 294.167120   7.706783  2.602 -100.00 -100.00 -100.00
 178    24.696 56417.06992983 40.55 294.168032   7.704286 32.532 -100.00 -100.00 -100.00
 178    24.731 56417.06993042 44.32 294.168943   7.701790   -100 -100.00 -100.00 -100.00
 179    25.679 56426.98556097 22.41 294.169481   7.710401  7.729  270.35  275.05  270.52
 179    25.510 56426.98556156 22.93 294.170393   7.707905  8.119  270.35  275.05  270.52
 179    25.206 56426.98556215 24.79 294.171305   7.705408 12.639 -100.00 -100.00 -100.00
 179    25.610 56426.98556274 24.38 294.172216   7.702911 11.548 -100.00 -100.00 -100.00
 180    26.249 56436.90121259 19.74 294.166583   7.707931  7.308  274.02  277.70  274.55
 180    26.320 56436.90121318 21.34 294.167495   7.705434  9.837 -100.00 -100.00 -100.00
 180    26.998 56436.90121377 18.60 294.168406   7.702938  5.606 -100.00 -100.00 -100.00
 180    27.474 56436.90121436 18.60 294.169318   7.700441  5.267 -100.00 -100.00 -100.00
 181    27.667 56446.81686438 18.61 294.163867   7.705400  5.614 -100.00 -100.00 -100.00
 181    27.815 56446.81686497 18.84 294.164779   7.702903  5.639 -100.00 -100.00 -100.00
 181    28.179 56446.81686556 23.07 294.165691   7.700406 11.031 -100.00 -100.00 -100.00
 181    28.207 56446.81686615 27.17 294.166602   7.697910 18.592 -100.00 -100.00 -100.00
 182    28.484 56456.73251412 26.01 294.163141   7.703524 12.229  267.05  275.47  270.64
 182    28.656 56456.73251471 22.39 294.164053   7.701027  6.085  267.05  275.47  270.64
 182    29.008 56456.73251530 26.66 294.164964   7.698530 10.714 -100.00 -100.00 -100.00
 183    29.768 56466.64816020 28.39 294.162345   7.704661 16.862 -100.00 -100.00 -100.00
 183    29.424 56466.64816079 26.12 294.163257   7.702164 11.977 -100.00 -100.00 -100.00
 183    29.766 56466.64816138 23.49 294.164168   7.699667  6.550 -100.00 -100.00 -100.00
 183    30.037 56466.64816197 27.82 294.165080   7.697171 12.131 -100.00 -100.00 -100.00
 184    30.108 56476.56380285 27.37 294.163211   7.703691 12.190 -100.00 -100.00 -100.00
 184    30.169 56476.56380344 26.58 294.164123   7.701195  9.243 -100.00 -100.00 -100.00
 184    30.320 56476.56380403 28.95 294.165035   7.698698 13.827 -100.00 -100.00 -100.00
 185    30.346 56486.47944163 25.48 294.164317   7.703923  9.404 -100.00 -100.00 -100.00
 185    30.245 56486.47944222 24.78 294.165229   7.701426  7.877 -100.00 -100.00 -100.00
 185    30.575 56486.47944281 31.38 294.166141   7.698929 19.533 -100.00 -100.00 -100.00
 186    30.478 56496.39507688 28.43 294.164991   7.706634 12.620 -100.00 -100.00 -100.00
 186    30.348 56496.39507747 25.93 294.165903   7.704138  9.206 -100.00 -100.00 -100.00
 186    30.323 56496.39507806 23.81 294.166815   7.701641  4.980 -100.00 -100.00 -100.00
 186    30.685 56496.39507865 25.25 294.167727   7.699144  6.173 -100.00 -100.00 -100.00
 187    31.131 56506.31071069 32.97 294.167320   7.708851 21.888  251.12  259.71  249.22
 187    30.766 56506.31071128 30.45 294.168232   7.706354 16.225  251.12  259.71  249.22
 187    30.662 56506.31071187 31.37 294.169144   7.703858 17.176  251.12  259.71  249.22
 187    30.930 56506.31071246 28.59 294.170055   7.701361  9.587  251.12  259.71  249.22
 188    31.418 56516.22634405 33.31 294.171070   7.711728 22.326 -100.00 -100.00 -100.00
 188    31.321 56516.22634464 31.91 294.171982   7.709231 18.494 -100.00 -100.00 -100.00
 188    31.226 56516.22634523 26.98 294.172893   7.706734  7.215 -100.00 -100.00 -100.00
 188    30.982 56516.22634582 26.87 294.173805   7.704237  7.686 -100.00 -100.00 -100.00
 189    31.682 56526.14199827 54.09 294.169844   7.710008 16.726 -100.00 -100.00 -100.00
 189    31.661 56526.14199886 55.16 294.170756   7.707511 23.452 -100.00 -100.00 -100.00
 189    31.797 56526.14199945 54.17 294.171668   7.705014 12.909 -100.00 -100.00 -100.00
 189    31.934 56526.14200004 53.16 294.172580   7.702517  3.256 -100.00 -100.00 -100.00
 190    31.843 56536.05764793 49.74 294.167921   7.710348   -100 -100.00 -100.00 -100.00
 190    31.780 56536.05764852 51.30 294.168833   7.707851  6.298 -100.00 -100.00 -100.00
 190    31.965 56536.05764911 49.59 294.169745   7.705354   -100 -100.00 -100.00 -100.00
 190    32.115 56536.05764970 48.54 294.170657   7.702857   -100 -100.00 -100.00 -100.00
 192    31.613 56555.88893834 29.21 294.164251   7.705971 10.847 -100.00 -100.00 -100.00
 192    31.193 56555.88893893 30.02 294.165163   7.703475 10.807 -100.00 -100.00 -100.00
 192    31.346 56555.88893952 28.40 294.166075   7.700978  6.618 -100.00 -100.00 -100.00
 192    31.493 56555.88894011 34.02 294.166987   7.698481 19.085 -100.00 -100.00 -100.00
 193    30.813 56565.80458137 31.41 294.164422   7.704755 17.767  255.89  264.00  254.71
 193    30.763 56565.80458196 28.77 294.165334   7.702258  9.750  255.89  264.00  254.71
 193    31.101 56565.80458255 27.75 294.166246   7.699761  8.206  255.89  264.00  254.71
 194    30.343 56575.72022273 30.97 294.165614   7.706736 20.681 -100.00 -100.00 -100.00
 194    30.319 56575.72022332 27.69 294.166526   7.704239 10.737 -100.00 -100.00 -100.00
 194    30.575 56575.72022391 26.32 294.167438   7.701742  8.208 -100.00 -100.00 -100.00
 194    30.750 56575.72022450 29.41 294.168349   7.699245 13.283 -100.00 -100.00 -100.00
 195    29.310 56585.63586106 34.43 294.168161   7.709558   -100  266.89  272.68  265.89
 195    29.331 56585.63586165 31.39 294.169073   7.707061 25.049  266.89  272.68  265.89
 195    29.061 56585.63586224 29.21 294.169985   7.704563 17.756  266.89  272.68  265.89
 195    29.627 56585.63586283 23.97 294.170897   7.702066  6.638 -100.00 -100.00 -100.00
 196    28.790 56595.55149897 27.47 294.170835   7.710367 15.522  269.88  274.68  268.91
 196    28.515 56595.55149956 24.75 294.171747   7.707870 11.137  269.88  274.68  268.91
 196    28.321 56595.55150015 22.97 294.172659   7.705373  7.877  269.88  274.68  268.91
 197    28.040 56605.46715196 28.53 294.167159   7.708584 24.286 -100.00 -100.00 -100.00
 197    27.533 56605.46715255 27.30 294.168070   7.706087 20.307 -100.00 -100.00 -100.00
 197    27.467 56605.46715314 24.04 294.168982   7.703590 11.835 -100.00 -100.00 -100.00
 197    28.410 56605.46715373 23.71 294.169894   7.701093 10.207 -100.00 -100.00 -100.00
 198    27.444 56615.38280037 23.76 294.165144   7.705446 15.573  269.86  273.53  269.68
 198    27.421 56615.38280097 23.28 294.166056   7.702949 12.782  269.86  273.53  269.68
 198    27.554 56615.38280156 26.57 294.166968   7.700452 20.189  269.86  273.53  269.68
 198    28.344 56615.38280215 30.78 294.167879   7.697955 21.083 -100.00 -100.00 -100.00
 199    27.270 56625.29844420 25.45 294.164344   7.706301 18.173  269.04  274.00  269.68
 199    27.247 56625.29844479 24.92 294.165255   7.703804 16.471  269.04  274.00  269.68
 199    27.589 56625.29844538 24.82 294.166167   7.701307 14.574 -100.00 -100.00 -100.00
 199    27.681 56625.29844597 30.83 294.167079   7.698810 31.373 -100.00 -100.00 -100.00
 200    27.220 56635.21408557 22.43 294.165829   7.705760 11.335  272.56  276.26  272.55
 200    27.197 56635.21408616 22.26 294.166740   7.703263  9.853  272.56  276.26  272.55
 200    27.584 56635.21408675 25.42 294.167652   7.700766 16.099 -100.00 -100.00 -100.00
 200    27.960 56635.21408734 31.13 294.168564   7.698269 23.774 -100.00 -100.00 -100.00
 201    26.806 56645.12972328 23.89 294.168064   7.708155 15.025 -100.00 -100.00 -100.00
 201    26.937 56645.12972387 20.90 294.168976   7.705658  9.325 -100.00 -100.00 -100.00
 201    27.335 56645.12972446 20.31 294.169888   7.703162  7.182 -100.00 -100.00 -100.00
 201    27.643 56645.12972505 20.78 294.170799   7.700665  6.941 -100.00 -100.00 -100.00
 202    23.802 56655.04537555 39.28 294.165357   7.707837 26.071  274.07  276.86  272.87
 202    23.672 56655.04537614 40.02 294.166269   7.705340 32.088  274.07  276.86  272.87
 202    23.605 56655.04537673 40.16 294.167181   7.702844 31.230 -100.00 -100.00 -100.00
 202    23.798 56655.04537732 42.49 294.168093   7.700347   -100 -100.00 -100.00 -100.00
 203    22.344 56664.96102422 43.63 294.163912   7.705132   -100  276.34  278.27  274.54
 203    22.353 56664.96102481 44.99 294.164824   7.702635   -100  276.34  278.27  274.54
 203    22.335 56664.96102540 47.21 294.165736   7.700139  4.181 -100.00 -100.00 -100.00
 203    22.336 56664.96102599 48.18 294.166648   7.697642  5.702 -100.00 -100.00 -100.00
 204    26.622 56674.87667019 22.12 294.162641   7.704117 14.792 -100.00 -100.00 -100.00
 204    27.240 56674.87667078 21.20 294.163553   7.701620 11.563 -100.00 -100.00 -100.00
 204    27.590 56674.87667137 27.46 294.164465   7.699123 27.370 -100.00 -100.00 -100.00
 204    27.703 56674.87667196 28.72 294.165376   7.696627 31.727 -100.00 -100.00 -100.00
 205    20.193 56684.79231493 27.98 294.161970   7.705384   -100 -100.00 -100.00 -100.00
 205    26.832 56684.79231552 23.57 294.162882   7.702887 17.412 -100.00 -100.00 -100.00
 205    27.322 56684.79231611 25.10 294.163794   7.700390 21.201 -100.00 -100.00 -100.00
 205    27.336 56684.79231670 30.22 294.164706   7.697894   -100 -100.00 -100.00 -100.00
 206    20.175 56694.70795834 24.37 294.163824   7.705102 18.483  285.97  286.75  284.47
 206    26.775 56694.70795893 24.21 294.164736   7.702606 17.082  285.97  286.75  284.47
 206    27.337 56694.70795952 26.92 294.165647   7.700109 28.708  285.97  286.75  284.47
 206    27.396 56694.70796011 30.11 294.166559   7.697613   -100  285.97  286.75  284.47
 207    19.866 56704.62359691 25.43 294.166634   7.707430 22.697 -100.00 -100.00 -100.00
 207    19.834 56704.62359750 21.69 294.167545   7.704933 12.318 -100.00 -100.00 -100.00
 207    19.723 56704.62359809 22.44 294.168457   7.702437 13.529 -100.00 -100.00 -100.00
 207    27.359 56704.62359868 22.18 294.169369   7.699940 12.424 -100.00 -100.00 -100.00
 208    19.539 56714.53922965 22.65 294.168860   7.711280 14.531 -100.00 -100.00 -100.00
 208    19.622 56714.53923024 21.63 294.169771   7.708784 12.499 -100.00 -100.00 -100.00
 208    19.286 56714.53923083 22.17 294.170683   7.706287 14.282 -100.00 -100.00 -100.00
 208    19.244 56714.53923142 21.94 294.171595   7.703791 13.387 -100.00 -100.00 -100.00
 209    19.030 56724.45488172 29.76 294.165421   7.707098   -100 -100.00 -100.00 -100.00
 209    19.280 56724.45488231 28.18 294.166333   7.704602 32.507 -100.00 -100.00 -100.00
 209    19.182 56724.45488290 28.32 294.167244   7.702106   -100 -100.00 -100.00 -100.00
 209    19.317 56724.45488350 33.03 294.168156   7.699609   -100 -100.00 -100.00 -100.00
 210    19.654 56734.37053210 31.25 294.161281   7.705190   -100 -100.00 -100.00 -100.00
 210    19.714 56734.37053269 24.22 294.162192   7.702694 20.022 -100.00 -100.00 -100.00
 210    26.798 56734.37053328 23.38 294.163104   7.700198 16.335 -100.00 -100.00 -100.00
 210    26.792 56734.37053387 27.52 294.164016   7.697701 32.268 -100.00 -100.00 -100.00
 211    19.758 56744.28617916 29.84 294.160524   7.703003   -100 -100.00 -100.00 -100.00
 211    19.554 56744.28617975 26.98 294.161435   7.700506 29.091 -100.00 -100.00 -100.00
 211    26.652 56744.28618034 26.94 294.162347   7.698010 23.523 -100.00 -100.00 -100.00
 211    26.833 56744.28618093 26.22 294.163258   7.695513 17.033 -100.00 -100.00 -100.00
 212    20.149 56754.20182121 23.84 294.162471   7.704590 23.099  283.86  285.21  282.18
 212    20.183 56754.20182180 20.91 294.163382   7.702094 12.849  283.86  285.21  282.18
 212    26.559 56754.20182239 19.48 294.164294   7.699597  9.929  283.86  285.21  282.18
 212    26.770 56754.20182298 25.98 294.165205   7.697101 29.403 -100.00 -100.00 -100.00
 213    21.101 56764.11745751 31.89 294.166354   7.707725   -100  272.93  278.59  276.11
 213    20.759 56764.11745810 27.89 294.167265   7.705229 26.756  272.93  278.59  276.11
 213    20.646 56764.11745869 25.07 294.168177   7.702733 15.913  272.93  278.59  276.11
 213    20.309 56764.11745928 23.93 294.169088   7.700236 16.482  272.93  278.59  276.11
 214    21.888 56774.03309240 24.91 294.169370   7.709137 12.535 -100.00 -100.00 -100.00
 214    21.669 56774.03309299 27.21 294.170281   7.706640 20.693 -100.00 -100.00 -100.00
 214    21.694 56774.03309358 27.91 294.171193   7.704144 20.839 -100.00 -100.00 -100.00
 215    23.856 56783.94874949 18.08 294.164716   7.705800  5.986 -100.00 -100.00 -100.00
 215    23.773 56783.94875008 17.80 294.165628   7.703304  5.641 -100.00 -100.00 -100.00
 215    23.745 56783.94875067 17.91 294.166540   7.700807  5.278 -100.00 -100.00 -100.00
 215    26.536 56783.94875126 18.13 294.167451   7.698311  5.684 -100.00 -100.00 -100.00
 216    25.893 56793.86440302 14.71 294.160442   7.703289  4.067  283.92  285.43  283.09
 216    26.285 56793.86440361 14.71 294.161354   7.700793  5.122  283.92  285.43  283.09
 216    26.517 56793.86440420 21.68 294.162265   7.698296 14.599  283.92  285.43  283.09
 216    27.581 56793.86440479 22.25 294.163177   7.695800 16.798 -100.00 -100.00 -100.00
 217    25.442 56803.78005323 13.67 294.157609   7.703003  3.317 -100.00 -100.00 -100.00
 217    26.956 56803.78005382 13.88 294.158520   7.700506  3.264 -100.00 -100.00 -100.00
 217    25.896 56803.78005441 13.80 294.159432   7.698010  2.756 -100.00 -100.00 -100.00
 217    27.744 56803.78005500 18.14 294.160344   7.695513  8.196 -100.00 -100.00 -100.00
 218    25.932 56813.69569671 14.84 294.159724   7.701778  5.401 -100.00 -100.00 -100.00
 218    27.343 56813.69569730 13.18 294.160636   7.699281  3.597 -100.00 -100.00 -100.00
 218    27.558 56813.69569789 14.52 294.161548   7.696784  5.330 -100.00 -100.00 -100.00
 219    26.675 56823.61133583 19.45 294.161328   7.704850  6.703 -100.00 -100.00 -100.00
 219    26.681 56823.61133642 19.40 294.162240   7.702353  6.862 -100.00 -100.00 -100.00
 219    26.664 56823.61133701 18.71 294.163152   7.699857  5.295 -100.00 -100.00 -100.00
 219    26.337 56823.61133760 26.74 294.164064   7.697360 20.090 -100.00 -100.00 -100.00
 220    28.416 56833.52697128 25.80 294.163936   7.706029 14.463 -100.00 -100.00 -100.00
 220    28.501 56833.52697187 22.99 294.164847   7.703533  7.630 -100.00 -100.00 -100.00
 220    28.565 56833.52697246 23.40 294.165759   7.701036  8.200 -100.00 -100.00 -100.00
 220    28.982 56833.52697305 31.81 294.166671   7.698539 23.923 -100.00 -100.00 -100.00
 221    29.356 56843.44260325 30.82 294.166925   7.707083 19.692 -100.00 -100.00 -100.00
 221    29.284 56843.44260384 28.94 294.167837   7.704586 12.686 -100.00 -100.00 -100.00
 221    29.283 56843.44260443 27.91 294.168749   7.702089 12.831 -100.00 -100.00 -100.00
 221    29.852 56843.44260502 30.31 294.169660   7.699593 15.754 -100.00 -100.00 -100.00
 222    30.216 56853.35824477 30.67 294.166674   7.708051 18.138  254.40  262.77  252.35
 222    30.133 56853.35824536 28.69 294.167586   7.705555 11.200  254.40  262.77  252.35
 222    30.269 56853.35824595 25.89 294.168498   7.703058  6.962  254.40  262.77  252.35
 222    30.419 56853.35824654 26.90 294.169410   7.700561  6.402 -100.00 -100.00 -100.00
 223    31.364 56863.27389847 29.82 294.164452   7.706264 11.752  244.60  250.78  240.61
 223    31.021 56863.27389906 30.28 294.165364   7.703767 13.257  244.60  250.78  240.61
 223    31.273 56863.27389965 28.20 294.166276   7.701271  7.934  244.60  250.78  240.61
 223    31.517 56863.27390024 31.82 294.167187   7.698774 14.879  244.60  250.78  240.61
 224    32.104 56873.18955134 32.67 294.163210   7.705605 14.844  235.98  245.14  234.55
 224    31.882 56873.18955193 31.83 294.164122   7.703108 13.654  235.98  245.14  234.55
 224    31.912 56873.18955252 30.62 294.165034   7.700611  9.441 -100.00 -100.00 -100.00
 224    32.088 56873.18955311 33.87 294.165946   7.698115 16.908 -100.00 -100.00 -100.00
 225    32.292 56883.10520136 31.79 294.163189   7.703843 11.499 -100.00 -100.00 -100.00
 225    32.256 56883.10520195 34.65 294.164101   7.701346 19.883 -100.00 -100.00 -100.00
 225    32.220 56883.10520254 33.90 294.165013   7.698850 16.848 -100.00 -100.00 -100.00
 226    32.761 56893.02084717 54.28 294.161968   7.705433  2.546 -100.00 -100.00 -100.00
 226    32.629 56893.02084776 54.70 294.162880   7.702936  9.774 -100.00 -100.00 -100.00
 226    32.588 56893.02084835 56.06 294.163792   7.700439 19.748 -100.00 -100.00 -100.00
 226    32.603 56893.02084895 55.25 294.164704   7.697943 14.280 -100.00 -100.00 -100.00
 227    32.723 56902.93649035 29.59 294.160544   7.704826  8.313 -100.00 -100.00 -100.00
 227    32.387 56902.93649094 30.77 294.161456   7.702329  9.349 -100.00 -100.00 -100.00
 227    32.468 56902.93649153 34.12 294.162368   7.699832 15.779 -100.00 -100.00 -100.00
 227    32.527 56902.93649212 33.86 294.163280   7.697336 12.864 -100.00 -100.00 -100.00
 228    31.940 56912.85213208 30.21 294.159523   7.703243 10.875  245.64  256.27  244.99
 228    32.015 56912.85213267 32.44 294.160435   7.700746 16.745  245.64  256.27  244.99
 228    32.145 56912.85213326 33.33 294.161346   7.698249 14.104  245.64  256.27  244.99
 228    32.213 56912.85213385 34.91 294.162258   7.695752 19.962  245.64  256.27  244.99
 229    31.649 56922.76777224 31.38 294.160455   7.703633 11.922 -100.00 -100.00 -100.00
 229    31.470 56922.76777283 30.69 294.161367   7.701136 10.117 -100.00 -100.00 -100.00
 229    31.589 56922.76777342 34.73 294.162279   7.698639 17.887 -100.00 -100.00 -100.00
 229    31.671 56922.76777401 37.94 294.163191   7.696142 26.332 -100.00 -100.00 -100.00
 230    30.963 56932.68341055 29.73 294.164434   7.703877 12.471  255.23  261.72  251.34
 230    30.773 56932.68341114 29.45 294.165346   7.701380 10.883  255.23  261.72  251.34
 230    31.080 56932.68341173 31.02 294.166258   7.698883 13.824  255.23  261.72  251.34
 231    29.855 56942.59904281 32.46 294.168577   7.708654 25.512 -100.00 -100.00 -100.00
 231    29.767 56942.59904340 28.78 294.169489   7.706157 13.815 -100.00 -100.00 -100.00
 231    29.757 56942.59904399 26.99 294.170401   7.703660 10.667 -100.00 -100.00 -100.00
 231    29.930 56942.59904458 27.36 294.171312   7.701163 10.303 -100.00 -100.00 -100.00
 232    29.206 56952.51468692 35.88 294.168586   7.710837   -100  261.76  268.09  259.64
 232    29.271 56952.51468752 35.71 294.169498   7.708340   -100  261.76  268.09  259.64
 232    29.134 56952.51468811 29.80 294.170409   7.705843 17.352 -100.00 -100.00 -100.00
 232    29.119 56952.51468870 28.63 294.171321   7.703346 13.263 -100.00 -100.00 -100.00
 233    29.337 56962.43033837 32.41 294.165597   7.707890 24.811  259.37  265.48  257.78
 233    28.961 56962.43033896 29.77 294.166509   7.705393 18.953  259.37  265.48  257.78
 233    28.921 56962.43033955 30.09 294.167420   7.702896 17.387 -100.00 -100.00 -100.00
 233    29.243 56962.43034014 25.98 294.168332   7.700399  8.913 -100.00 -100.00 -100.00
 234    29.107 56972.34598480 32.06 294.163692   7.704770 25.353  265.46  271.29  264.54
 234    28.706 56972.34598539 30.30 294.164604   7.702273 21.287 -100.00 -100.00 -100.00
 234    28.823 56972.34598598 30.96 294.165515   7.699776 20.391 -100.00 -100.00 -100.00
 234    28.954 56972.34598657 36.47 294.166427   7.697279   -100 -100.00 -100.00 -100.00
 235    28.236 56982.26162659 23.71 294.164141   7.704031 12.659  265.86  271.70  265.82
 235    27.759 56982.26162718 28.35 294.165053   7.701535 22.673  265.86  271.70  265.82
 235    27.835 56982.26162777 32.29 294.165964   7.699038   -100 -100.00 -100.00 -100.00
 236    27.114 56992.17726305 30.26 294.166479   7.707215   -100  268.86  274.07  268.58
 236    27.582 56992.17726364 25.10 294.167391   7.704719 13.069  268.86  274.07  268.58
 236    27.752 56992.17726423 23.01 294.168303   7.702222 11.121  268.86  274.07  268.58
 236    27.874 56992.17726482 25.09 294.169214   7.699725 14.565 -100.00 -100.00 -100.00
 237    27.525 57002.09289573 23.62 294.169902   7.712131 11.379  270.76  274.89  270.41
 237    26.831 57002.09289632 26.15 294.170814   7.709635 18.577  270.76  274.89  270.41
 237    26.762 57002.09289691 25.08 294.171726   7.707138 16.200  270.76  274.89  270.41
 237    27.069 57002.09289750 21.64 294.172637   7.704641  8.302  270.76  274.89  270.41
 238    26.181 57012.00855326 25.84 294.167193   7.708257 16.586  272.73  275.28  271.86
 238    23.917 57012.00855385 24.97 294.168104   7.705760 15.434  272.73  275.28  271.86
 238    24.093 57012.00855444 25.35 294.169016   7.703263 15.588  272.73  275.28  271.86
 238    27.484 57012.00855503 24.71 294.169928   7.700767 11.429 -100.00 -100.00 -100.00
 239    27.099 57021.92420517 18.67 294.165010   7.704989  6.816 -100.00 -100.00 -100.00
 239    27.678 57021.92420576 18.40 294.165922   7.702492  6.042 -100.00 -100.00 -100.00
 239    27.796 57021.92420635 24.68 294.166834   7.699995 17.875 -100.00 -100.00 -100.00
 240    27.063 57031.83985431 20.15 294.163390   7.703523 10.002 -100.00 -100.00 -100.00
 240    27.799 57031.83985490 22.91 294.164302   7.701026 12.192 -100.00 -100.00 -100.00
 240    27.824 57031.83985549 28.21 294.165214   7.698529 22.526 -100.00 -100.00 -100.00
 241    21.579 57041.75550106 25.19 294.162374   7.705260 19.245 -100.00 -100.00 -100.00
 241    27.256 57041.75550165 21.00 294.163286   7.702764  9.164 -100.00 -100.00 -100.00
 241    27.619 57041.75550224 24.48 294.164198   7.700267 17.164 -100.00 -100.00 -100.00
 241    27.714 57041.75550283 30.04 294.165109   7.697770   -100 -100.00 -100.00 -100.00
 242    21.156 57051.67114617 28.43 294.163147   7.705998   -100  284.39  285.41  283.57
 242    26.858 57051.67114676 22.89 294.164058   7.703501 14.457  284.39  285.41  283.57
 242    27.623 57051.67114735 24.09 294.164970   7.701004 17.855  284.39  285.41  283.57
 242    27.661 57051.67114794 30.20 294.165882   7.698508   -100  284.39  285.41  283.57
 243    21.305 57061.58678712 23.35 294.165087   7.706844 20.501  281.04  282.25  279.86
 243    26.630 57061.58678771 18.38 294.165999   7.704348  8.642  281.04  282.25  279.86
 243    27.422 57061.58678830 21.33 294.166910   7.701851 14.078  281.04  282.25  279.86
 243    27.432 57061.58678889 28.27 294.167822   7.699355   -100  281.04  282.25  279.86
 244    26.237 57071.50242237 16.50 294.166925   7.708623  6.047  278.61  280.18  277.32
 244    26.864 57071.50242296 17.08 294.167837   7.706127  6.490  278.61  280.18  277.32
 244    27.317 57071.50242355 16.65 294.168749   7.703630  6.023  278.61  280.18  277.32
 244    27.476 57071.50242414 19.77 294.169660   7.701134 11.561  278.61  280.18  277.32
 245    21.246 57081.41805311 19.47 294.168495   7.711011  8.521  277.78  280.60  277.33
 245    25.562 57081.41805370 18.68 294.169407   7.708514  6.884  277.78  280.60  277.33
 245    26.049 57081.41805430 18.48 294.170319   7.706018  6.662 -100.00 -100.00 -100.00
 245    26.641 57081.41805489 17.11 294.171230   7.703521  5.366 -100.00 -100.00 -100.00
 246    20.090 57091.33369672 23.22 294.167696   7.709596 15.399 -100.00 -100.00 -100.00
 246    20.208 57091.33369731 23.38 294.168607   7.707100 19.250 -100.00 -100.00 -100.00
 246    26.539 57091.33369791 19.38 294.169519   7.704603  8.496 -100.00 -100.00 -100.00
 246    27.086 57091.33369850 19.48 294.170431   7.702107  9.542 -100.00 -100.00 -100.00
 247    20.178 57101.24935448 26.11 294.164496   7.706020 21.695  281.38  282.74  279.64
 247    20.162 57101.24935507 21.96 294.165408   7.703523 12.111  281.38  282.74  279.64
 247    27.105 57101.24935566 21.00 294.166319   7.701027  9.056  281.38  282.74  279.64
 247    27.416 57101.24935625 30.21 294.167231   7.698530   -100  281.38  282.74  279.64
 248    21.025 57111.16500853 40.09 294.163482   7.704724   -100  279.30  280.23  277.43
 248    21.133 57111.16500912 41.02 294.164393   7.702228   -100  279.30  280.23  277.43
 248    21.064 57111.16500971 45.08 294.165305   7.699731   -100 -100.00 -100.00 -100.00
 248    20.940 57111.16501030 50.64 294.166216   7.697235   -100 -100.00 -100.00 -100.00
 249    20.460 57121.08065674 30.18 294.164443   7.704456 29.816  281.75  282.09  279.57
 249    20.662 57121.08065733 33.40 294.165354   7.701960   -100  281.75  282.09  279.57
 249    21.446 57121.08065792 34.47 294.166266   7.699463 21.111  281.75  282.09  279.57
 250    21.430 57130.99629895 38.24 294.164604   7.705429   -100  283.47  284.42  281.85
 250    21.482 57130.99629954 40.31 294.165515   7.702932   -100  283.47  284.42  281.85
 250    21.599 57130.99630013 42.27 294.166427   7.700436   -100  283.47  284.42  281.85
 250    21.542 57130.99630072 45.31 294.167338   7.697939   -100 -100.00 -100.00 -100.00
 251    23.892 57140.91193602 17.53 294.164905   7.706779  6.367  285.40  286.08  284.01
 251    23.081 57140.91193661 17.31 294.165817   7.704283  6.179  285.40  286.08  284.01
 251    26.402 57140.91193720 17.39 294.166728   7.701786  5.342  285.40  286.08  284.01
 251    26.731 57140.91193779 18.09 294.167640   7.699290  7.358  285.40  286.08  284.01
 252    25.896 57150.82757058 14.52 294.166808   7.706137  4.744 -100.00 -100.00 -100.00
 252    26.208 57150.82757117 14.77 294.167719   7.703640  5.142 -100.00 -100.00 -100.00
 252    26.299 57150.82757176 15.21 294.168631   7.701143  6.075 -100.00 -100.00 -100.00
 253    23.033 57160.74320137 24.80 294.169575   7.709432 10.201 -100.00 -100.00 -100.00
 253    22.896 57160.74320196 25.98 294.170487   7.706935 13.227 -100.00 -100.00 -100.00
 253    23.325 57160.74320255 25.04 294.171399   7.704439 10.744 -100.00 -100.00 -100.00
 253    23.176 57160.74320314 25.33 294.172310   7.701942 11.409 -100.00 -100.00 -100.00
 254    25.099 57170.65885625 14.36 294.167876   7.707490  4.025 -100.00 -100.00 -100.00
 254    24.847 57170.65885684 14.27 294.168788   7.704993  3.877 -100.00 -100.00 -100.00
 254    25.062 57170.65885744 14.99 294.169700   7.702496  4.686 -100.00 -100.00 -100.00
 255    26.205 57180.57451152 15.51 294.165444   7.707118  5.505  270.20  277.65  274.35
 255    26.465 57180.57451211 14.72 294.166355   7.704621  3.991  270.20  277.65  274.35
 255    26.759 57180.57451270 15.45 294.167267   7.702125  4.426  270.20  277.65  274.35
 255    26.848 57180.57451329 17.28 294.168179   7.699628  5.824 -100.00 -100.00 -100.00
 256    27.189 57190.49016320 18.16 294.163811   7.705046  6.061 -100.00 -100.00 -100.00
 256    27.338 57190.49016379 18.38 294.164723   7.702549  6.459 -100.00 -100.00 -100.00
 256    27.379 57190.49016438 18.34 294.165635   7.700053  4.883 -100.00 -100.00 -100.00
 256    27.401 57190.49016497 25.19 294.166547   7.697556 13.257 -100.00 -100.00 -100.00
 257    28.437 57200.40581123 22.47 294.162697   7.703380  6.684 -100.00 -100.00 -100.00
 257    28.820 57200.40581182 25.78 294.163609   7.700883 11.864 -100.00 -100.00 -100.00
 257    28.929 57200.40581241 27.65 294.164520   7.698386 14.192 -100.00 -100.00 -100.00
 258    29.758 57210.32144488 25.46 294.162123   7.703881 10.492 -100.00 -100.00 -100.00
 258    29.663 57210.32144547 26.12 294.163035   7.701384 11.017 -100.00 -100.00 -100.00
 258    29.953 57210.32144606 25.30 294.163947   7.698887  7.702 -100.00 -100.00 -100.00
 258    29.906 57210.32144665 34.40 294.164858   7.696391 31.683 -100.00 -100.00 -100.00
 259    30.803 57220.23708833 53.43 294.163140   7.704387  9.161 -100.00 -100.00 -100.00
 259    30.622 57220.23708892 54.32 294.164052   7.701890 31.424 -100.00 -100.00 -100.00
 259    30.624 57220.23708952 55.67 294.164964   7.699393   -100 -100.00 -100.00 -100.00
 259    30.643 57220.23709011 53.94 294.165875   7.696896 28.036 -100.00 -100.00 -100.00
 260    31.555 57230.15273056 55.51 294.164676   7.705104 16.769 -100.00 -100.00 -100.00
 260    31.522 57230.15273115 56.61 294.165588   7.702608   -100 -100.00 -100.00 -100.00
 260    31.501 57230.15273174 57.70 294.166500   7.700111   -100 -100.00 -100.00 -100.00
 260    31.534 57230.15273233 54.66 294.167411   7.697614 25.583 -100.00 -100.00 -100.00
 261    32.201 57240.06837019 53.76 294.165743   7.707044  2.206 -100.00 -100.00 -100.00
 261    32.017 57240.06837078 54.47 294.166655   7.704547 13.594 -100.00 -100.00 -100.00
 261    31.939 57240.06837137 55.01 294.167567   7.702050 30.910 -100.00 -100.00 -100.00
 261    32.025 57240.06837196 55.52 294.168478   7.699553 16.180 -100.00 -100.00 -100.00
 262    32.242 57249.98400732 35.59 294.167388   7.707766 15.093 -100.00 -100.00 -100.00
 262    31.990 57249.98400791 33.56 294.168300   7.705269 11.012 -100.00 -100.00 -100.00
 262    32.004 57249.98400850 34.42 294.169211   7.702773 12.996 -100.00 -100.00 -100.00
 262    32.158 57249.98400910 35.67 294.170123   7.700276 14.954 -100.00 -100.00 -100.00
 263    32.728 57259.89964199 52.56 294.168510   7.710221   -100 -100.00 -100.00 -100.00
 263    32.665 57259.89964258 54.34 294.169422   7.707724  2.636 -100.00 -100.00 -100.00
 263    32.452 57259.89964317 53.94 294.170334   7.705227 16.124 -100.00 -100.00 -100.00
 263    32.454 57259.89964376 51.94 294.171245   7.702730 10.671 -100.00 -100.00 -100.00
 264    32.562 57269.81527611 35.16 294.170502   7.711052 21.650 -100.00 -100.00 -100.00
 264    32.141 57269.81527670 35.97 294.171414   7.708555 23.819 -100.00 -100.00 -100.00
 264    32.067 57269.81527729 37.20 294.172326   7.706058 24.774 -100.00 -100.00 -100.00
 264    32.299 57269.81527788 38.58 294.173238   7.703561 30.161 -100.00 -100.00 -100.00
 265    32.134 57279.73092858 36.93 294.168348   7.710740   -100  255.56  262.71  254.49
 265    31.832 57279.73092917 34.42 294.169259   7.708243 22.435  255.56  262.71  254.49
 265    31.743 57279.73092976 33.33 294.170171   7.705746 16.638  255.56  262.71  254.49
 265    31.571 57279.73093035 38.08 294.171083   7.703248   -100 -100.00 -100.00 -100.00
 266    31.493 57289.64658500 33.71 294.167086   7.707724 18.833  248.91  255.71  246.67
 266    31.088 57289.64658559 33.19 294.167998   7.705227 18.692  248.91  255.71  246.67
 266    31.016 57289.64658618 33.11 294.168909   7.702730 17.085  248.91  255.71  246.67
 266    30.637 57289.64658677 35.88 294.169821   7.700233 25.245 -100.00 -100.00 -100.00
 267    30.201 57299.56223788 30.09 294.165032   7.707665 16.056  255.81  261.91  253.13
 267    29.662 57299.56223847 30.71 294.165944   7.705168 18.016  255.81  261.91  253.13
 267    29.755 57299.56223906 28.86 294.166856   7.702671 11.984  255.81  261.91  253.13
 267    30.025 57299.56223965 27.71 294.167767   7.700174 10.563 -100.00 -100.00 -100.00
 268    28.859 57309.47788748 27.53 294.163877   7.706253 12.975  260.23  268.32  260.67
 268    28.634 57309.47788807 25.14 294.164789   7.703756  8.251  260.23  268.32  260.67
 268    28.245 57309.47788866 27.34 294.165701   7.701259 11.826 -100.00 -100.00 -100.00
 268    27.908 57309.47788925 34.79 294.166613   7.698762 31.309 -100.00 -100.00 -100.00
 269    26.786 57319.39353334 32.15 294.162136   7.705183 26.967 -100.00 -100.00 -100.00
 269    27.047 57319.39353393 37.27 294.163047   7.702686   -100 -100.00 -100.00 -100.00
 269    27.308 57319.39353452 37.54 294.163959   7.700190   -100 -100.00 -100.00 -100.00
 269    27.633 57319.39353511 39.08 294.164871   7.697693 30.309 -100.00 -100.00 -100.00
 270    28.880 57329.30917614 20.19 294.161397   7.703590  7.075 -100.00 -100.00 -100.00
 270    28.404 57329.30917673 23.96 294.162308   7.701093 14.631 -100.00 -100.00 -100.00
 270    27.587 57329.30917732 29.11 294.163220   7.698596 28.746 -100.00 -100.00 -100.00
 270    27.853 57329.30917791 28.90 294.164132   7.696099 25.736 -100.00 -100.00 -100.00
 271    28.524 57339.22481646 20.41 294.162516   7.703649 10.274  271.33  276.38  271.89
 271    27.457 57339.22481705 26.32 294.163428   7.701152 23.457 -100.00 -100.00 -100.00
 271    27.543 57339.22481764 28.34 294.164339   7.698655 31.898 -100.00 -100.00 -100.00
 271    28.720 57339.22481823 27.84 294.165251   7.696159 25.703 -100.00 -100.00 -100.00
 272    28.384 57349.14046501 17.54 294.161550   7.704944  4.704  271.62  275.82  271.11
 272    27.376 57349.14046560 18.45 294.162462   7.702447  6.904  271.62  275.82  271.11
 272    27.311 57349.14046619 26.14 294.163374   7.699950 21.175  271.62  275.82  271.11
 272    27.926 57349.14046678 26.21 294.164285   7.697453 16.463 -100.00 -100.00 -100.00
 273    27.180 57359.05611099 19.41 294.162873   7.703142  8.183  270.36  275.83  271.91
 273    27.316 57359.05611158 25.79 294.163785   7.700646 18.353  270.36  275.83  271.91
 273    27.725 57359.05611217 25.92 294.164697   7.698149 16.194 -100.00 -100.00 -100.00
 274    24.653 57368.97175300 28.49 294.162923   7.704887 22.391  274.49  277.13  273.19
 274    24.853 57368.97175359 29.16 294.163835   7.702391 21.952  274.49  277.13  273.19
 274    27.251 57368.97175418 28.54 294.164747   7.699894 18.446  274.49  277.13  273.19
 274    27.551 57368.97175477 34.03 294.165659   7.697397   -100 -100.00 -100.00 -100.00
 275    24.714 57378.88739295 21.57 294.163525   7.705407 10.526 -100.00 -100.00 -100.00
 275    26.977 57378.88739354 20.16 294.164437   7.702910  7.751 -100.00 -100.00 -100.00
 275    27.270 57378.88739413 26.10 294.165349   7.700414 22.261 -100.00 -100.00 -100.00
 275    27.380 57378.88739472 28.16 294.166261   7.697917 28.284 -100.00 -100.00 -100.00
 276    22.409 57388.80303173 23.12 294.165303   7.706605 18.137  281.02  281.85  279.54
 276    22.625 57388.80303232 21.28 294.166215   7.704108 11.991  281.02  281.85  279.54
 276    27.254 57388.80303291 18.47 294.167126   7.701611  7.423  281.02  281.85  279.54
 276    27.466 57388.80303350 26.56 294.168038   7.699115 26.657  281.02  281.85  279.54
 277    21.973 57398.71866962 18.67 294.167982   7.709007  8.572  283.73  284.32  282.46
 277    25.703 57398.71867021 17.64 294.168894   7.706510  7.689  283.73  284.32  282.46
 277    26.933 57398.71867080 16.57 294.169806   7.704013  5.613  283.73  284.32  282.46
 277    27.314 57398.71867139 17.76 294.170718   7.701517  7.423  283.73  284.32  282.46
 278    20.976 57408.63430659 19.76 294.170366   7.712002 10.320  283.36  284.33  282.87
 278    26.318 57408.63430718 18.05 294.171277   7.709505  6.647 -100.00 -100.00 -100.00
 278    26.186 57408.63430777 18.63 294.172189   7.707009  8.694 -100.00 -100.00 -100.00
 278    26.581 57408.63430836 18.02 294.173101   7.704512  7.639 -100.00 -100.00 -100.00
 279    25.154 57418.54996047 20.45 294.167664   7.709731 11.608  279.28  279.88  278.14
 279    20.221 57418.54996106 21.70 294.168575   7.707234 12.760  279.28  279.88  278.14
 279    20.148 57418.54996165 20.09 294.169487   7.704738  9.608  279.28  279.88  278.14
 279    26.533 57418.54996224 19.46 294.170399   7.702241  8.102  279.28  279.88  278.14
 280    20.506 57428.46561180 21.15 294.164925   7.706736 10.348 -100.00 -100.00 -100.00
 280    20.423 57428.46561239 20.54 294.165837   7.704239  9.731 -100.00 -100.00 -100.00
 280    19.964 57428.46561298 21.88 294.166748   7.701743 11.997 -100.00 -100.00 -100.00
 280    26.603 57428.46561357 26.68 294.167660   7.699246 24.556 -100.00 -100.00 -100.00
 281    20.524 57438.38126050 21.27 294.163157   7.703678 11.292 -100.00 -100.00 -100.00
 281    26.505 57438.38126109 21.89 294.164069   7.701181 13.239 -100.00 -100.00 -100.00
 281    27.079 57438.38126168 22.46 294.164980   7.698685 13.323 -100.00 -100.00 -100.00
 282    20.168 57448.29690667 22.95 294.162024   7.705370 13.344 -100.00 -100.00 -100.00
 282    19.254 57448.29690726 25.27 294.162935   7.702873 21.220 -100.00 -100.00 -100.00
 282    26.413 57448.29690785 24.20 294.163847   7.700377 16.611 -100.00 -100.00 -100.00
 282    26.724 57448.29690844 26.08 294.164758   7.697880 22.505 -100.00 -100.00 -100.00
 283    25.993 57458.21255221 19.77 294.163229   7.704544  9.332 -100.00 -100.00 -100.00
 283    26.255 57458.21255280 18.19 294.164140   7.702048  7.577 -100.00 -100.00 -100.00
 283    26.630 57458.21255339 18.21 294.165051   7.699551  7.724 -100.00 -100.00 -100.00
 283    26.668 57458.21255398 26.95 294.165963   7.697055 28.255 -100.00 -100.00 -100.00
 284    18.969 57468.12819442 42.42 294.164986   7.705642   -100 -100.00 -100.00 -100.00
 284    19.103 57468.12819501 47.20 294.165898   7.703145   -100 -100.00 -100.00 -100.00
 284    19.093 57468.12819560 50.39 294.166809   7.700649   -100 -100.00 -100.00 -100.00
 284    18.694 57468.12819619 52.74 294.167721   7.698152 24.200 -100.00 -100.00 -100.00
 285    19.224 57478.04383243 46.30 294.166807   7.707772   -100  286.73  287.06  284.26
 285    19.190 57478.04383302 48.51 294.167719   7.705275  0.772  286.73  287.06  284.26
 285    19.097 57478.04383361 52.78 294.168630   7.702779   -100  286.73  287.06  284.26
 285    19.089 57478.04383420 55.45 294.169542   7.700282   -100  286.73  287.06  284.26
 286    19.448 57487.95946734 33.27 294.167918   7.709430   -100  287.61  288.04  285.24
 286    19.372 57487.95946793 34.47 294.168829   7.706933   -100  287.61  288.04  285.24
 286    19.289 57487.95946852 34.67 294.169741   7.704437   -100 -100.00 -100.00 -100.00
 286    19.255 57487.95946911 38.55 294.170653   7.701940  5.104 -100.00 -100.00 -100.00
 287    24.965 57497.87510045 15.75 294.169498   7.710950  5.724 -100.00 -100.00 -100.00
 287    25.458 57497.87510104 15.60 294.170409   7.708453  4.690 -100.00 -100.00 -100.00
 287    21.807 57497.87510163 15.64 294.171321   7.705957  4.696 -100.00 -100.00 -100.00
 287    24.719 57497.87510222 15.43 294.172233   7.703460  4.695 -100.00 -100.00 -100.00
 288    23.326 57507.79074006 24.51 294.169872   7.712264 13.282  273.35  279.16  276.65
 288    23.584 57507.79074065 24.21 294.170784   7.709767 12.673  273.35  279.16  276.65
 288    23.513 57507.79074124 31.50 294.171696   7.707271   -100  273.35  279.16  276.65
 288    24.198 57507.79074183 31.42 294.172607   7.704774 20.907  273.35  279.16  276.65
 289    26.842 57517.70639712 15.32 294.167472   7.708064  3.744  273.94  279.36  276.70
 289    27.012 57517.70639771 15.30 294.168384   7.705567  3.183  273.94  279.36  276.70
 289    27.563 57517.70639830 15.79 294.169296   7.703071  3.712  273.94  279.36  276.70
 289    27.688 57517.70639889 19.27 294.170207   7.700574  7.360  273.94  279.36  276.70
 290    26.866 57527.62205069 18.33 294.165551   7.707565  8.216  273.42  278.49  274.32
 290    26.985 57527.62205128 17.60 294.166463   7.705068  7.054  273.42  278.49  274.32
 290    27.236 57527.62205187 17.05 294.167374   7.702572  5.446 -100.00 -100.00 -100.00
 290    27.712 57527.62205246 19.66 294.168286   7.700075  8.987 -100.00 -100.00 -100.00
 291    27.627 57537.53770174 25.79 294.164562   7.706036 20.000 -100.00 -100.00 -100.00
 291    27.983 57537.53770233 20.83 294.165474   7.703539  9.253 -100.00 -100.00 -100.00
 291    27.983 57537.53770292 26.38 294.166386   7.701043 19.597 -100.00 -100.00 -100.00
 291    28.549 57537.53770351 28.24 294.167297   7.698546 18.030 -100.00 -100.00 -100.00
 292    28.747 57547.45335027 22.05 294.163762   7.703399  6.040  265.48  271.62  265.15
 292    29.118 57547.45335086 24.52 294.164674   7.700902  9.481 -100.00 -100.00 -100.00
 292    29.373 57547.45335145 27.82 294.165585   7.698406 14.590 -100.00 -100.00 -100.00
 293    29.591 57557.36899647 24.73 294.162543   7.703177  8.787 -100.00 -100.00 -100.00
 293    29.730 57557.36899706 23.47 294.163455   7.700680  6.173 -100.00 -100.00 -100.00
 293    29.802 57557.36899765 31.42 294.164367   7.698183 22.129 -100.00 -100.00 -100.00
 294    30.503 57567.28464099 32.45 294.162229   7.704901 24.216 -100.00 -100.00 -100.00
 294    30.411 57567.28464158 35.08 294.163141   7.702404   -100 -100.00 -100.00 -100.00
 294    30.720 57567.28464217 36.91 294.164053   7.699907   -100 -100.00 -100.00 -100.00
 294    31.096 57567.28464276 39.02 294.164964   7.697411   -100 -100.00 -100.00 -100.00
 295    31.954 57577.20028506 54.73 294.163554   7.705434  4.402  239.28  251.00  238.21
 295    31.678 57577.20028565 55.78 294.164465   7.702937 31.551 -100.00 -100.00 -100.00
 295    31.689 57577.20028624 56.78 294.165377   7.700440   -100 -100.00 -100.00 -100.00
 295    31.838 57577.20028683 56.58 294.166289   7.697944 14.106 -100.00 -100.00 -100.00
 296    32.591 57587.11592755 46.26 294.164574   7.707116   -100 -100.00 -100.00 -100.00
 296    32.411 57587.11592814 47.21 294.165485   7.704619  2.829 -100.00 -100.00 -100.00
 296    32.731 57587.11592873 49.36 294.166397   7.702122   -100 -100.00 -100.00 -100.00
 296    32.752 57587.11592932 49.43 294.167309   7.699625   -100 -100.00 -100.00 -100.00
 297    32.726 57597.03156836 33.73 294.165726   7.705623 14.991 -100.00 -100.00 -100.00
 297    32.532 57597.03156895 38.18 294.166638   7.703126 29.597 -100.00 -100.00 -100.00
 297    32.793 57597.03156954 36.82 294.167549   7.700629 23.292 -100.00 -100.00 -100.00
 297    33.072 57597.03157013 39.81 294.168461   7.698132 31.488 -100.00 -100.00 -100.00
