-334491.959   202.497     0.00   16.34
-334202.516   205.599    10.72   15.53
-333913.071   207.915     8.00   14.15
-333623.623   210.149     7.72   12.00
-333334.173   210.985     2.89   11.03
-333044.720   211.821     2.89    9.54
-332755.265   215.872    13.99   12.16
-332465.807   218.735     9.89   12.71
-332176.346   222.178    11.90   14.51
-331886.883   224.676     8.63   14.97
-331597.418   229.921    18.12   17.44
-331307.949   233.444    12.17   15.17
-331018.479   233.628     0.64   15.52
-330729.005   234.890     4.36   15.37
-330439.529   235.058     0.58   15.77
-330150.051   234.635    -1.46   16.70
-329860.570   235.304     2.31   16.94
-329571.086   232.752    -8.82   15.11
-329281.600   232.200    -1.91   14.90
-328992.111   231.804    -1.37   16.03
-328702.620   231.954     0.52   15.39
-328413.126   233.477     5.26   15.59
-328123.630   233.252    -0.78   16.03
-327834.131   229.974   -11.32   13.56
-327544.629   228.304    -5.77   13.45
-327255.125   228.754     1.56   15.27
-326965.618   231.054     7.94   15.66
-326676.109   232.771     5.93   15.91
-326386.597   239.231    22.31   20.57
-326097.082   245.097    20.26   22.13
-325807.565   252.138    24.32   22.70
-325518.604   257.614    18.95   23.79
-325229.642   260.083     8.54   22.23
-324940.676   259.354    -2.52   22.97
-324651.708   256.597    -9.54   24.82
-324362.738   250.494   -21.12   25.25
-324073.765   243.910   -22.78   25.12
-323784.789   240.521   -11.73   19.76
-323495.811   239.721    -2.77   19.56
-323206.830   242.154     8.42   21.81
-322917.847   246.838    16.21   23.41
-322628.861   253.214    22.06   21.83
-322339.872   258.204    17.27   21.92
-322050.881   263.614    18.72   19.12
-321761.887   266.521    10.06   18.77
-321472.891   270.804    14.82   16.70
-321183.892   272.183     4.77   16.09
-320894.890   274.545     8.17   14.12
-320605.886   275.631     3.76   13.98
-320316.880   274.772    -2.97   15.33
-320027.870   272.356    -8.36   16.80
-319738.858   266.438   -20.47   22.55
-319449.844   260.089   -21.97   25.41
-319160.827   256.719   -11.66   28.81
-318871.807   249.982   -23.31   31.73
-318582.785   244.554   -18.78   34.53
-318293.760   240.821   -12.92   38.17
-318004.732   239.393    -4.94   41.46
-317715.702   237.994    -4.84   44.53
-317426.669   237.735    -0.89   45.22
-317137.634   232.038   -19.71   43.07
-316848.596   223.526   -29.45   42.80
-316559.555   215.252   -28.62   42.16
-316270.512   201.371   -48.02   38.01
-315981.466   195.839   -19.14   34.38
-315692.418   196.067     0.79   33.61
-315403.366   203.904    27.11   38.94
-315114.313   205.482     5.46   40.99
-314825.256   212.338    23.72   41.65
-314536.198   222.062    33.64   39.18
-314247.136   229.736    26.55   36.01
-313958.072   242.149    42.94   37.83
-313669.005   243.690     5.33   40.24
-313379.935   254.688    38.04   38.37
-313090.863   265.287    36.66   33.33
-312801.789   273.976    30.06   26.23
-312512.711   273.942    -0.12   26.05
-312223.631   272.538    -4.86   25.60
-311934.549   269.957    -8.93   20.97
-311645.463   266.109   -13.31   21.04
-311356.376   265.338    -2.67   21.87
-311067.285   267.330     6.89   22.34
-310778.192   266.526    -2.78   22.91
-310489.096   268.054     5.29   20.06
-310199.998   268.160     0.36   20.45
-309910.896   269.400     4.29   20.69
-309621.793   269.907     1.75   22.90
-309332.686   270.126     0.76   22.17
-309043.577   270.097    -0.10   22.83
-308754.466   273.542    11.92   24.66
-308465.351   274.494     3.29   24.14
-308176.234   278.228    12.92   26.12
-307887.115   281.400    10.97   25.66
-307597.992   287.571    21.34   22.91
-307308.867   293.224    19.55   22.17
-307019.740   298.114    16.91   19.01
-306730.609   302.109    13.82   17.86
-306441.476   304.649     8.78   16.88
-306152.341   304.597    -0.18   14.98
-305863.203   309.971    18.59   20.11
-305574.062   320.584    36.70   27.11
-305284.918   337.257    57.66   40.51
-304995.772   357.553    70.19   54.14
-304706.623   381.421    82.54   67.86
-304417.471   407.196    89.14   79.96
-304128.317   428.724    74.45   82.95
-303839.160   447.888    66.27   80.33
-303550.000   469.771    75.67   79.43
-303260.838   492.245    77.72   75.48
-302971.673   509.260    58.84   72.24
-302682.506   531.421    76.63   76.51
-302393.335   565.160   116.67   91.63
-302104.162   601.128   124.37  101.55
-301814.987   633.838   113.11  107.80
-301525.808   654.678    72.06  103.17
-301236.627   680.753    90.16  105.77
-300947.443   698.235    60.45  109.22
-300658.257   721.526    80.54  110.76
-300369.068   739.718    62.90  108.98
-300079.876   772.959   114.94  112.96
-299790.682   791.459    63.97  116.38
-299501.484   807.700    56.16  115.33
-299212.285   825.788    62.54  106.54
-298923.082   842.499    57.78  102.01
-298633.877   880.171   130.25  101.92
-298344.669   898.375    62.94   94.73
-298055.458   930.838   112.24   99.31
-297766.245   972.138   142.79  101.50
-297477.029  1010.957   134.21   98.71
-297187.810  1056.721   158.23   84.04
-296898.589  1103.857   162.97   80.76
-296609.364  1145.752   144.85   86.09
-296320.138  1181.735   124.40   98.20
-296030.908  1211.904   104.30  105.17
-295741.676  1257.321   157.02  104.79
-295452.441  1290.356   114.21   94.70
-295163.203  1318.454    97.14   98.77
-294873.963  1343.528    86.68   95.46
-294584.719  1374.188   105.99  101.34
-294295.474  1420.004   158.39  117.36
-294006.225  1453.538   115.93  131.57
-293716.974  1497.804   153.03  127.35
-293427.720  1534.028   125.22  107.57
-293138.463  1559.454    87.90   94.09
-292849.204  1581.838    77.38   84.59
-292559.941  1578.821   -10.43  100.82
-292270.677  1582.247    11.84  108.93
-291981.409  1584.470     7.68  105.28
-291692.139  1586.959     8.60  106.61
-291402.866  1587.768     2.79  111.13
-291113.590  1585.182    -8.94  110.35
-290824.311  1602.838    61.03  101.19
-290535.030  1607.621    16.53  109.08
-290245.746  1619.269    40.26  107.44
-289956.459  1640.049    71.83   96.75
-289667.170  1651.521    39.65   84.87
-289377.878  1668.356    58.19   64.85
-289088.583  1668.304    -0.18   57.41
-288799.285  1661.994   -21.81   50.70
-288509.985  1646.925   -52.08   47.35
-288220.681  1642.131   -16.57   43.55
-287931.376  1635.787   -21.93   41.76
-287642.067  1628.493   -25.21   37.95
-287352.755  1622.580   -20.44   33.77
-287063.441  1619.465   -10.76   34.98
-286774.124  1621.910     8.45   40.79
-286484.805  1627.041    17.73   44.82
-286195.482  1629.386     8.10   46.43
-285906.157  1635.550    21.30   46.30
-285616.829  1637.041     5.15   43.16
-285327.499  1635.733    -4.52   43.64
-285038.165  1632.649   -10.66   44.21
-284748.829  1627.754   -16.91   44.91
-284459.490  1621.554   -21.43   47.06
-284170.148  1607.740   -47.74   48.74
-283880.804  1595.285   -43.04   47.19
-283591.457  1579.571   -54.31   46.44
-283302.107  1566.732   -44.37   48.29
-283012.754  1554.870   -40.99   49.07
-282723.398  1541.991   -44.51   50.14
-282434.040  1526.204   -54.55   54.90
-282144.679  1511.614   -50.42   59.94
-281855.315  1490.373   -73.40   67.60
-281565.949  1470.504   -68.66   83.72
-281276.579  1424.872  -157.69   89.12
-280987.207  1392.031  -113.49   89.90
-280697.832  1354.516  -129.63   93.08
-280408.454  1311.268  -149.45   94.96
-280119.074  1279.025  -111.42   95.06
-279829.691  1228.166  -175.74  106.02
-279540.305  1191.133  -127.97  103.55
-279250.916  1149.321  -144.47   96.73
-278961.524  1105.356  -151.92   80.83
-278672.130  1076.356  -100.20   75.17
-278382.733  1044.425  -110.33   72.07
-278093.333  1024.538   -68.71   61.55
-277803.930  1016.279   -28.54   55.42
-277514.524  1013.954    -8.03   53.59
-277225.116  1009.190   -16.46   59.18
-276935.705  1013.114    13.56   66.05
-276646.291  1016.938    13.21   65.18
-276356.874  1022.669    19.80   58.50
-276067.454  1037.088    49.82   65.95
-275778.032  1061.160    83.17   81.45
-275488.607  1097.890   126.90  101.12
-275199.179  1147.014   169.72  104.26
-274909.748  1198.215   176.89   99.04
-274620.315  1242.887   154.34   82.90
-274330.878  1281.097   132.01   69.02
-274041.439  1318.038   127.62   62.54
-273751.997  1350.545   112.31   65.23
-273462.552  1373.971    80.93   57.81
-273173.105  1397.221    80.32   53.71
-272883.654  1414.221    58.73   49.93
-272594.201  1438.304    83.20   45.58
-272304.745  1450.666    42.70   44.24
-272015.286  1476.654    89.78   55.48
-271725.825  1498.562    75.68   59.22
-271436.360  1529.051   105.32   70.69
-271146.893  1552.354    80.50   69.93
-270857.423  1575.873    81.24   67.60
-270567.950  1596.442    71.05   61.33
-270278.474  1608.611    42.04   52.18
-269988.995  1619.221    36.65   50.87
-269699.514  1623.601    15.13   59.00
-269410.030  1616.588   -24.22   71.35
-269120.543  1599.821   -57.92   88.97
-268831.053  1567.804  -110.59  112.40
-268541.560  1523.706  -152.32  129.70
-268252.064  1457.088  -230.11  135.35
-267962.566  1399.904  -197.52  122.95
-267673.065  1331.558  -236.07   98.66
-267383.560  1281.407  -173.22   86.23
-267094.054  1245.476  -124.10   73.02
-266804.544  1216.683   -99.45   56.46
-266515.031  1199.870   -58.07   46.61
-266225.516  1189.149   -37.03   48.77
-265935.997  1187.177    -6.81   58.96
-265646.476  1174.910   -42.37   53.61
-265356.952  1172.160    -9.50   62.15
-265067.425  1158.694   -46.51   72.36
-264777.896  1134.177   -84.67   78.34
-264488.363  1120.704   -46.53   78.55
-264198.828  1112.425   -28.60   83.56
-263909.289  1111.414    -3.49   81.04
-263619.748  1110.330    -3.75   77.87
-263330.665  1098.008   -42.62   70.39
-263041.736  1095.149    -9.89   75.86
-262752.805  1095.172     0.08   77.35
-262463.871  1075.604   -67.72   83.68
-262174.935  1051.698   -82.73   67.62
-261885.995  1035.499   -56.06   54.86
-261597.053  1029.154   -21.96   47.36
-261308.107  1025.438   -12.86   50.73
-261019.159  1031.718    21.73   54.19
-260730.208  1052.787    72.91   62.44
-260441.254  1075.567    78.83   69.63
-260152.298  1117.872   146.40   83.76
-259863.338  1166.708   169.00  100.06
-259574.376  1204.719   131.54  111.00
-259285.411  1241.131   126.00  105.55
-258996.442  1271.425   104.83  106.30
-258707.471  1308.976   129.94   96.00
-258418.497  1341.985   114.22   81.95
-258129.521  1362.545    71.14   69.48
-257840.541  1365.442    10.02   72.18
-257551.559  1368.338    10.02   84.30
-257262.573  1373.631    18.32  100.12
-256973.585  1366.466   -24.79  117.07
-256684.594  1365.238    -4.25  131.00
-256395.600  1349.588   -54.15  156.10
-256106.603  1342.172   -25.66  158.88
-255817.603  1326.511   -54.19  165.80
-255528.601  1286.604  -138.08  170.80
-255239.595  1248.138  -133.09  170.25
-254950.587  1205.804  -146.47  168.15
-254661.576  1174.304  -108.99  159.21
-254372.562  1127.821  -160.82  156.16
-254083.545  1103.172   -85.28  144.82
-253794.525  1071.571  -109.33  138.53
-253505.502  1044.231   -94.59  125.77
-253216.476  1023.631   -71.27  104.69
-252927.448  1010.228   -46.37   81.93
-252638.416  1011.638     4.88   69.48
-252349.382  1016.654    17.36   64.91
-252060.345  1033.262    57.45   76.97
-251771.305  1060.477    94.15  106.34
-251482.262  1083.754    80.53  114.82
-251193.216  1106.907    80.10  121.24
-250904.167  1139.021   111.10  131.43
-250615.115  1154.287    52.81  136.51
-250326.060  1165.671    39.38  131.60
-250037.003  1161.238   -15.34  122.67
-249747.943  1168.296    24.42  116.66
-249458.879  1170.700     8.32  104.94
-249169.813  1169.768    -3.22   84.02
-248880.744  1172.247     8.57   77.05
-248591.672  1182.921    36.92   76.84
-248302.597  1204.353    74.14   78.92
-248013.519  1226.516    76.66   73.76
-247724.438  1245.235    64.75   69.23
-247435.354  1262.488    59.68   61.51
-247146.268  1276.545    48.62   50.59
-246857.178  1282.034    18.99   44.05
-246568.086  1283.907     6.48   35.32
-246278.990  1287.252    11.57   33.90
-245989.892  1286.494    -2.62   32.48
-245700.791  1286.371    -0.42   30.55
-245411.687  1285.018    -4.68   26.03
-245122.580  1283.907    -3.84   20.83
-244833.469  1289.588    19.65   21.14
-244544.357  1294.393    16.62   23.18
-244255.241  1299.804    18.72   22.69
-243966.122  1309.542    33.68   29.86
-243677.000  1319.041    32.85   40.00
-243387.875  1339.628    71.20   62.57
-243098.748  1350.107    36.24   67.70
-242809.617  1373.504    80.92   83.96
-242520.484  1377.735    14.63   68.20
-242231.347  1382.418    16.20   58.61
-241942.208  1380.313    -7.28   46.64
-241653.066  1379.991    -1.11   42.01
-241363.921  1378.702    -4.45   45.33
-241074.772  1375.910    -9.66   56.27
-240785.621  1358.871   -58.93   60.91
-240496.467  1343.719   -52.40   60.05
-240207.310  1335.450   -28.60   64.36
-239918.150  1322.088   -46.21   59.04
-239628.987  1303.946   -62.74   51.33
-239339.821  1295.279   -29.97   54.10
-239050.653  1289.183   -21.08   52.02
-238761.481  1281.133   -27.84   58.17
-238472.306  1270.584   -36.48   61.84
-238183.128  1254.304   -56.29   68.68
-237893.948  1243.338   -37.92   71.97
-237604.764  1230.562   -44.18   75.31
-237315.578  1210.338   -69.93   72.48
-237026.388  1184.545   -89.18   55.40
-236737.196  1163.038   -74.37   46.49
-236448.000  1150.821   -42.24   41.22
-236158.802  1137.907   -44.65   33.08
-235869.600  1131.919   -20.70   31.06
-235580.396  1128.974   -10.19   25.53
-235291.189  1127.738    -4.27   22.79
-235001.978  1128.696     3.31   25.74
-234712.765  1123.011   -19.66   28.31
-234423.549  1119.114   -13.47   29.89
-234134.329  1113.109   -20.76   27.55
-233845.107  1109.280   -13.24   23.54
-233555.882  1108.476    -2.78   25.71
-233266.654  1109.454     3.38   29.60
-232977.423  1115.407    20.58   36.77
-232688.189  1117.526     7.32   35.47
-232398.952  1116.221    -4.51   35.86
-232109.711  1117.154     3.23   36.41
-231820.468  1121.371    14.58   42.00
-231531.222  1118.597    -9.59   40.46
-231241.973  1117.538    -3.66   45.68
-230952.721  1107.528   -34.60   38.67
-230663.466  1099.428   -28.00   29.74
-230374.208  1096.395   -10.48   23.52
-230084.947  1091.435   -17.15   17.78
-229795.683  1090.218    -4.21   16.03
-229506.416  1093.571    11.59   19.25
-229217.146  1107.754    49.03   42.93
-228927.873  1119.126    39.31   49.88
-228638.597  1129.988    37.55   51.61
-228349.318  1142.976    44.90   56.23
-228060.036  1149.035    20.94   61.74
-227770.751  1156.104    24.44   70.14
-227481.463  1155.925    -0.62   73.81
-227192.172  1152.554   -11.65   72.42
-226902.878  1146.218   -21.90   68.54
-226613.581  1141.407   -16.63   65.57
-226324.281  1136.131   -18.24   53.14
-226034.977  1128.856   -25.15   41.32
-225745.671  1125.608   -11.22   37.27
-225456.362  1119.821   -20.00   31.77
-225167.050  1118.058    -6.09   33.44
-224877.735  1111.910   -21.25   24.52
-224588.417  1108.921   -10.33   20.72
-224299.096  1105.305   -12.50   17.55
-224009.771  1100.482   -16.67   13.51
-223720.444  1098.954    -5.28   13.83
-223431.114  1098.576    -1.31   13.54
-223141.781  1098.465    -0.38   12.64
-222852.444  1096.721    -6.03   10.22
-222563.105  1096.371    -1.21   10.67
-222273.762  1100.708    14.99   17.94
-221984.417  1102.997     7.91   19.57
-221695.069  1109.371    22.03   27.13
-221405.717  1114.000    16.00   26.43
-221116.363  1126.353    42.69   34.48
-220827.005  1136.804    36.12   36.49
-220537.644  1142.821    20.79   39.18
-220248.281  1153.356    36.40   40.39
-219958.914  1164.459    38.37   37.24
-219669.544  1167.228     9.57   38.71
-219380.172  1171.338    14.20   36.50
-219090.796  1170.982    -1.23   35.35
-218801.417  1167.735   -11.22   33.33
-218512.035  1162.562   -17.87   28.41
-218222.650  1163.994     4.94   26.40
-217933.262  1175.821    40.87   35.43
-217643.871  1189.149    46.05   47.19
-217354.477  1199.907    37.17   49.44
-217065.080  1208.769    30.62   48.42
-216775.680  1215.700    23.95   49.30
-216486.277  1224.080    28.95   53.00
-216196.870  1217.208   -23.74   57.11
-215907.461  1202.601   -50.47   67.14
-215618.048  1171.719  -106.70   78.63
-215328.633  1145.511   -90.55   84.45
-215039.214  1111.769  -116.58   92.80
-214749.793  1075.471  -125.41   88.28
-214460.368  1049.354   -90.23   69.33
-214170.940  1031.418   -61.97   56.65
-213881.509  1020.049   -39.28   48.67
-213592.076  1023.438    11.71   52.72
-213302.639  1031.312    27.21   53.12
-213013.199  1040.188    30.66   55.74
-212723.755  1037.904    -7.89   56.37
-212434.309  1030.550   -25.41   54.61
-212144.860  1016.143   -49.77   47.34
-211855.408  1009.431   -23.19   37.52
-211565.952  1004.054   -18.57   32.36
-211276.494  1004.211     0.54   29.20
-210987.032  1007.361    10.88   25.14
-210697.567  1008.906     5.34   20.73
-210408.100  1009.893     3.41   23.20
-210118.629  1008.058    -6.34   25.46
-209829.155  1003.114   -17.08   28.35
-209539.678   994.001   -31.48   30.22
-209250.198   988.228   -19.94   29.81
-208960.715   980.373   -27.13   25.99
-208671.228   978.131    -7.74   25.10
-208381.739   977.700    -1.49   22.30
-208092.246   980.721    10.43   29.14
-207802.751   984.104    11.69   31.23
-207513.252   990.575    22.35   33.79
-207223.750  1000.614    34.68   33.84
-206934.246  1008.356    26.74   35.55
-206644.738  1016.471    28.03   33.53
-206355.226  1027.753    38.97   30.77
-206065.712  1030.821    10.60   28.19
-205776.195  1036.049    18.06   27.59
-205486.675  1041.959    20.41   23.87
-205197.151  1044.407     8.46   24.34
-204907.624  1046.116     5.90   26.77
-204618.095  1051.313    17.95   28.61
-204328.562  1052.976     5.74   28.00
-204039.026  1054.454     5.11   31.86
-203749.487  1056.873     8.35   35.84
-203459.945  1056.538    -1.16   39.91
-203170.399  1062.588    20.89   47.52
-202880.851  1065.121     8.75   53.71
-202591.299  1075.018    34.18   61.84
-202301.745  1084.425    32.49   64.80
-202012.187  1083.821    -2.08   68.63
-201722.626  1081.407    -8.34   82.40
-201433.062  1069.542   -40.97   88.09
-201143.824  1059.388   -35.11   95.12
-200854.929  1054.228   -17.86   95.55
-200566.032  1065.097    37.62  101.37
-200277.131  1087.625    77.97  107.31
-199988.228  1119.221   109.36  107.34
-199699.321  1146.787    95.41   97.59
-199410.411  1174.362    95.44   86.14
-199121.498  1208.131   116.88   64.99
-198832.582  1228.735    71.31   62.40
-198543.663  1240.288    39.98   65.80
-198254.740  1246.718    22.25   64.98
-197965.815  1248.149     4.95   70.29
-197676.886  1249.321     4.06   71.50
-197387.955  1235.511   -47.80   63.44
-197099.020  1224.925   -36.64   47.99
-196810.082  1214.533   -35.96   46.05
-196521.141  1209.526   -17.33   50.21
-196232.196  1211.218     5.85   49.23
-195943.249  1207.071   -14.35   52.74
-195654.298  1204.607    -8.53   48.81
-195365.345  1196.080   -29.51   52.52
-195076.388  1185.499   -36.62   54.19
-194787.428  1186.771     4.40   58.08
-194498.465  1189.676    10.05   77.28
-194209.499  1194.089    15.27   90.91
-193920.529  1210.855    58.02  108.92
-193631.557  1233.347    77.83  109.42
-193342.581  1255.408    76.34  102.88
-193053.602  1259.739    14.99   94.93
-192764.620  1257.109    -9.10   96.49
-192475.635  1237.109   -69.20  103.01
-192186.647  1197.375  -137.49  114.00
-191897.655  1161.346  -124.67  119.62
-191608.661  1110.054  -177.47  121.34
-191319.663  1065.757  -153.27  120.11
-191030.662  1022.126  -150.96  105.08
-190741.658   988.946  -114.80   96.59
-190452.651   966.702   -76.96   96.70
-190163.641   930.494  -125.28  111.97
-189874.627   926.018   -15.49  118.52
-189585.610   925.719    -1.03  120.98
-189296.590   924.821    -3.11  120.31
-189007.567   914.597   -35.37  110.13
-188718.541   891.907   -78.50  109.02
-188429.512   868.362   -81.46  118.28
-188140.479   830.787  -130.00  134.82
-187851.444   781.421  -170.79  138.61
-187562.405   735.207  -159.88  149.29
-187273.363   716.614   -64.32  158.54
-186984.317   675.706  -141.52  178.25
-186695.269   628.533  -163.20  188.53
-186406.217   600.104   -98.35  199.88
-186117.163   582.321   -61.52  193.03
-185828.105   574.700   -26.36  193.00
-185539.043   575.425     2.51  187.09
-185249.979   569.621   -20.08  190.33
-184960.912   582.982    46.22  193.05
-184671.841   573.062   -34.32  170.49
-184382.767   544.888   -97.46  150.20
-184093.690   492.959  -179.63  132.83
-183804.610   459.454  -115.90  134.05
-183515.526   398.788  -209.85  131.78
-183226.440   345.821  -183.21  124.72
-182937.350   293.690  -180.32  118.62
-182648.257   249.062  -154.36  111.79
-182359.160   205.571  -150.43   92.20
-182070.061   171.338  -118.41   74.11
-181780.958   153.542   -61.55   59.04
-181491.853   136.923   -57.48   53.68
-181202.744   132.523   -15.22   60.41
-180913.631   129.407   -10.78   63.02
-180624.516   129.071    -1.16   63.17
-180335.397   132.952    13.42   61.67
-180046.275   131.516    -4.97   56.89
-179757.150   149.378    61.78   70.60
-179468.022   170.252    72.19   84.98
-179178.890   177.562    25.28   91.27
-178889.756   202.438    86.03  109.32
-178600.618   224.200    75.26  112.01
-178311.477   241.411    59.52  121.15
-178022.332   256.562    52.40  123.51
-177733.185   269.649    45.26  136.52
-177444.034   273.890    14.67  145.33
-177154.880   269.702   -14.48  153.01
-176865.723   264.788   -16.99  154.30
-176576.562   250.373   -49.85  137.06
-176287.399   243.288   -24.50  122.27
-175998.232   244.035     2.59  103.80
-175709.061   257.618    46.97  108.55
-175419.888   292.224   119.67  115.75
-175130.711   334.788   147.18  120.98
-174841.532   372.579   130.68  117.87
-174552.349   404.857   111.61  114.14
-174263.162   450.516   157.88  124.42
-173973.973   507.719   197.80  155.31
-173684.780   565.773   200.74  166.24
-173395.584   637.337   247.45  166.12
-173106.385   689.075   178.89  151.00
-172817.182   735.126   159.23  127.67
-172527.976   751.803    57.66  111.08
-172238.767   763.133    39.17  105.86
-171949.555   746.471   -57.61  111.66
-171660.340   730.654   -54.69  127.37
-171371.121   704.149   -91.64  145.99
-171081.899   655.910  -166.78  157.69
-170792.674   608.704  -163.21  170.39
-170503.445   543.080  -226.89  165.33
-170214.214   489.247  -186.12  170.74
-169924.979   451.940  -128.98  152.67
-169635.740   426.787   -86.96  127.04
-169346.499   416.804   -34.51  103.62
-169057.254   405.407   -39.40   73.73
-168768.006   396.887   -29.46   60.30
-168478.755   397.856     3.35   51.53
-168189.500   397.354    -1.73   55.61
-167900.242   405.874    29.45   54.52
-167610.981   414.304    29.14   60.55
-167321.717   418.526    14.60   63.18
-167032.449   414.638   -13.44   69.69
-166743.179   401.254   -46.26   84.91
-166453.904   388.714   -43.35  101.19
-166164.627   356.321  -111.97  113.48
-165875.346   339.821   -57.04  112.95
-165586.062   338.313    -5.21  115.65
-165296.775   333.083   -18.08  112.30
-165007.485   335.494     8.33  107.20
-164718.191   323.921   -40.00  110.62
-164428.894   327.418    12.09  107.05
-164139.593   305.257   -76.60  124.06
-163850.290   263.188  -145.41  135.72
-163560.983   226.904  -125.41  136.19
-163271.673   173.296  -185.29  129.31
-162982.359   128.576  -154.57  101.30
-162693.042    97.321  -108.02   73.80
-162403.722    69.562   -95.94   19.53
-162114.399    63.067   -22.45    7.84
-161825.072    60.788    -7.88    6.18
-161535.742    59.363    -4.92    5.79
-161246.409    58.252    -3.84    6.41
-160957.072    57.545    -2.44    6.65
-160667.733    57.854     1.07    7.60
-160378.389    57.211    -2.22    8.15
-160089.043    56.477    -2.54    8.47
-159799.693    55.994    -1.67    8.97
-159510.340    55.448    -1.88    8.74
-159220.984    55.346    -0.35    9.54
-158931.624    53.588    -6.08   10.30
-158642.261    51.821    -6.11    9.96
-158352.895    49.295    -8.73    9.52
-158063.525    48.700    -2.05    9.02
-157774.152    49.025     1.12    9.00
-157484.776    49.008    -0.06    7.21
-157195.397    51.304     7.94    8.36
-156906.014    54.114     9.71    9.09
-156616.628    57.971    13.33    8.38
-156327.238    61.597    12.53    9.84
-156037.845    63.338     6.02    9.44
-155748.449    63.971     2.19    9.60
-155459.050    63.621    -1.21    9.30
-155169.647    61.988    -5.64    9.64
-154880.241    60.183    -6.24    9.85
-154590.832    59.143    -3.59    9.68
-154301.419    56.649    -8.62    5.44
-154012.003    56.690     0.14    4.30
-153722.584    56.936     0.85    4.51
-153433.161    58.045     3.83    5.32
-153143.735    59.442     4.83    5.97
-152854.305    61.347     6.58    6.08
-152564.873    62.771     4.92    5.78
-152275.437    64.635     6.44    5.07
-151985.997    65.671     3.58    5.10
-151696.555    67.080     4.87    5.90
-151407.108    68.137     3.65    5.35
-151117.659    69.297     4.01    4.86
-150828.206    70.821     5.27    4.99
-150538.750    71.688     2.99    4.60
-150249.291    73.045     4.69    5.63
-149959.828    74.821     6.13    6.75
-149670.362    75.269     1.55    7.13
-149380.892    75.465     0.68    7.78
-149091.419    74.624    -2.90    7.94
-148801.943    74.080    -1.88    8.37
-148512.464    73.313    -2.65    9.49
-148222.981    70.875    -8.42    9.31
-147933.495    67.652   -11.13    9.28
-147644.005    63.996   -12.63    8.98
-147354.512    61.482    -8.68    8.14
-147065.016    59.404    -7.18    7.10
-146775.516    58.218    -4.10    6.51
-146486.013    57.330    -3.07    4.91
-146196.506    58.753     4.92    5.47
-145906.997    61.821    10.60    9.34
-145617.483    64.188     8.17    9.85
-145327.967    67.593    11.76   11.21
-145038.447    71.071    12.01   11.19
-144748.924    74.839    13.01   11.68
-144459.397    77.676     9.80   14.31
-144169.867    78.454     2.69   14.49
-143880.334    76.121    -8.06   15.06
-143590.797    74.425    -5.86   15.06
-143301.257    73.032    -4.81   14.49
-143011.713    70.754    -7.86   12.97
-142722.166    67.414   -11.54    8.89
-142432.616    65.934    -5.11    6.64
-142143.062    65.414    -1.79    5.94
-141853.505    64.959    -1.57    5.06
-141563.945    65.269     1.07    4.96
-141274.381    66.045     2.68    5.66
-140984.814    67.428     4.77    5.56
-140695.243    68.028     2.07    5.97
-140405.669    68.482     1.57    5.74
-140116.092    68.295    -0.65    5.31
-139826.511    68.686     1.35    5.34
-139536.927    69.805     3.87    4.76
-139247.339    70.041     0.82    4.46
-138957.915    71.288     4.31    4.73
-138669.056    72.321     3.58    4.44
-138380.194    73.821     5.19    4.39
-138091.329    74.688     3.00    4.11
-137802.460    75.940     4.33    4.56
-137513.587    77.337     4.84    5.22
-137224.712    80.172     9.81   10.71
-136935.833    94.371    49.15   35.97
-136646.950   123.089    99.41   71.12
-136358.064   148.128    86.67   81.05
-136069.175   162.288    49.01   77.71
-135780.282   176.542    49.34   77.88
-135491.386   185.528    31.10   78.54
-135202.487   175.166   -35.87   78.63
-134913.584   158.154   -58.88   72.62
-134624.678   140.994   -59.40   64.53
-134335.768   144.542    12.28   76.10
-134046.855   160.104    53.86  101.37
-133757.939   187.838    95.99  127.14
-133469.019   200.045    42.25  130.54
-133180.095   204.252    14.56  126.34
-132891.169   202.903    -4.67  121.90
-132602.239   194.459   -29.22  117.68
-132313.305   167.454   -93.46  107.14
-132024.368   142.511   -86.33   92.41
-131735.428   122.363   -69.73   84.43
-131446.484    99.579   -78.85   71.06
-131157.537    83.371   -56.09   53.29
-130868.587    70.592   -44.23   35.85
-130579.633    60.698   -34.24    7.87
-130290.675    60.545    -0.53    7.57
-130001.714    61.753     4.18    7.35
-129712.750    63.171     4.91    7.29
-129423.783    64.034     2.99    6.56
-129134.811    64.131     0.34    5.66
-128845.837    64.671     1.87    5.70
-128556.859    64.045    -2.17    5.89
-128267.878    63.001    -3.61    6.06
-127978.893    62.188    -2.82    6.21
-127689.905    61.788    -1.38    6.23
-127400.913    61.338    -1.56    6.71
-127111.918    60.545    -2.74    6.46
-126822.919    61.204     2.28    6.78
-126533.917    61.166    -0.13    7.13
-126244.912    60.641    -1.82    8.04
-125955.903    59.001    -5.67    7.38
-125666.891    58.838    -0.56    7.09
-125377.875    58.218    -2.15    6.86
-125088.856    58.944     2.51    7.52
-124799.833    59.588     2.23    7.61
-124510.807    61.211     5.62    7.20
-124221.778    62.854     5.68    7.24
-123932.745    64.459     5.55    7.10
-123643.708    63.528    -3.22    7.39
-123354.669    62.521    -3.48    7.19
-123065.625    62.177    -1.19    6.58
-122776.578    61.388    -2.73    7.12
-122487.528    61.014    -1.29    7.63
-122198.475    61.373     1.24    7.41
-121909.417    61.856     1.67    6.95
-121620.357    63.567     5.92    6.44
-121331.293    64.444     3.03    5.61
-121042.225    64.321    -0.43    5.40
-120753.154    64.109    -0.73    4.85
-120464.080    63.571    -1.86    4.86
-120175.002    63.008    -1.95    5.38
-119885.921    62.337    -2.32    5.09
-119596.836    61.854    -1.67    5.71
-119307.747    61.047    -2.79    5.41
-119018.656    60.891    -0.54    5.76
-118729.560    60.471    -1.45    5.67
-118440.462    59.718    -2.61    5.67
-118151.359    59.313    -1.40    5.64
-117862.254    58.370    -3.26    6.22
-117573.144    58.041    -1.13    5.99
-117284.032    57.567    -1.64    5.62
-116994.916    57.964     1.37    6.41
-116705.796    57.079    -3.06    6.57
-116416.673    55.654    -4.93    6.06
-116127.546    55.654     0.00    6.37
-115838.416    55.166    -1.69    6.80
-115549.283    55.053    -0.39    6.62
-115260.146    55.238     0.64    6.77
-114971.005    55.545     1.06    6.38
-114681.861    56.788     4.30    5.35
-114392.714    56.890     0.35    4.77
-114103.563    56.994     0.36    4.18
-113814.408    56.338    -2.27    4.58
-113525.250    55.354    -3.40    4.24
-113236.089    54.154    -4.15    4.55
-112946.924    52.597    -5.39    4.66
-112657.755    50.304    -7.93    4.67
-112368.583    48.553    -6.06    5.75
-112079.408    46.787    -6.11    6.98
-111790.229    42.554   -14.63   11.27
-111501.046    39.238   -11.47   12.37
-111211.860    35.499   -12.93   13.00
-110922.671    32.035   -11.97   12.11
-110633.477    26.838   -17.97   12.91
-110344.281    22.252   -15.86   11.67
-110055.081    21.015    -4.28   11.75
-109765.877    21.838     2.85   11.95
-109476.670    21.821    -0.06   12.10
-109187.459    23.567     6.04   13.69
-108898.245    26.964    11.75   15.70
-108609.028    30.721    12.99   15.04
-108319.806    34.538    13.20   13.15
-108030.582    35.918     4.77   12.98
-107741.354    37.954     7.04   11.41
-107452.122    40.428     8.55    8.04
-107162.887    40.499     0.24    7.39
-106873.648    41.597     3.80    5.99
-106584.405    43.034     4.97    6.36
-106295.159    44.991     6.76    6.15
-106005.910    46.873     6.51    6.17
-105716.657    48.890     6.97    6.92
-105427.401    51.545     9.18    6.51
-105138.141    52.704     4.01    5.96
-104848.877    53.041     1.17    5.92
-104559.610    53.654     2.12    6.54
-104270.339    53.084    -1.97    6.66
-103981.065    51.752    -4.60    6.92
-103691.788    50.354    -4.83    6.27
-103402.506    49.448    -3.13    6.66
-103113.221    48.538    -3.15    6.15
-102823.933    48.160    -1.30    5.41
-102534.641    50.109     6.74    7.74
-102245.346    51.356     4.31    7.55
-101956.047    53.231     6.48   10.41
-101666.744    53.870     2.21    9.64
-101377.438    53.580    -1.00    6.02
-101088.128    54.923     4.64    5.96
-100798.815    58.058    10.84    9.94
-100509.498    60.071     6.96    9.90
-100220.178    64.671    15.90   12.55
 -99930.854    67.887    11.11   11.77
 -99641.527    70.554     9.22   10.34
 -99352.196    72.172     5.59    7.77
 -99062.861    72.988     2.82    7.54
 -98773.523    73.166     0.62    6.85
 -98484.181    71.887    -4.42    6.61
 -98194.836    70.279    -5.56    7.27
 -97905.487    68.654    -5.61    6.96
 -97616.135    68.494    -0.56    6.24
 -97326.779    68.874     1.31    6.39
 -97037.419    70.329     5.03    7.15
 -96748.056    70.871     1.87    7.18
 -96458.689    72.362     5.15    6.73
 -96169.319    72.511     0.51    6.81
 -95879.945    72.580     0.24    6.83
 -95590.568    71.588    -3.43    7.23
 -95301.187    70.279    -4.52    7.60
 -95011.802    69.542    -2.54    7.63
 -94722.414    70.425     3.05    9.38
 -94433.022    71.414     3.42   12.12
 -94143.627    74.166     9.51   12.38
 -93854.228    77.477    11.44   14.42
 -93564.825    79.657     7.53   13.37
 -93275.419    80.735     3.72   13.14
 -92986.009    82.092     4.69   14.75
 -92696.596    81.021    -3.70   15.19
 -92407.179    80.154    -2.99   15.28
 -92117.758    82.330     7.52   19.47
 -91828.334    83.554     4.23   20.52
 -91538.906    85.723     7.49   21.97
 -91249.475    85.252    -1.63   21.17
 -90960.040    83.971    -4.43   19.27
 -90670.602    83.149    -2.84   19.06
 -90381.159    79.838   -11.44   15.99
 -90091.714    76.838   -10.36   15.68
 -89802.264    73.397   -11.89   16.03
 -89512.811    68.545   -16.76   10.24
 -89223.355    66.698    -6.38    9.37
 -88933.894    65.542    -3.99    7.30
 -88644.431    66.188     2.23    8.34
 -88354.963    68.676     8.60   16.25
 -88065.492    68.976     1.04   13.53
 -87776.018    69.769     2.74   13.09
 -87486.539    69.671    -0.34   11.91
 -87197.057    69.407    -0.91    7.80
 -86907.572    74.428    17.34   18.15
 -86618.083    81.166    23.28   32.63
 -86328.590   104.465    80.48   67.63
 -86039.094   122.736    63.11   85.11
 -85749.594   160.329   129.85  111.91
 -85460.090   205.047   154.46  135.16
 -85170.583   246.631   143.64  138.89
 -84881.072   314.888   235.76  153.42
 -84591.557   367.088   180.30  145.95
 -84302.039   409.719   147.25  125.04
 -84012.517   445.347   123.05   92.30
 -83722.992   460.567    52.57   70.40
 -83433.463   472.756    42.10   52.68
 -83143.930   470.084    -9.23   39.40
 -82854.394   469.088    -3.44   30.28
 -82564.854   472.614    12.18   33.49
 -82275.310   479.592    24.10   45.49
 -81985.763   490.188    36.59   50.06
 -81696.212   500.279    34.85   53.42
 -81406.657   509.804    32.90   53.20
 -81117.099   518.751    30.90   51.89
 -80827.537   523.051    14.85   48.25
 -80537.971   525.238     7.55   45.16
 -80248.402   528.999    12.99   42.26
 -79958.829   536.008    24.20   44.39
 -79669.253   540.631    15.97   48.84
 -79379.673   550.347    33.55   57.12
 -79090.089   560.390    34.68   63.40
 -78800.501   569.477    31.38   68.04
 -78510.910   577.476    27.62   73.17
 -78221.315   578.683     4.17   75.07
 -77931.717   574.718   -13.69   75.90
 -77642.115   573.821    -3.10   76.15
 -77352.509   575.579     6.07   83.27
 -77062.900   585.425    33.99   93.65
 -76773.286   574.138   -38.97   97.50
 -76484.431   565.873   -28.61  102.14
 -76195.599   540.618   -87.44  120.58
 -75906.765   506.397  -118.47  120.90
 -75617.926   478.940   -95.06  120.05
 -75329.084   425.854  -183.79  110.68
 -75040.238   383.804  -145.58  102.70
 -74751.389   345.838  -131.44   97.48
 -74462.535   301.269  -154.29   86.75
 -74173.679   278.128   -80.11   76.50
 -73884.818   245.254  -113.80   54.20
 -73595.954   227.571   -61.22   40.14
 -73307.086   216.045   -39.90   32.44
 -73018.215   212.752   -11.40   33.31
 -72729.340   206.338   -22.20   26.06
 -72440.461   205.618    -2.49   22.69
 -72151.579   200.999   -15.99   24.12
 -71862.693   196.482   -15.63   29.28
 -71573.803   187.373   -31.53   38.18
 -71284.909   178.321   -31.33   43.06
 -70996.012   166.787   -39.93   42.81
 -70707.111   156.083   -37.05   47.20
 -70418.207   142.287   -47.75   50.65
 -70129.299   127.160   -52.36   48.76
 -69840.387   116.890   -35.55   43.54
 -69551.471   116.271    -2.14   44.25
 -69262.552   114.466    -6.25   44.27
 -68973.629   111.465   -10.39   43.68
 -68684.703   110.404    -3.67   41.79
 -68395.773   111.067     2.29   42.63
 -68106.839   103.045   -27.76   39.72
 -67817.901    93.754   -32.15   34.37
 -67528.960    85.571   -28.32   25.36
 -67240.015    79.111   -22.36   18.94
 -66951.066    75.390   -12.88   14.50
 -66662.114    75.121    -0.93   15.66
 -66373.157    72.207   -10.08    7.96
 -66084.198    72.411     0.71    7.81
 -65795.234    72.821     1.42    7.75
 -65506.267    72.887     0.23    7.97
 -65217.296    74.041     4.00    8.34
 -64928.322    76.250     7.64    9.49
 -64639.343    78.921     9.24    9.27
 -64350.361    80.856     6.69    8.18
 -64061.376    82.182     4.59    7.15
 -63772.386    84.471     7.92    7.58
 -63483.393    86.494     7.00   13.03
 -63194.396    86.114    -1.31   14.21
 -62905.396    84.942    -4.06   15.01
 -62616.391    83.034    -6.60   15.18
 -62327.383    81.516    -5.25   15.41
 -62038.372    77.521   -13.82    9.24
 -61749.356    74.166   -11.61    6.58
 -61460.337    72.597    -5.43    6.91
 -61171.314    71.952    -2.23    7.00
 -60882.288    72.753     2.77    8.40
 -60593.257    73.238     1.68    8.85
 -60304.223    74.107     3.01    9.66
 -60015.186    77.838    12.91   11.59
 -59726.144    82.363    15.66   15.47
 -59437.099    90.280    27.39   24.04
 -59148.050    99.575    32.16   30.82
 -58858.998   112.028    43.08   45.32
 -58569.941   121.204    31.75   50.65
 -58280.881   121.476     0.94   46.17
 -57991.817   123.038     5.40   44.41
 -57702.750   115.921   -24.62   28.19
 -57413.678   112.888   -10.49   20.02
 -57124.603   109.772   -10.78   12.86
 -56835.524   107.080    -9.31    8.31
 -56546.442   105.004    -7.18    6.49
 -56257.356   104.614    -1.35    7.20
 -55968.266   104.887     0.94    7.70
 -55679.172   105.154     0.93    7.52
 -55390.074   104.448    -2.44    7.43
 -55100.973   103.166    -4.44    8.07
 -54811.868   103.225     0.20    8.45
 -54522.759   103.608     1.33    8.79
 -54233.647   103.804     0.68    8.71
 -53944.530   103.434    -1.28    8.83
 -53655.410   104.631     4.14   10.05
 -53366.286   106.149     5.25   10.40
 -53077.159   109.021     9.93   10.33
 -52788.028   111.700     9.27   10.53
 -52498.893   113.592     6.54    9.96
 -52209.754   115.252     5.74    8.58
 -51920.611   116.635     4.78    7.61
 -51631.465   117.425     2.73    6.58
 -51342.315   117.204    -0.76    7.23
 -51053.161   117.450     0.85    6.28
 -50764.003   118.252     2.77    5.29
 -50474.842   119.454     4.16    4.18
 -50185.676   120.245     2.73    3.69
 -49896.507   120.313     0.23    4.10
 -49607.335   118.516    -6.21    6.86
 -49318.158   117.143    -4.75    8.61
 -49028.978   114.657    -8.60    9.58
 -48739.794   111.681   -10.29    9.50
 -48450.606   109.421    -7.81    8.30
 -48161.414   108.207    -4.20    7.32
 -47872.219   107.708    -1.72    6.30
 -47583.020   108.454     2.58    4.47
 -47293.817   108.421    -0.12    2.95
 -47004.610   108.442     0.07    2.90
 -46715.399   108.459     0.06    2.24
 -46426.185   108.538     0.27    2.31
 -46136.967   108.770     0.80    2.18
 -45847.745   108.531    -0.83    2.36
 -45558.519   108.482    -0.17    2.20
 -45269.290   108.166    -1.09    2.27
 -44980.056   108.114    -0.18    2.15
 -44690.819   108.218     0.36    2.24
 -44401.578   108.706     1.69    2.44
 -44112.333   109.528     2.84    3.04
 -43823.085   110.753     4.24    3.48
 -43533.833   112.190     4.97    4.47
 -43244.576   112.938     2.59    4.03
 -42955.316   113.805     3.00    4.39
 -42666.053   113.465    -1.17    3.11
 -42376.785   113.338    -0.44    3.30
 -42087.514   112.944    -1.36    3.09
 -41798.239   113.194     0.86    3.09
 -41508.960   113.471     0.96    2.70
 -41219.677   113.887     1.44    2.65
 -40930.390   114.434     1.89    3.05
 -40641.100   114.131    -1.05    3.88
 -40351.806   113.271    -2.97    5.23
 -40062.507   111.839    -4.95    6.85
 -39773.206   109.434    -8.31    8.23
 -39483.900   106.871    -8.86    9.53
 -39194.590   104.704    -7.49    9.28
 -38905.277   103.269    -4.96    8.20
 -38615.960   103.143    -0.44    7.92
 -38326.639   103.338     0.67    7.37
 -38037.314   102.890    -1.55    7.13
 -37747.985   101.954    -3.23    6.81
 -37458.653   101.404    -1.90    6.64
 -37169.316   100.838    -1.96    6.98
 -36879.976   100.442    -1.37    6.58
 -36590.632    99.597    -2.92    6.36
 -36301.284    98.952    -2.23    6.50
 -36011.933    98.700    -0.87    6.88
 -35722.577    97.788    -3.15    7.14
 -35433.218    96.535    -4.33    6.93
 -35143.855    93.092   -11.90   10.26
 -34854.488    87.371   -19.77   14.76
 -34565.117    81.906   -18.89   16.11
 -34275.742    76.160   -19.86   15.83
 -33986.363    72.250   -13.51   14.83
 -33696.981    69.872    -8.22   12.33
 -33407.595    67.488    -8.24   10.21
 -33118.204    67.504     0.05   10.94
 -32828.810    68.853     4.66   12.31
 -32539.413    71.940    10.67   18.33
 -32250.011    76.482    15.70   25.22
 -31960.605    80.678    14.50   26.51
 -31671.196    87.297    22.87   28.77
 -31381.783    91.888    15.86   27.13
 -31092.365    91.999     0.38   24.17
 -30802.944    90.228    -6.12   18.04
 -30513.520    90.535     1.06   12.92
 -30224.091    92.338     6.23   12.60
 -29934.658    97.597    18.17   19.10
 -29645.222   101.739    14.31   19.74
 -29355.781   109.080    25.36   20.28
 -29066.337   115.114    20.85   23.48
 -28776.889   120.356    18.11   27.58
 -28487.437   126.588    21.53   27.71
 -28197.981   131.438    16.76   29.32
 -27908.522   138.373    23.96   30.76
 -27619.058   136.771    -5.53   26.15
 -27329.590   134.089    -9.27   26.68
 -27040.119   133.735    -1.22   26.40
 -26750.644   131.088    -9.14   26.64
 -26461.165   125.688   -18.65   27.57
 -26171.682   118.547   -24.67   26.46
 -25882.195   112.178   -22.00   24.98
 -25592.704   112.004    -0.60   31.73
 -25303.209   111.459    -1.88   33.04
 -25013.711   114.611    10.89   41.55
 -24724.208   113.739    -3.01   42.70
 -24434.702   106.838   -23.84   37.54
 -24145.192    96.601   -35.36   29.66
 -23855.678    85.488   -38.38   25.52
 -23566.160    76.688   -30.40   25.05
 -23276.638    66.431   -35.43   21.36
 -22987.112    58.321   -28.01   15.32
 -22697.582    52.671   -19.51   12.00
 -22408.049    48.925   -12.94    9.51
 -22118.511    46.635    -7.91    6.45
 -21828.970    45.131    -5.19    5.89
 -21539.424    44.116    -3.51    5.29
 -21249.875    43.252    -2.98    4.87
 -20960.322    41.804    -5.00    5.49
 -20670.765    40.907    -3.10    5.32
 -20381.204    39.974    -3.22    5.20
 -20091.639    39.362    -2.11    5.20
 -19802.070    38.890    -1.63    5.84
 -19512.497    39.404     1.78    6.57
 -19222.921    39.235    -0.59    7.14
 -18933.340    39.476     0.83    7.67
 -18643.755    38.919    -1.92    8.43
 -18354.167    38.271    -2.24    8.28
 -18064.575    37.337    -3.22    8.13
 -17774.978    35.857    -5.11    7.85
 -17485.378    34.188    -5.76    6.98
 -17195.774    33.014    -4.05    6.37
 -16906.166    31.192    -6.29    6.25
 -16616.554    30.071    -3.87    7.02
 -16326.938    28.238    -6.33    7.82
 -16037.318    26.465    -6.12    8.01
 -15747.695    24.718    -6.03    7.98
 -15458.067    22.838    -6.49    8.08
 -15168.435    21.075    -6.09    8.80
 -14878.800    19.402    -5.78    8.74
 -14589.160    17.499    -6.57    7.84
 -14300.114    15.735    -6.10    6.79
 -14011.318    13.686    -7.10    6.03
 -13722.518    12.356    -4.60    4.99
 -13433.715    11.985    -1.28    4.29
 -13144.908    11.080    -3.13    4.82
 -12856.096     9.940    -3.95    6.32
 -12567.281     8.735    -4.17    7.07
 -12278.462     7.414    -4.57    7.65
 -11989.639     6.144    -4.40    8.17
 -11700.812     4.671    -5.10    7.89
 -11411.981     3.198    -5.10    7.21
 -11123.146     1.663    -5.31    6.02
 -10834.308     0.752    -3.15    4.88
 -10545.465    -0.015    -2.66    3.67
 -10256.618    -0.446    -1.49    2.63
  -9967.768    -0.884    -1.52    1.22
  -9678.913    -0.869     0.05    1.25
  -9390.055    -0.046     2.85    3.96
  -9101.192     1.768     6.28    5.72
  -8812.326     3.395     5.63    6.44
  -8523.456     5.521     7.36    6.82
  -8234.582     7.674     7.45    6.39
  -7945.703    10.221     8.82    4.89
  -7656.821    11.646     4.93    3.48
  -7367.935    11.488    -0.55    3.04
  -7079.045    11.838     1.21    3.11
  -6790.151    11.952     0.39    2.98
  -6501.253    11.504    -1.55    2.89
  -6212.352    10.787    -2.48    2.78
  -5923.446    11.356     1.97    3.83
  -5634.536    13.166     6.27    5.58
  -5345.622    15.604     8.44    7.72
  -5056.705    18.736    10.84    9.49
  -4767.783    23.515    16.54   11.48
  -4478.857    30.109    22.82   12.49
  -4189.928    37.287    24.84   13.80
  -3900.994    44.690    25.62   15.46
  -3612.057    50.245    19.23   14.78
  -3323.115    55.411    17.88   12.02
  -3034.170    59.718    14.90    9.22
  -2745.220    60.804     3.76    8.05
  -2456.267    59.287    -5.25   10.19
  -2167.310    54.919   -15.11   13.58
  -1878.348    48.264   -23.03   15.85
  -1589.383    40.925   -25.40   17.62
  -1300.414    29.058   -41.06   18.38
  -1011.440    20.121   -30.93   17.38
   -722.463    12.654   -25.84   15.29
   -433.482     6.567   -21.07   11.69
   -144.497     3.428   -10.86    8.21
    144.493     2.671    -2.62    5.97
    433.486     3.666     3.44    5.65
    722.483     5.571     6.59    5.23
   1011.484     7.649     7.19    4.23
   1300.489     9.083     4.96    2.83
   1589.498     8.971    -0.39    3.65
   1878.511     7.906    -3.69    4.87
   2167.529     6.114    -6.20    5.71
   2456.550     4.545    -5.43    6.26
   2745.575     2.559    -6.87    6.21
   3034.604     0.988    -5.44    5.57
   3323.637     0.982    -0.02    6.32
   3612.674     3.045     7.14    9.17
   3901.715     6.097    10.56   10.58
   4190.760     7.907     6.26   10.67
   4479.809    10.550     9.14   10.12
   4768.863    13.149     8.99    9.54
   5057.920    15.476     8.05    8.86
   5346.981    16.567     3.77    9.80
   5636.046    16.750     0.63    9.32
   5925.115    17.938     4.11    9.74
   6214.188    17.950     0.04    8.58
   6503.265    16.938    -3.50    7.36
   6792.347    15.904    -3.57    4.39
   7081.432    16.260     1.23    3.96
   7370.521    15.521    -2.55    4.82
   7659.614    14.269    -4.33    5.23
   7948.712    13.370    -3.11    5.23
   8237.813    13.031    -1.17    5.13
   8526.918    12.363    -2.31    5.01
   8816.028    12.330    -0.12    5.25
   9105.141    12.321    -0.03    5.18
   9394.258    12.257    -0.22    5.21
   9683.380    12.521     0.91    5.72
   9972.505    12.706     0.64    5.88
  10261.635    12.414    -1.01    6.08
  10550.768    12.252    -0.56    6.52
  10839.906    11.538    -2.47    6.50
  11129.047    10.683    -2.96    5.88
  11418.193     9.838    -2.92    5.88
  11707.343     8.511    -4.59    5.19
  11996.496     7.235    -4.41    3.97
  12285.654     6.631    -2.09    3.20
  12574.816     6.288    -1.19    2.57
  12863.982     6.165    -0.42    2.29
  13153.152     5.856    -1.07    2.43
  13442.326     6.404     1.90    2.27
  13731.504     6.873     1.62    2.22
  14020.686     6.959     0.30    2.40
  14309.872     7.149     0.66    2.33
  14599.062     7.380     0.80    2.32
  14888.256     7.499     0.41    1.83
  15177.454     7.014    -1.68    2.13
  15466.657     6.238    -2.68    2.57
  15755.863     5.172    -3.69    2.64
  16045.073     5.015    -0.54    2.43
  16334.288     4.921    -0.32    2.52
  16623.506     4.870    -0.18    2.71
  16912.729     5.269     1.38    3.00
  17201.956     6.149     3.04    2.70
  17491.187     6.889     2.56    2.56
  17780.421     7.618     2.52    2.07
  18069.660     7.918     1.04    1.67
  18358.903     7.104    -2.81    3.47
  18648.150     5.218    -6.52    4.96
  18937.401     3.838    -4.77    5.32
  19226.656     1.856    -6.85    5.40
  19515.916     0.264    -5.50    4.85
  19805.179    -1.058    -4.57    4.00
  20094.446    -2.298    -4.28    2.77
  20383.718    -2.731    -1.50    1.98
  20672.993    -3.129    -1.38    0.29
  20962.273    -2.292     2.89    2.72
  21251.557    -1.077     4.20    3.68
  21540.845     0.371     5.01    4.14
  21830.137     1.207     2.89    4.27
  22119.433     1.330     0.42    4.39
  22408.733     1.438     0.37    4.47
  22698.037     2.378     3.25    5.03
  22987.345     3.531     3.98    6.82
  23276.657     5.597     7.14    8.99
  23565.974     7.888     7.92   10.74
  23855.294    12.643    16.43   12.63
  24144.619    16.676    13.94   13.98
  24433.948    18.804     7.36   12.84
  24723.281    20.051     4.31   13.06
  25012.618    20.545     1.71   13.01
  25301.959    19.214    -4.60   11.57
  25591.304    20.754     5.32   11.29
  25880.653    19.769    -3.40    9.81
  26170.006    20.608     2.90    9.42
  26459.364    21.138     1.83    7.99
  26748.725    23.114     6.83    8.15
  27038.091    24.925     6.26    9.89
  27327.461    27.638     9.38   12.12
  27616.835    30.182     8.79   13.90
  27906.213    31.545     4.71   14.46
  28195.595    33.188     5.68   15.10
  28484.981    32.714    -1.64   13.87
  28774.372    33.649     3.23   12.94
  29063.766    33.526    -0.42   11.44
  29353.165    32.721    -2.78   11.38
  29642.568    33.579     2.96   11.32
  29931.975    34.607     3.55   11.12
  30221.386    35.121     1.78    9.91
  30510.801    35.735     2.12    7.36
  30800.220    36.932     4.14    7.14
  31089.644    38.051     3.86    6.67
  31379.071    39.054     3.47    6.58
  31668.503    41.092     7.04    6.82
  31957.939    42.716     5.61    6.07
  32247.379    43.454     2.55    5.55
  32536.823    44.533     3.73    4.61
  32826.271    44.821     1.00    4.54
  33115.723    46.371     5.35    5.16
  33405.180    47.649     4.41    6.37
  33694.640    50.143     8.62    8.25
  33984.105    54.994    16.76   10.99
  34273.574    59.034    13.96   12.43
  34563.047    60.838     6.23   11.82
  34852.525    62.166     4.59   12.52
  35142.006    63.149     3.39   14.32
  35431.492    64.321     4.05   17.96
  35720.981    63.757    -1.95   18.31
  36010.475    61.380    -8.21   16.86
  36299.973    60.538    -2.91   17.68
  36589.475    58.338    -7.60   14.10
  36878.982    56.838    -5.18   13.72
  37168.492    55.674    -4.02   13.13
  37458.007    55.138    -1.85   12.76
  37747.526    53.273    -6.44   12.55
  38037.049    52.049    -4.23   12.99
  38326.576    48.821   -11.15   12.88
  38616.107    46.464    -8.14   12.29
  38905.643    44.724    -6.01   12.06
  39195.182    42.371    -8.13   11.27
  39484.726    39.870    -8.64    8.44
  39774.274    37.062    -9.70    4.83
  40063.826    36.304    -2.62    4.65
  40353.383    35.738    -1.96    4.49
  40642.943    35.114    -2.15    4.08
  40932.508    35.952     2.89    4.37
  41222.077    36.923     3.35    4.89
  41511.650    39.338     8.34    5.93
  41801.227    41.683     8.10    7.14
  42090.808    45.269    12.38    7.35
  42380.394    48.706    11.87    8.01
  42669.984    51.976    11.29    7.61
  42959.578    55.770    13.10    8.37
  43249.176    58.356     8.93    9.19
  43538.778    61.538    10.99    9.87
  43828.385    62.631     3.77    9.60
  44117.996    62.804     0.60    9.20
  44407.611    62.104    -2.42    8.84
  44697.230    62.576     1.63    9.85
  44986.853    62.092    -1.67    9.95
  45276.481    61.221    -3.01   10.06
  45566.113    59.950    -4.39   10.21
  45855.748    58.551    -4.83   10.13
  46145.389    56.652    -6.56   10.85
  46435.033    53.388   -11.27    9.80
  46724.682    49.893   -12.07    7.24
  47014.334    47.660    -7.71    7.14
  47303.991    45.871    -6.18    7.20
  47593.653    44.149    -5.95    6.99
  47882.925    44.062    -0.30    8.50
  48171.687    43.097    -3.34    8.78
  48460.453    43.438     1.18    9.30
  48749.223    42.407    -3.57    8.20
  49037.998    41.247    -4.02    6.63
  49326.776    40.131    -3.86    5.35
  49615.559    39.511    -2.15    3.21
  49904.346    39.511     0.00    3.30
  50193.138    39.638     0.44    3.21
  50481.933    39.542    -0.33    3.16
  50770.733    39.373    -0.59    2.80
  51059.537    39.121    -0.87    2.63
  51348.345    38.804    -1.10    2.54
  51637.157    38.200    -2.09    2.45
  51925.974    38.116    -0.29    2.40
  52214.794    38.154     0.13    2.38
  52503.619    38.579     1.47    2.37
  52792.448    39.172     2.05    3.00
  53081.282    40.238     3.69    3.45
  53370.119    41.225     3.42    3.77
  53658.961    42.531     4.52    3.81
  53947.807    43.854     4.58    3.96
  54236.657    44.985     3.91    3.70
  54525.512    46.356     4.74    3.13
  54814.370    46.787     1.49    3.11
  55103.233    47.288     1.73    3.28
  55392.100    48.666     4.77    3.73
  55680.971    50.723     7.12    5.32
  55969.847    52.538     6.28    7.16
  56258.726    55.700    10.95    9.55
  56547.610    58.338     9.13   12.28
  56836.498    60.562     7.70   11.69
  57125.391    63.116     8.84   12.70
  57414.287    64.338     4.23   12.05
  57703.188    64.554     0.75    9.13
  57992.093    64.942     1.34    7.32
  58281.003    66.601     5.74    6.76
  58569.916    68.018     4.90    6.25
  58858.834    68.854     2.90    6.28
  59147.756    70.837     6.86    6.85
  59436.682    71.571     2.54    6.75
  59725.613    72.254     2.37    7.33
  60014.547    71.838    -1.44    5.81
  60303.486    72.192     1.23    5.18
  60592.429    72.575     1.33    4.62
  60881.377    73.855     4.43    5.20
  61170.329    76.008     7.45    6.33
  61459.284    78.804     9.68    6.90
  61748.245    81.471     9.23    7.81
  62037.209    85.454    13.79    8.82
  62326.178    89.075    12.53    9.76
  62615.151    93.838    16.48   10.71
  62904.128    97.874    13.97   10.66
  63193.109   100.753     9.96   10.10
  63482.095   105.011    14.73   10.45
  63771.085   107.903    10.01   10.30
  64060.079   110.459     8.84    9.25
  64349.078   110.550     0.31   10.00
  64638.080   109.631    -3.18   11.55
  64927.087   107.584    -7.09   13.09
  65216.099   105.240    -8.11   13.10
  65505.114   103.804    -4.97   11.68
  65794.134   101.985    -6.30   10.18
  66083.158   101.172    -2.81    9.26
  66372.187   102.321     3.98    9.06
  66661.219   104.702     8.24    9.35
  66950.256   108.404    12.81    9.75
  67239.297   111.657    11.25    9.77
  67528.343   114.097     8.44   11.59
  67817.392   118.888    16.57   11.76
  68106.446   122.580    12.77   12.09
  68395.505   126.740    14.39   11.46
  68684.567   129.738    10.37   10.54
  68973.634   132.188     8.48    9.97
  69262.705   135.538    11.59   10.27
  69551.781   137.235     5.87   10.47
  69840.860   138.488     4.33   11.20
  70129.944   138.735     0.85   11.27
  70419.033   139.047     1.08   12.08
  70708.125   138.702    -1.19   12.06
  70997.222   138.397    -1.06   12.18
  71286.323   139.062     2.30   12.42
  71575.429   140.442     4.77   11.46
  71864.539   141.671     4.25   10.88
  72153.653   143.138     5.07   10.22
  72442.771   144.434     4.48   10.53
  72731.894   144.584     0.52   10.82
  73021.021   143.925    -2.28   10.81
  73310.152   140.414   -12.14   11.66
  73599.288   135.397   -17.35   13.58
  73888.427   131.971   -11.85   13.34
  74177.572   128.959   -10.42   12.54
  74466.720   126.521    -8.43   10.60
  74755.873   126.601     0.28   10.00
  75045.030   128.288     5.83   10.88
  75334.192   130.477     7.57   11.01
  75623.357   132.516     7.05   11.12
  75912.527   135.228     9.38   10.57
  76201.702   138.221    10.35   11.07
  76490.880   142.088    13.37   12.22
  76780.064   147.752    19.59   15.23
  77069.251   154.100    21.95   16.94
  77358.443   160.388    21.74   16.75
  77647.639   165.838    18.85   14.24
  77936.839   169.126    11.37   12.35
  78226.044   173.097    13.73   11.98
  78515.253   176.231    10.84   11.78
  78804.466   179.092     9.89   10.79
  79093.684   181.346     7.79   10.85
  79382.906   183.649     7.96    9.98
  79672.132   187.669    13.90    9.52
  79961.363   191.083    11.81   10.62
  80250.598   195.238    14.36   10.67
  80539.837   198.938    12.79    9.83
  80829.081   203.119    14.46    7.61
  81118.329   205.200     7.19    5.49
  81407.581   206.008     2.79    4.18
  81696.838   206.100     0.32    2.93
  81986.099   204.934    -4.03    3.78
  82275.364   203.459    -5.10    4.70
  82564.634   201.071    -8.26    4.58
  82853.908   199.614    -5.04    4.53
  83143.186   198.221    -4.82    3.98
  83432.469   196.604    -5.59    3.72
  83721.756   195.378    -4.24    4.52
  84011.048   193.706    -5.78    5.49
  84300.344   192.356    -4.67    6.13
  84589.644   190.071    -7.90    7.15
  84878.949   186.907   -10.94    8.57
  85168.258   183.111   -13.12    9.33
  85457.571   179.279   -13.25    9.44
  85746.889   174.821   -15.41    9.22
  86036.211   170.631   -14.48    8.26
  86325.537   166.523   -14.20    7.55
  86614.868   163.079   -11.90    7.22
  86904.203   159.921   -10.92    7.30
  87193.542   157.240    -9.26    7.70
  87482.886   154.448    -9.65    8.03
  87772.235   151.821    -9.08    7.89
  88061.587   149.288    -8.76    7.56
  88350.944   147.154    -7.37    6.57
  88640.306   146.288    -3.00    6.66
  88929.672   145.890    -1.37    6.45
  89219.042   146.621     2.53    7.89
  89508.416   148.062     4.98    8.16
  89797.795   150.854     9.65    9.02
  90087.178   154.083    11.16    9.33
  90376.566   157.313    11.16    9.30
  90665.958   161.654    15.00    9.24
  90955.355   165.788    14.28    9.78
  91244.756   169.038    11.23    8.72
  91534.161   171.528     8.60    7.87
  91823.571   173.208     5.81    7.47
  92112.985   173.001    -0.71    7.95
  92402.403   170.923    -7.18    8.70
  92691.826   168.562    -8.16    8.69
  92981.253   166.218    -8.10    6.39
  93270.685   166.264     0.16    5.99
  93560.121   167.516     4.33    6.22
  93849.561   170.460    10.17    8.25
  94139.006   174.183    12.86   10.09
  94428.455   179.753    19.24   11.76
  94717.909   185.805    20.91   12.11
  95007.367   191.855    20.90   11.96
  95296.830   197.215    18.52   10.50
  95586.297   201.660    15.36    8.29
  95875.768   204.218     8.83    6.20
  96165.244   205.855     5.66    4.90
  96454.724   207.051     4.13    4.66
  96744.208   207.724     2.33    4.40
  97033.697   207.752     0.10    4.45
  97323.191   206.488    -4.37    6.06
  97612.689   205.262    -4.24    7.65
  97902.191   203.521    -6.01    9.45
  98191.697   202.021    -5.18   10.25
  98481.209   200.186    -6.34   11.18
  98770.724   198.004    -7.54   11.45
  99060.244   195.032   -10.27   11.88
  99349.768   192.465    -8.86   12.68
  99639.297   188.597   -13.36   12.48
  99928.831   183.919   -16.16   12.76
 100218.368   178.635   -18.25   12.35
 100507.910   172.942   -19.66   12.39
 100797.457   169.476   -11.97   11.84
 101087.008   165.686   -13.09   11.06
 101376.563   163.289    -8.28   10.96
 101666.123   161.471    -6.28   10.19
 101955.688   159.428    -7.06   10.22
 102245.256   157.425    -6.92    9.48
 102534.830   156.062    -4.70    9.04
 102824.407   154.604    -5.04    7.69
 103113.989   153.688    -3.17    6.15
 103403.576   152.966    -2.49    4.96
 103693.167   152.511    -1.57    4.45
 103982.762   153.604     3.78    4.68
 104272.362   154.260     2.26    4.57
 104561.967   156.624     8.17    6.01
 104851.575   159.262     9.11    7.13
 105141.189   161.526     7.82    7.71
 105430.806   164.380     9.86    8.48
 105720.429   168.045    12.65    9.39
 106010.055   170.952    10.04   10.15
 106299.687   175.873    16.99   10.27
 106589.322   179.854    13.75   11.24
 106878.962   184.288    15.31   11.33
 107168.607   189.459    17.85   11.01
 107458.256   192.925    11.96   10.75
 107747.909   197.442    15.60   10.46
 108037.567   201.838    15.18   10.83
 108327.230   206.459    15.96   10.45
 108616.896   211.121    16.10   10.23
 108906.568   214.614    12.06    9.52
 109196.244   219.008    15.17    8.38
 109485.924   222.592    12.37    7.71
 109775.609   226.288    12.76    6.62
 110065.140   229.329    10.50    6.28
 110353.868   231.893     8.88    5.81
 110642.600   234.538     9.16    4.93
 110931.336   236.686     7.44    4.44
 111220.077   237.837     3.99    3.52
 111508.822   238.982     3.97    2.89
 111797.572   239.388     1.40    2.54
 112086.327   239.330    -0.20    2.53
 112375.085   239.190    -0.49    2.51
 112663.849   238.254    -3.24    3.03
 112952.616   236.686    -5.43    4.10
 113241.389   234.710    -6.84    5.05
 113530.165   232.719    -6.89    5.05
 113818.946   230.838    -6.51    4.35
 114107.732   229.838    -3.46    3.49
 114396.522   229.976     0.48    3.44
 114685.316   230.854     3.04    4.06
 114974.115   232.787     6.69    4.60
 115262.919   235.454     9.24    4.15
 115551.727   237.200     6.05    4.28
 115840.539   239.194     6.90    4.05
 116129.356   241.208     6.97    4.43
 116418.177   243.454     7.78    4.57
 116707.003   245.493     7.06    4.56
 116995.834   247.242     6.06    4.10
 117284.668   248.584     4.65    3.58
 117573.508   249.738     4.00    3.17
 117862.352   250.708     3.36    3.17
 118151.200   251.257     1.90    3.06
 118440.053   251.338     0.28    2.89
 118728.910   250.754    -2.02    3.08
 119017.772   249.874    -3.05    3.54
 119306.638   248.954    -3.18    4.02
 119595.509   247.504    -5.02    4.34
 119884.384   245.710    -6.21    4.67
 120173.264   244.121    -5.50    4.81
 120462.148   242.143    -6.85    5.63
 120751.037   240.957    -4.10    6.40
 121039.930   238.080    -9.96    7.45
 121328.828   234.969   -10.77    8.44
 121617.730   231.363   -12.48    9.03
 121906.637   226.045   -18.41    9.31
 122195.548   221.562   -15.52    9.79
 122484.464   216.838   -16.35    8.67
 122773.384   214.692    -7.43    7.16
 123062.309   214.538    -0.53    6.84
 123351.238   215.708     4.05    8.04
 123640.172   218.628    10.11   10.03
 123929.110   224.304    19.64   11.48
 124218.053   230.058    19.92   10.52
 124507.000   233.904    13.31    8.55
 124795.952   236.526     9.07    5.92
 125084.909   237.804     4.42    4.11
 125373.870   237.854     0.18    3.71
 125662.835   236.787    -3.70    4.27
 125951.805   234.918    -6.47    4.69
 126240.780   233.338    -5.47    4.63
 126529.759   232.395    -3.26    4.08
 126818.742   232.034    -1.25    3.76
 127107.730   231.959    -0.26    3.72
 127396.723   232.971     3.50    3.70
 127685.720   234.252     4.43    4.06
 127974.722   236.001     6.05    4.32
 128263.728   237.550     5.36    3.73
 128552.739   238.940     4.81    3.66
 128841.754   240.028     3.77    3.86
 129130.774   241.611     5.48    3.81
 129419.798   243.192     5.47    3.78
 129708.827   244.388     4.14    3.47
 129997.861   245.305     3.17    3.33
 130286.899   246.686     4.78    3.20
 130575.942   247.476     2.74    3.02
 130864.989   248.194     2.48    3.49
 131154.040   248.771     2.00    3.86
 131443.097   249.001     0.80    4.31
 131732.157   249.166     0.57    4.63
 132021.223   249.671     1.75    5.29
 132310.293   250.252     2.01    4.84
 132599.367   250.575     1.12    4.48
 132888.446   250.395    -0.62    4.20
 133177.530   249.821    -1.98    3.68
 133466.618   248.738    -3.75    3.87
 133755.711   247.635    -3.82    3.84
 134044.808   246.438    -4.14    3.30
 134333.910   245.390    -3.62    3.06
 134623.016   244.932    -1.58    3.01
 134912.127   244.690    -0.84    3.00
 135201.243   244.245    -1.54    3.13
 135490.363   243.769    -1.64    3.23
 135779.488   242.683    -3.76    3.58
 136068.617   241.624    -3.66    3.54
 136357.751   240.639    -3.41    3.24
 136646.889   239.581    -3.66    2.71
 136936.032   238.770    -2.81    2.06
