#   15.233  -6.408  14.181 ;Mean Elev.(m), Avg Gradient(m/km), RMS Gradient(m/km) - SRTM1     
#   30.206  -6.752  15.005 ;Mean Elev.(m), Avg Gradient(m/km), RMS Gradient(m/km) - ASTER GDEM
#   15.959  -6.741  13.575 ;Mean Elev.(m), Avg Gradient(m/km), RMS Gradient(m/km) - GMTED2010 
   2 295.470162   7.757152    23.499    23.518  7 54672.42795458 33.655
   3 295.468683   7.756769    -9.709    -9.745  7 54682.34359762 14.497
   4 295.470685   7.757975    25.061    25.098  8 54692.25924003 37.778
   5 295.475275   7.759918   -35.184   -45.619  8 54702.17488038 27.090
   6 295.476070   7.760366    78.703    78.398  7 54712.09052836 25.678
   7 295.473302   7.759318    12.909    14.110  8 54722.00617874 22.192
   9 295.462564   7.752524    22.809    22.783 12 54741.83747231 47.736
  10 295.460760   7.751493    21.931    22.015 12 54751.75311924 31.106
  11 295.461291   7.751953    21.089    21.076 11 54761.66876652 28.230
  12 295.462554   7.751585    41.364    41.765 11 54771.58441125 15.884
  13 295.464587   7.753542    21.034    21.585 11 54781.50005332 26.166
  14 295.466322   7.755045    19.997    19.737  8 54791.41569245 25.207
  15 295.468203   7.756538    19.870    19.621  8 54801.33133020 29.855
  16 295.470675   7.757773    20.806    21.215  8 54811.24696783 23.971
  17 295.472793   7.758604    21.408    20.965  7 54821.16260869 25.285
  18 295.470975   7.758351    17.515    16.722  7 54831.07826050 34.956
  19 295.467446   7.756846    15.540    15.554  7 54840.99389861 48.636
  20 295.458138   7.741947    95.322   100.653  3 54850.90954393  3.481
  21 295.459091   7.752354    15.121    14.161 12 54860.82519512 30.518
  22 295.457997   7.752639    16.033    16.461 13 54870.74084419 26.711
  23 295.458553   7.751905    17.629    17.907 12 54880.65649182 21.631
  24 295.460259   7.751683    51.086    53.253 12 54890.57213628  6.416
  25 295.460523   7.752067    17.467    17.510 12 54900.48777749 21.276
  26 295.459409   7.752125    53.291    53.015 13 54910.40341618  4.540
  27 295.458974   7.751513    16.431    16.315 13 54920.31905332 22.314
  28 295.461787   7.752511    55.747    55.597 12 54930.23469055  3.563
  29 295.468136   7.756936    13.613    13.618  8 54940.15032764 44.604
  30 295.473729   7.758943    19.963    20.120  8 54950.06596258 18.910
  31 295.475981   7.760466    19.623    19.233  7 54959.98160185 17.625
  32 295.472567   7.758231    16.695    16.372  7 54969.89724958 23.494
  33 295.470487   7.758199    18.708    18.759  7 54979.81289696 18.111
  34 295.467274   7.753175    62.666    57.945  4 54989.72854307  3.002
  35 295.467667   7.756758    19.282    18.771  8 54999.64419125 16.957
  36 295.466522   7.755625    18.986    19.017  9 55009.55983642 23.536
  37 295.465359   7.753264    20.353    20.376 10 55019.47547949 26.459
  38 295.464778   7.753189    21.615    21.560 10 55029.39112158 32.632
  39 295.464283   7.752246    22.679    22.609 11 55039.30676275 34.786
  40 295.468126   7.757082    23.192    23.135  7 55049.22240414 37.337
  41 295.471843   7.757655    23.501    23.618  7 55059.13804260 34.132
  42 295.474850   7.759893    23.650    23.636  7 55069.05368256 48.771
  43 295.471528   7.757782    22.951    23.010  8 55078.96933146 33.953
  44 295.467093   7.756328    22.724    22.706  8 55088.88497860 31.528
  45 295.462423   7.752401    22.161    22.152 11 55098.80062410 41.095
  46 295.461349   7.752071    78.185    77.840 12 55108.71627023 18.308
  47 295.462934   7.753185    20.731    20.942 11 55118.63191580 21.786
  48 295.464279   7.752608    20.667    20.780 10 55128.54755854 24.013
  49 295.465000   7.752986    18.910    18.769 11 55138.46319914 31.268
  50 295.465296   7.753138    18.261    18.182 11 55148.37883790 28.880
  51 295.468012   7.757061    20.222    21.452  8 55158.29447687 21.385
  52 295.470201   7.757152    20.627    21.101  7 55168.21011476 19.822
  53 295.473271   7.758628    20.901    20.914  7 55178.12575225 23.092
  54 295.473018   7.759141    13.362    13.466  8 55188.04139708 49.686
  55 295.468785   7.757569    13.360    12.116  7 55197.95704725 32.479
  56 295.463408   7.752352    15.870    15.304 11 55207.87269580 23.441
  57 295.461410   7.751926    13.095    11.760 11 55217.78834523 25.434
  58 295.460600   7.752065    11.028    11.047 12 55227.70399422 31.212
  59 295.460460   7.751278    15.746    15.540 12 55237.61964013 22.846
  60 295.461161   7.751667    13.294    12.754 12 55247.53528270 25.466
  61 295.461061   7.752379    12.858    14.387 11 55257.45092252 24.347
  62 295.460623   7.751947    12.060    10.532 12 55267.36656084 26.003
  63 295.461602   7.752405    14.570    14.457 12 55277.28219875 21.224
  64 295.464852   7.752975    13.706    14.065 10 55287.19783569 23.911
  65 295.471656   7.758724    10.926    10.853  7 55297.11347172 42.660
  66 295.473293   7.759064    14.927    14.934  8 55307.02911276 29.055
  67 295.470681   7.757852    66.218    64.616  8 55316.94475864 19.044
  68 295.468237   7.757127    17.919    17.820  8 55326.86040369 33.161
  69 295.467183   7.756536    20.356    19.448  7 55336.77604811 32.709
  70 295.467463   7.756493    55.793    55.115  7 55346.69169227  8.669
  71 295.468068   7.756806    21.282    21.291  8 55356.60733512 27.876
  72 295.468347   7.757340    22.534    22.566  7 55366.52297577 36.094
  73 295.468629   7.757033    22.996    22.971  8 55376.43861463 30.460
  74 295.470151   7.757232    23.944    23.882  8 55386.35425255 33.673
  75 295.473358   7.759472    25.062    25.071  7 55396.26989006 49.755
  76 295.475903   7.760122    25.147    25.130  8 55406.18553138 39.810
  77 295.473443   7.758618    25.903    25.880  8 55416.10118169 53.221
  78 295.470977   7.758478    25.721    25.709  7 55426.01682912 35.236
  79 295.467871   7.756327    25.654    25.619  8 55435.93247368 38.502
  80 295.464901   7.753552    25.531    25.525 11 55445.84811713 42.574
  81 295.463953   7.753068    24.956    24.960 11 55455.76376071 46.939
  82 295.464710   7.752620    24.172    24.180 11 55465.67940376 42.595
  83 295.468690   7.756695    22.547    22.534  8 55475.59504502 30.213
  84 295.471608   7.758064    21.392    21.566  8 55485.51068242 29.985
  85 295.473130   7.758627    21.100    21.124  8 55495.42631720 28.323
  86 295.474563   7.759466    20.628    20.796  8 55505.34195147 28.654
  87 295.471492   7.758508    22.025    22.136  7 55515.25760129 26.238
  88 295.470405   7.758146    20.840    20.553  7 55525.17325054 22.813
  89 295.469087   7.757279    19.909    19.903  7 55535.08889775 50.832
  90 295.467225   7.756703    18.677    18.723  8 55545.00454316 42.350
  91 295.463701   7.752619    63.910    63.115 11 55554.92018602  9.308
  92 295.462334   7.751910    19.147    18.760 11 55564.83582906 23.553
  93 295.464124   7.752983    51.800    54.259 11 55574.75147222  7.822
  94 295.467953   7.756773    21.244    21.288  8 55584.66711456 19.473
  95 295.470750   7.757556    54.421    54.297  8 55594.58275272  5.620
  96 295.473025   7.759202    20.954    21.339  8 55604.49838752 21.748
  97 295.474545   7.759256    20.252    20.683  8 55614.41401953 23.005
  98 295.475134   7.759757    20.328    20.741  8 55624.32965806 23.799
  99 295.472257   7.758937    52.825    54.066  7 55634.24530969  7.819
 100 295.470690   7.757158    57.813    56.647  7 55644.16095901  5.155
 101 295.470679   7.757926    21.432    21.096  7 55654.07660620 17.206
 102 295.470392   7.758159    13.373    13.452  7 55663.99224891 50.542
 103 295.469046   7.757139    14.248    14.272  7 55673.90788854 32.276
 104 295.468496   7.756535    16.561    16.614  7 55683.82352705 33.692
 105 295.470912   7.757905    20.113    19.734  8 55693.73916498 20.277
 106 295.475172   7.759698    20.254    19.780  8 55703.65480169 30.972
 107 295.475737   7.760312    21.492    21.253  8 55713.57044718 31.674
 108 295.472136   7.758791    22.470    22.584  8 55723.48609566 30.529
 109 295.468470   7.757292    22.569    22.619  7 55733.40174198 29.981
 110 295.465520   7.753564    23.688    23.655 10 55743.31738645 45.816
 111 295.466665   7.755790    24.054    24.113  9 55753.23303108 33.600
 112 295.469549   7.757069    24.621    24.562  7 55763.14867339 32.903
 113 295.472350   7.758532    24.947    25.022  8 55773.06431303 38.077
 114 295.473502   7.758952    25.675    25.631  7 55782.97994903 46.552
 115 295.474591   7.759411    25.303    25.252  7 55792.89558282 36.379
 116 295.476825   7.760909    25.189    25.138  7 55802.81121848 48.675
 117 295.474743   7.760024    24.091    24.145  7 55812.72686849 34.963
 118 295.474362   7.759764    23.212    23.227  7 55822.64251706 34.235
 119 295.475015   7.759882    22.665    22.655  8 55832.55816098 42.569
 120 295.475639   7.760222    21.506    21.384  8 55842.47380038 31.048
 121 295.475985   7.760582    21.555    21.355  8 55852.38943645 29.893
 122 295.476804   7.760205    20.364    20.425  8 55862.30507068 30.911
 123 295.472542   7.759223    21.023    20.971  7 55872.22072430 26.744
 124 295.471707   7.757925    20.040    20.091  8 55882.13637331 48.175
 125 295.472879   7.758971    20.269    20.197  8 55892.05201657 49.937
 126 295.474545   7.759596    19.752    19.749  7 55901.96765428 50.252
 127 295.475877   7.760171    20.807    20.503  8 55911.88328949 28.116
 128 295.469458   7.757175    20.902    21.387  7 55921.79894326 22.544
 129 295.466716   7.755814    21.085    20.888  9 55931.71459504 24.123
 130 295.467238   7.756784    21.576    21.732  8 55941.63024348 18.879
 131 295.467533   7.756273    21.317    21.527  8 55951.54588703 20.840
 132 295.467339   7.756284    17.951    18.367  7 55961.46152670 22.439
 133 295.467235   7.756448    18.728    18.738  7 55971.37716387 20.524
 134 295.469339   7.757024    20.330    20.570  7 55981.29279987 18.196
 135 295.474594   7.759636    19.612    19.907  7 55991.20843525 25.583
 136 295.475497   7.760050    19.813    20.404  8 56001.12408084 23.970
 137 295.473063   7.758828    13.412    13.429  7 56011.03973024 48.088
 138 295.469957   7.756794    13.983    13.886  7 56020.95537579 35.717
 139 295.467686   7.757099    16.882    16.908  7 56030.87101918 47.278
 140 295.465721   7.753904    18.523    18.425  9 56040.78666008 31.222
 141 295.468015   7.756271    19.525    19.526  8 56050.70230023 41.047
 142 295.472261   7.758898    20.231    20.305  7 56060.61793793 25.941
 143 295.476260   7.760632    21.113    20.821  8 56070.53357575 29.401
 144 295.472158   7.758049    21.084    21.080  7 56080.44922547 30.926
 145 295.468439   7.756243    21.675    21.654  7 56090.36487246 27.691
 146 295.467456   7.757067    22.668    22.689  8 56100.28051768 28.841
 147 295.467974   7.756622    22.864    22.786  7 56110.19614864 34.075
 148 295.470879   7.757431    23.047    22.988  7 56120.11178855 31.534
 149 295.475226   7.760082    23.960    24.001  8 56130.02742543 42.912
 150 295.478001   7.761269    24.633    24.621  7 56139.94305906 53.466
 151 295.472876   7.758947    25.764    25.798  8 56149.85870881 41.613
 152 295.469848   7.757473    25.843    25.855  8 56159.77435769 39.388
 153 295.469607   7.757850    25.894    25.897  7 56169.69000583 38.559
 154 295.470178   7.756951    25.338    25.344  7 56179.60565022 41.470
 155 295.471572   7.758409    24.897    24.927  7 56189.52129091 50.530
 156 295.472229   7.758904    23.963    23.920  7 56199.43692803 41.758
 157 295.473757   7.759123    22.713    22.696  8 56209.35256232 35.351
 158 295.477305   7.761103    21.676    21.648  7 56219.26819521 30.380
 159 295.475943   7.759930    20.860    20.909  7 56229.18384225 43.266
 160 295.473699   7.759656    21.142    21.401  7 56239.09949544 26.940
 161 295.470799   7.757431    18.808    18.845  8 56249.01514450 49.260
 162 295.469569   7.756953    17.719    17.677  8 56258.93078941 43.169
 163 295.468825   7.756248    54.207    53.607  7 56268.84643166  5.635
 164 295.469326   7.756970    21.370    21.228  7 56278.76207272 19.510
 165 295.467302   7.756479    21.331    22.184  7 56288.67772286 20.024
 166 295.465027   7.752874    19.528    19.070 11 56298.59337116 25.348
 167 295.464686   7.753311    49.592    52.915 11 56308.50901636  7.162
 168 295.464102   7.752769    15.758    16.243 11 56318.42465851 25.604
 169 295.463557   7.751741    17.715    18.035 11 56328.34029907 24.028
 170 295.466331   7.754937    17.963    19.165  9 56338.25593967 24.532
 171 295.470974   7.758191    59.973    61.154  7 56348.17157850  3.499
 172 295.475360   7.759712    12.952    12.373  7 56358.08721418 32.207
 173 295.471907   7.758768    52.167    52.052  7 56368.00286328  5.477
 175 295.463533   7.752617    16.547    16.349 11 56387.83415510 23.326
 176 295.463382   7.751585    16.802    17.130 11 56397.74979858 21.819
 177 295.466868   7.756030    13.762    13.757  8 56407.66544111 34.982
 178 295.470386   7.757745    18.881    18.834  7 56417.58107905 24.764
 179 295.475035   7.759776    58.580    57.573  8 56427.49671225  6.276
 180 295.470080   7.757452    22.128    21.755  8 56437.41236389 19.953
 181 295.464948   7.752783    20.541    19.958 11 56447.32801347 25.968
 182 295.464085   7.753729    21.372    21.023 11 56457.24366226 25.188
 183 295.463702   7.752434    21.945    22.035 11 56467.15930741 39.523
 184 295.464896   7.752460    22.538    22.534 11 56477.07494902 50.252
 185 295.468063   7.755886    22.577    22.580  7 56486.99058799 50.593
 186 295.470899   7.758448    22.282    22.253  7 56496.90622437 29.618
 187 295.473840   7.759057    23.129    23.256  7 56506.82185932 31.636
 189 295.475293   7.760050    23.795    23.863  8 56526.65315033 34.069
 190 295.472996   7.758756    24.218    24.218  8 56536.56880050 54.034
 192 295.466854   7.755930    23.765    23.731  8 56556.40008977 53.165
 193 295.465263   7.753259    22.988    23.059 11 56566.31573151 30.100
 194 295.468148   7.756923    22.286    22.248  7 56576.23137355 29.203
 195 295.472361   7.758456    21.779    21.557  7 56586.14701204 28.505
 196 295.476168   7.760798    20.347    20.153  8 56596.06265118 26.711
 197 295.471352   7.758109    20.342    20.186  8 56605.97830254 26.256
 198 295.467677   7.756004    18.915    18.928  7 56615.89394950 32.413
 199 295.467218   7.756474    42.578    41.679  8 56625.80959393 12.827
 200 295.468395   7.756640    21.627    21.586  7 56635.72523578 18.769
 201 295.471406   7.757530    21.650    21.710  7 56645.64087606 18.970
 202 295.468357   7.756626    21.519    21.222  8 56655.55652861 18.367
 203 295.465053   7.753541    17.921    17.651 11 56665.47217619 25.997
 204 295.463311   7.752618    17.442    17.420 11 56675.38782136 25.283
 205 295.463115   7.752435    53.162    54.133 11 56685.30346547  4.646
 206 295.464913   7.752524    17.813    18.226 11 56695.21910770 25.427
 207 295.470823   7.758132    20.664    20.906  7 56705.13474695 16.974
 208 295.475772   7.760231    11.723    10.665  7 56715.05038001 28.620
 209 295.467780   7.751811    66.748    63.555  3 56724.96602968  2.206
 210 295.463033   7.751940    16.719    17.929 11 56734.88167928 22.428
 211 295.461025   7.752207    14.984    15.103 12 56744.79732599 23.142
 212 295.462993   7.752126    17.512    18.053 11 56754.71296870 19.202
 213 295.469553   7.756950    20.510    20.091  8 56764.62860721 16.982
 214 295.473243   7.758588    19.266    19.043  7 56774.54424473 17.441
 215 295.466306   7.754977    18.720    18.361  9 56784.45990021 20.842
 216 295.459979   7.751352    18.353    18.211 12 56794.37555186 17.587
 217 295.457473   7.751506    18.106    18.206 13 56804.29120096 20.920
 218 295.459700   7.751666    54.172    54.118 12 56814.20684319  5.422
 219 295.463626   7.753097    19.170    19.216 11 56824.12248240 21.255
 220 295.466810   7.751824    62.793    62.470  3 56834.03811707  3.718
 221 295.473155   7.759249    21.712    21.760  7 56843.95375059 48.716
 222 295.472485   7.758865    22.199    22.305  7 56853.86939369 32.988
 223 295.468341   7.756456    22.795    22.757  8 56863.78504694 33.446
 224 295.465342   7.753568    80.085    70.351 11 56873.70069965  8.328
 225 295.464378   7.753684    24.767    24.860 11 56883.61634997 34.894
 226 295.463158   7.752612    24.981    24.894 11 56893.53199661 34.463
 227 295.461169   7.751877    24.952    24.887 12 56903.44763984 33.933
 228 295.459558   7.752349    24.551    24.494 13 56913.36328117 33.959
 229 295.460378   7.752094    23.775    23.849 12 56923.27892072 32.722
 230 295.464910   7.753483    23.440    23.316 11 56933.19455853 30.929
 231 295.473116   7.758774    22.280    22.273  8 56943.11019224 49.874
 232 295.474276   7.759703    21.424    21.363  7 56953.02583795 50.106
 233 295.469617   7.756953    72.312    73.746  8 56962.94148762  5.378
 234 295.465092   7.752973    21.634    21.647 11 56972.85713249 27.141
 235 295.465146   7.753405    51.117    55.534 10 56982.77277459  8.396
 236 295.470245   7.757974    21.231    21.558  7 56992.68841339 22.472
 237 295.475935   7.760154    21.342    21.616  8 57002.60404998 25.682
 238 295.471062   7.757474    21.526    21.415  7 57012.51970644 20.284
 239 295.467514   7.756940    19.709    20.082  8 57022.43535758 20.244
 240 295.463790   7.753076    16.034    16.587 11 57032.35100498 27.270
 241 295.462929   7.751627    57.880    56.755 11 57042.26665080  3.976
 242 295.464581   7.752538    56.362    56.700 10 57052.18229513  3.714
 243 295.468867   7.756709    63.123    59.576  8 57062.09793607 23.326
 244 295.472257   7.758119    14.843    15.827  7 57072.01357113 29.958
 245 295.475658   7.760445    19.918    20.695  8 57081.92920255 21.350
 246 295.472980   7.759313    20.362    20.730  7 57091.84484727 18.818
 247 295.466297   7.754934    18.040    18.320  9 57101.76050347 21.865
 248 295.463755   7.752736    15.683    15.945 10 57111.67615702 22.249
 249 295.464730   7.752683    16.809    18.368 10 57121.59180544 22.160
 250 295.466496   7.755171    18.592    18.867  8 57131.50744861 17.555
 251 295.468270   7.757056    17.106    17.295  8 57141.42308633 17.506
 252 295.470225   7.757705    18.151    18.154  7 57151.33872036 16.865
 253 295.475063   7.759626    18.362    18.147  7 57161.25435149 17.987
 254 295.472093   7.758168    22.367    23.409  7 57171.17000612 20.095
 255 295.470018   7.757132    45.374    43.588  7 57181.08566006 12.613
 256 295.468192   7.756595    19.600    19.674  8 57191.00131031 43.642
 257 295.465134   7.752972    76.420    79.888 10 57200.91695695 13.688
 258 295.464172   7.753045    21.933    21.914 11 57210.83259114 41.186
 259 295.464674   7.752790    22.346    22.342 11 57220.74823530 30.205
 260 295.467651   7.756800    23.589    23.568  8 57230.66387935 31.601
 261 295.469509   7.757367    24.101    24.117  8 57240.57952021 34.843
 262 295.471816   7.758718    24.398    24.451  7 57250.49515837 37.932
 263 295.473787   7.759341    25.196    25.234  8 57260.41079399 47.158
 264 295.475956   7.759841    24.899    24.840  8 57270.32642816 36.230
 265 295.472612   7.758583    24.478    24.488  7 57280.24208096 35.227
 266 295.470311   7.758233    70.410    70.628  7 57290.15773580 12.152
 267 295.468597   7.757503    67.465    67.239  7 57300.07338773 27.865
 268 295.467259   7.756547    19.974    19.435  7 57309.98903623 29.477
 269 295.464032   7.752848    21.163    21.853 11 57319.90468086 23.514
 270 295.462476   7.752961    20.518    20.304 11 57329.82032380 23.775
 271 295.462939   7.752693    51.851    53.951 11 57339.73596480  6.845
 272 295.461796   7.752156    20.023    19.945 12 57349.65161490 24.208
 273 295.462826   7.752301    20.516    20.674 11 57359.56726114 23.275
 274 295.464110   7.752782    20.265    20.383 10 57369.48290414 22.979
 275 295.465167   7.753457    64.167    61.549 11 57379.39854431  4.049
 276 295.468453   7.757425    47.169    43.720  7 57389.31418378  8.273
 277 295.472200   7.758590    21.036    20.864  8 57399.22982168 21.859
 278 295.476367   7.760714    20.703    20.700  8 57409.14545984 18.093
 279 295.472591   7.758345    20.688    21.000  8 57419.06111160 19.367
 280 295.468282   7.756085    14.348    14.347  7 57428.97676097 23.748
 281 295.463891   7.752357    15.855    15.090 11 57438.89240789 24.151
 282 295.463104   7.753142    16.389    16.198 11 57448.80805499 21.037
 283 295.463522   7.753211    14.373    14.408 11 57458.72370083 22.892
 284 295.466214   7.754829    16.300    16.850  8 57468.63934416 20.400
 285 295.470114   7.757597    14.466    12.245  8 57478.55498368 22.319
 286 295.472411   7.758121    14.482    14.770  8 57488.47061921 21.267
 287 295.475547   7.759885    60.987    60.270  7 57498.38625276  7.147
 288 295.476384   7.760941    31.649    30.362  8 57508.30189362 19.396
 289 295.471559   7.758074    19.955    19.123  7 57518.21754808 18.358
 290 295.469336   7.756677    18.645    18.614  7 57528.13320021 20.912
 291 295.468548   7.756582    19.225    19.100  7 57538.04884993 23.648
 292 295.467402   7.756382    20.908    20.847  7 57547.96449715 48.120
 293 295.464902   7.752997    21.711    21.721 10 57557.88014247 45.034
 294 295.464160   7.752059    22.955    23.005 11 57567.79578767 37.518
 295 295.465585   7.753912    23.676    23.675 10 57577.71143305 36.424
 296 295.467602   7.756042    24.690    24.634  8 57587.62707718 35.597
 297 295.468416   7.756800    25.305    25.232  7 57597.54271841 34.571
