#   80.243  -3.522   5.799 ;Mean Elev.(m), Avg Gradient(m/km), RMS Gradient(m/km) - SRTM1     
#  124.320   2.539   7.281 ;Mean Elev.(m), Avg Gradient(m/km), RMS Gradient(m/km) - ASTER GDEM
#   85.159  -0.642   4.231 ;Mean Elev.(m), Avg Gradient(m/km), RMS Gradient(m/km) - GMTED2010 
   1    89.044 54668.95080185 36.06 292.684676   3.966993 17.640 -100.00 -100.00 -100.00
   1    88.908 54668.95080244 36.23 292.685573   3.964493 18.236 -100.00 -100.00 -100.00
   1    88.932 54668.95080303 36.78 292.686470   3.961992 20.415 -100.00 -100.00 -100.00
   2    89.036 54678.86644548 30.41 292.683267   3.967767 16.299 -100.00 -100.00 -100.00
   2    88.900 54678.86644607 29.72 292.684164   3.965266 14.779 -100.00 -100.00 -100.00
   2    88.823 54678.86644666 31.15 292.685061   3.962766 20.837 -100.00 -100.00 -100.00
   2    89.168 54678.86644725 30.21 292.685958   3.960265 15.332 -100.00 -100.00 -100.00
   3    88.963 54688.78208832 33.39 292.684142   3.968767 20.039 -100.00 -100.00 -100.00
   3    88.835 54688.78208891 36.92 292.685039   3.966266 29.322 -100.00 -100.00 -100.00
   3    88.798 54688.78208950 35.93 292.685936   3.963766 29.915 -100.00 -100.00 -100.00
   3    88.727 54688.78209009 33.65 292.686833   3.961265 24.264 -100.00 -100.00 -100.00
   4    88.467 54698.69773018 39.49 292.687981   3.966930 29.160 -100.00 -100.00 -100.00
   4    88.465 54698.69773077 41.24 292.688878   3.964429   -100 -100.00 -100.00 -100.00
   4    88.592 54698.69773136 43.32 292.689775   3.961928   -100 -100.00 -100.00 -100.00
   5    88.011 54708.61337354 28.87 292.689107   3.968113 11.821 -100.00 -100.00 -100.00
   5    87.783 54708.61337413 28.37 292.690004   3.965612 12.387 -100.00 -100.00 -100.00
   5    87.660 54708.61337472 31.31 292.690901   3.963111 20.038 -100.00 -100.00 -100.00
   6    87.370 54718.52902531 34.58 292.686164   3.967398   -100 -100.00 -100.00 -100.00
   6    87.236 54718.52902590 31.78 292.687061   3.964898 22.513 -100.00 -100.00 -100.00
   6    87.226 54718.52902649 30.11 292.687959   3.962397 17.111 -100.00 -100.00 -100.00
   7    86.782 54728.44467417 42.09 292.682197   3.967343   -100 -100.00 -100.00 -100.00
   7    86.786 54728.44467476 39.90 292.683094   3.964843 28.141 -100.00 -100.00 -100.00
   7    86.802 54728.44467535 40.58 292.683992   3.962342   -100 -100.00 -100.00 -100.00
   7    86.814 54728.44467594 39.03 292.684889   3.959841 28.227 -100.00 -100.00 -100.00
   8    86.599 54738.36032108 36.01 292.678425   3.968302 32.369 -100.00 -100.00 -100.00
   8    86.308 54738.36032167 34.14 292.679322   3.965801   -100 -100.00 -100.00 -100.00
   8    86.273 54738.36032226 30.60 292.680219   3.963301 24.421 -100.00 -100.00 -100.00
   8    85.933 54738.36032285 34.25 292.681116   3.960800   -100 -100.00 -100.00 -100.00
   9    86.535 54748.27596788 38.66 292.676637   3.968663 25.296 -100.00 -100.00 -100.00
   9    86.064 54748.27596847 40.90 292.677534   3.966163   -100 -100.00 -100.00 -100.00
   9    86.340 54748.27596906 46.12 292.678431   3.963662   -100 -100.00 -100.00 -100.00
   9    86.099 54748.27596965 47.88 292.679328   3.961162  2.318 -100.00 -100.00 -100.00
  10    86.651 54758.19161462 40.68 292.676652   3.967936 19.380 -100.00 -100.00 -100.00
  10    86.065 54758.19161521 45.87 292.677549   3.965435   -100 -100.00 -100.00 -100.00
  10    85.764 54758.19161580 51.80 292.678446   3.962935   -100 -100.00 -100.00 -100.00
  10    85.844 54758.19161639 51.67 292.679343   3.960434   -100 -100.00 -100.00 -100.00
  11    85.769 54768.10725911 25.54 292.677916   3.967941 16.050 -100.00 -100.00 -100.00
  11    85.340 54768.10725970 25.19 292.678813   3.965440 16.680 -100.00 -100.00 -100.00
  11    85.256 54768.10726029 24.68 292.679710   3.962940 15.036 -100.00 -100.00 -100.00
  11    85.231 54768.10726088 28.97 292.680607   3.960439 27.939 -100.00 -100.00 -100.00
  12    85.592 54778.02290031 43.80 292.679612   3.968142 32.720 -100.00 -100.00 -100.00
  12    85.604 54778.02290090 46.14 292.680509   3.965642   -100 -100.00 -100.00 -100.00
  12    85.551 54778.02290149 50.04 292.681407   3.963141  4.486 -100.00 -100.00 -100.00
  12    85.467 54778.02290208 51.19 292.682304   3.960641 21.991 -100.00 -100.00 -100.00
  13    85.870 54787.93853949 42.84 292.681218   3.967000 23.931 -100.00 -100.00 -100.00
  13    85.428 54787.93854008 47.08 292.682115   3.964500   -100 -100.00 -100.00 -100.00
  13    85.288 54787.93854067 52.08 292.683012   3.961999 16.896 -100.00 -100.00 -100.00
  13    85.177 54787.93854126 54.30 292.683909   3.959499 23.876 -100.00 -100.00 -100.00
  14    85.819 54797.85417733 41.26 292.681441   3.968527   -100 -100.00 -100.00 -100.00
  14    85.576 54797.85417792 46.08 292.682338   3.966027  2.203 -100.00 -100.00 -100.00
  14    85.503 54797.85417851 48.15 292.683235   3.963526 15.313 -100.00 -100.00 -100.00
  14    85.667 54797.85417910 46.87 292.684132   3.961026   -100 -100.00 -100.00 -100.00
  15    85.033 54807.76981638 44.91 292.684246   3.966397   -100 -100.00 -100.00 -100.00
  15    84.902 54807.76981697 48.18 292.685144   3.963897 18.675 -100.00 -100.00 -100.00
  15    85.139 54807.76981756 47.11 292.686041   3.961397   -100 -100.00 -100.00 -100.00
  16    85.446 54817.68545409 32.25 292.686771   3.968590 20.116 -100.00 -100.00 -100.00
  16    85.251 54817.68545468 29.10 292.687668   3.966090 17.231 -100.00 -100.00 -100.00
  16    85.136 54817.68545527 30.09 292.688565   3.963589 14.672 -100.00 -100.00 -100.00
  16    85.020 54817.68545587 33.84 292.689462   3.961089 26.705 -100.00 -100.00 -100.00
  17    84.810 54827.60110511 35.60 292.686288   3.966893 20.651 -100.00 -100.00 -100.00
  17    84.909 54827.60110570 33.65 292.687185   3.964392 14.615 -100.00 -100.00 -100.00
  17    84.831 54827.60110629 33.25 292.688082   3.961892 12.456 -100.00 -100.00 -100.00
  18    84.940 54837.51674425 45.14 292.682497   3.967600 26.311 -100.00 -100.00 -100.00
  18    84.723 54837.51674484 50.82 292.683394   3.965100   -100 -100.00 -100.00 -100.00
  18    84.702 54837.51674544 54.16 292.684291   3.962600   -100 -100.00 -100.00 -100.00
  18    84.540 54837.51674603 51.49 292.685188   3.960099 21.958 -100.00 -100.00 -100.00
  19    85.816 54847.43239365 37.74 292.678137   3.967768 16.663 -100.00 -100.00 -100.00
  19    84.772 54847.43239424 50.02 292.679034   3.965267  8.367 -100.00 -100.00 -100.00
  19    84.651 54847.43239483 55.16 292.679931   3.962767 31.375 -100.00 -100.00 -100.00
  19    84.872 54847.43239543 52.84 292.680828   3.960267  4.181 -100.00 -100.00 -100.00
  20    84.141 54857.34804215 36.12 292.675087   3.968866 22.216 -100.00 -100.00 -100.00
  20    84.974 54857.34804274 39.60 292.675984   3.966366 20.128 -100.00 -100.00 -100.00
  20    84.108 54857.34804333 51.21 292.676881   3.963866   -100 -100.00 -100.00 -100.00
  20    84.180 54857.34804392 51.26 292.677778   3.961366   -100 -100.00 -100.00 -100.00
  21    83.919 54867.26369113 36.71 292.674760   3.967946 26.909 -100.00 -100.00 -100.00
  21    84.776 54867.26369172 42.70 292.675657   3.965446 29.224 -100.00 -100.00 -100.00
  21    84.107 54867.26369231 53.25 292.676554   3.962946   -100 -100.00 -100.00 -100.00
  21    84.383 54867.26369290 50.98 292.677451   3.960445   -100 -100.00 -100.00 -100.00
  22    84.178 54877.17933927 42.82 292.675486   3.967543 19.933 -100.00 -100.00 -100.00
  22    83.503 54877.17933986 45.93 292.676382   3.965043   -100 -100.00 -100.00 -100.00
  22    83.566 54877.17934045 50.21 292.677279   3.962543 10.763 -100.00 -100.00 -100.00
  22    83.508 54877.17934104 48.18 292.678176   3.960043 15.057 -100.00 -100.00 -100.00
  23    83.881 54887.09498421 40.70 292.676630   3.968053 25.723 -100.00 -100.00 -100.00
  23    83.868 54887.09498480 42.86 292.677527   3.965553 30.990 -100.00 -100.00 -100.00
  23    83.548 54887.09498539 44.97 292.678423   3.963053   -100 -100.00 -100.00 -100.00
  23    83.624 54887.09498598 47.75 292.679320   3.960553 10.450 -100.00 -100.00 -100.00
  24    84.425 54897.01062578 41.71 292.676380   3.967578 13.981 -100.00 -100.00 -100.00
  24    83.143 54897.01062637 43.53 292.677277   3.965077   -100 -100.00 -100.00 -100.00
  24    83.275 54897.01062696 50.21 292.678173   3.962577   -100 -100.00 -100.00 -100.00
  24    83.000 54897.01062755 50.39 292.679070   3.960077  8.354 -100.00 -100.00 -100.00
  25    83.594 54906.92626481 26.83 292.675135   3.967205 21.265 -100.00 -100.00 -100.00
  25    83.454 54906.92626540 25.29 292.676032   3.964705 17.512 -100.00 -100.00 -100.00
  25    83.458 54906.92626599 24.84 292.676929   3.962205 14.701 -100.00 -100.00 -100.00
  25    83.755 54906.92626658 24.67 292.677826   3.959705 14.043 -100.00 -100.00 -100.00
  26    83.570 54916.84190305 19.00 292.675357   3.966571  8.165 -100.00 -100.00 -100.00
  26    83.469 54916.84190364 19.59 292.676254   3.964070  8.119 -100.00 -100.00 -100.00
  26    83.644 54916.84190423 21.83 292.677151   3.961570 12.035 -100.00 -100.00 -100.00
  27    83.748 54926.75754105 20.27 292.676676   3.968033  8.592 -100.00 -100.00 -100.00
  27    83.589 54926.75754164 19.50 292.677573   3.965533  7.507 -100.00 -100.00 -100.00
  27    83.685 54926.75754223 20.86 292.678470   3.963033  9.640 -100.00 -100.00 -100.00
  27    84.235 54926.75754282 24.46 292.679367   3.960532 14.544 -100.00 -100.00 -100.00
  28    83.496 54936.67317890 41.53 292.679958   3.968417 31.104 -100.00 -100.00 -100.00
  28    83.410 54936.67317949 42.66 292.680855   3.965917   -100 -100.00 -100.00 -100.00
  28    83.338 54936.67318008 46.27 292.681752   3.963417  8.607 -100.00 -100.00 -100.00
  28    83.385 54936.67318067 42.11 292.682649   3.960917   -100 -100.00 -100.00 -100.00
  29    84.361 54946.58881505 45.00 292.683987   3.968446   -100 -100.00 -100.00 -100.00
  29    84.404 54946.58881564 41.26 292.684884   3.965946   -100 -100.00 -100.00 -100.00
  29    84.328 54946.58881623 39.82 292.685781   3.963446   -100 -100.00 -100.00 -100.00
  29    84.226 54946.58881682 40.34 292.686677   3.960946   -100 -100.00 -100.00 -100.00
  30    83.939 54956.50444880 36.29 292.687731   3.968814   -100 -100.00 -100.00 -100.00
  30    83.711 54956.50444939 40.04 292.688628   3.966314  9.829 -100.00 -100.00 -100.00
  30    84.136 54956.50444998 27.87 292.689525   3.963814 14.155 -100.00 -100.00 -100.00
  30    84.546 54956.50445057 34.39 292.690422   3.961314 30.727 -100.00 -100.00 -100.00
  31    84.330 54966.42009734 39.63 292.684985   3.968852 23.337 -100.00 -100.00 -100.00
  31    83.785 54966.42009794 46.81 292.685882   3.966352   -100 -100.00 -100.00 -100.00
  31    84.014 54966.42009853 51.29 292.686779   3.963852   -100 -100.00 -100.00 -100.00
  31    83.747 54966.42009912 53.16 292.687676   3.961352 19.888 -100.00 -100.00 -100.00
  32    84.326 54976.33574489 37.87 292.682864   3.967733 21.279 -100.00 -100.00 -100.00
  32    83.840 54976.33574548 49.28 292.683761   3.965233   -100 -100.00 -100.00 -100.00
  32    83.909 54976.33574607 48.15 292.684658   3.962733   -100 -100.00 -100.00 -100.00
  32    83.523 54976.33574666 52.22 292.685555   3.960233 27.057 -100.00 -100.00 -100.00
  33    84.064 54986.25139184 34.99 292.681346   3.968386 23.927 -100.00 -100.00 -100.00
  33    83.219 54986.25139243 37.10 292.682243   3.965886   -100 -100.00 -100.00 -100.00
  33    83.197 54986.25139302 31.09 292.683140   3.963386 24.126 -100.00 -100.00 -100.00
  33    83.212 54986.25139361 41.03 292.684037   3.960886   -100 -100.00 -100.00 -100.00
  34    85.040 54996.16703945 47.22 292.682147   3.966867   -100 -100.00 -100.00 -100.00
  34    84.943 54996.16704004 48.95 292.683044   3.964366   -100 -100.00 -100.00 -100.00
  34    84.998 54996.16704063 47.89 292.683941   3.961866   -100 -100.00 -100.00 -100.00
  34    84.924 54996.16704122 42.20 292.684838   3.959366   -100 -100.00 -100.00 -100.00
  35    85.730 55006.08268491 43.91 292.682130   3.967384   -100 -100.00 -100.00 -100.00
  35    85.395 55006.08268550 49.34 292.683027   3.964883 14.785 -100.00 -100.00 -100.00
  35    85.575 55006.08268609 44.87 292.683924   3.962383   -100 -100.00 -100.00 -100.00
  35    85.657 55006.08268668 41.60 292.684821   3.959883   -100 -100.00 -100.00 -100.00
  36    86.191 55015.99832833 44.89 292.681590   3.966909   -100 -100.00 -100.00 -100.00
  36    86.172 55015.99832892 44.61 292.682487   3.964409   -100 -100.00 -100.00 -100.00
  36    86.171 55015.99832951 41.85 292.683384   3.961908 29.821 -100.00 -100.00 -100.00
  36    85.954 55015.99833010 43.14 292.684281   3.959408   -100 -100.00 -100.00 -100.00
  37    87.277 55025.91397043 35.16 292.680501   3.966556 13.630 -100.00 -100.00 -100.00
  37    87.168 55025.91397102 35.89 292.681398   3.964055 14.874 -100.00 -100.00 -100.00
  37    87.025 55025.91397161 35.60 292.682295   3.961555 13.974 -100.00 -100.00 -100.00
  38    87.063 55035.82961203 40.09 292.679509   3.967597 26.551 -100.00 -100.00 -100.00
  38    87.248 55035.82961262 39.61 292.680406   3.965096 22.679 -100.00 -100.00 -100.00
  38    87.463 55035.82961321 39.69 292.681303   3.962596 21.709 -100.00 -100.00 -100.00
  38    87.357 55035.82961380 42.05 292.682200   3.960095 31.439 -100.00 -100.00 -100.00
  39    87.158 55045.74525342 31.93 292.681147   3.967831 13.094 -100.00 -100.00 -100.00
  39    86.896 55045.74525401 32.10 292.682044   3.965330 13.603 -100.00 -100.00 -100.00
  39    86.881 55045.74525460 31.42 292.682941   3.962830 11.069 -100.00 -100.00 -100.00
  39    87.072 55045.74525519 29.59 292.683837   3.960329  8.525 -100.00 -100.00 -100.00
  40    92.218 55055.66089373 31.51 292.685412   3.966484  9.060 -100.00 -100.00 -100.00
  40    92.748 55055.66089432 31.43 292.686309   3.963984  7.949 -100.00 -100.00 -100.00
  40    93.567 55055.66089491 33.21 292.687206   3.961483 12.489 -100.00 -100.00 -100.00
  41    87.206 55065.57653115 32.19 292.688066   3.967558 15.988 -100.00 -100.00 -100.00
  41    87.266 55065.57653174 31.85 292.688963   3.965058 15.285 -100.00 -100.00 -100.00
  41    87.408 55065.57653233 29.34 292.689860   3.962557 10.307 -100.00 -100.00 -100.00
  42    86.730 55075.49217971 47.20 292.685297   3.966978   -100 -100.00 -100.00 -100.00
  42    86.414 55075.49218030 51.27 292.686194   3.964478 21.563 -100.00 -100.00 -100.00
  42    86.558 55075.49218089 53.18 292.687091   3.961977 22.618 -100.00 -100.00 -100.00
  43    86.263 55085.40782707 42.94 292.680610   3.967520 22.985 -100.00 -100.00 -100.00
  43    86.007 55085.40782766 47.03 292.681507   3.965019   -100 -100.00 -100.00 -100.00
  43    85.732 55085.40782825 50.96 292.682404   3.962519   -100 -100.00 -100.00 -100.00
  43    85.838 55085.40782884 54.09 292.683301   3.960018   -100 -100.00 -100.00 -100.00
  44    85.324 55095.32347262 21.86 292.677260   3.968481  6.823 -100.00 -100.00 -100.00
  44    85.058 55095.32347321 22.41 292.678157   3.965981  9.204 -100.00 -100.00 -100.00
  44    84.980 55095.32347381 21.76 292.679054   3.963480  7.519 -100.00 -100.00 -100.00
  44    85.024 55095.32347440 21.87 292.679951   3.960980  7.749 -100.00 -100.00 -100.00
  45    84.378 55105.23911846 21.68 292.677135   3.967553 12.011 -100.00 -100.00 -100.00
  45    84.255 55105.23911905 22.55 292.678032   3.965053 12.707 -100.00 -100.00 -100.00
  45    84.350 55105.23911964 21.29 292.678929   3.962552  9.077 -100.00 -100.00 -100.00
  45    84.225 55105.23912023 27.66 292.679826   3.960052 26.420 -100.00 -100.00 -100.00
  46    90.630 55115.15476398 26.51 292.678238   3.967046  7.955 -100.00 -100.00 -100.00
  46    92.059 55115.15476458 25.06 292.679135   3.964545  5.938 -100.00 -100.00 -100.00
  46    92.709 55115.15476517 25.83 292.680032   3.962045  6.401 -100.00 -100.00 -100.00
  46    93.257 55115.15476576 32.39 292.680929   3.959545 17.577 -100.00 -100.00 -100.00
  47    85.210 55125.07040677 44.60 292.679293   3.968025 30.257 -100.00 -100.00 -100.00
  47    84.796 55125.07040736 45.86 292.680190   3.965525   -100 -100.00 -100.00 -100.00
  47    84.772 55125.07040795 51.37 292.681087   3.963024 16.769 -100.00 -100.00 -100.00
  47    84.712 55125.07040854 52.34 292.681984   3.960524 14.947 -100.00 -100.00 -100.00
  48    84.361 55134.98604724 39.68 292.680413   3.967807 25.936 -100.00 -100.00 -100.00
  48    84.245 55134.98604783 42.97 292.681310   3.965306   -100 -100.00 -100.00 -100.00
  48    83.784 55134.98604842 47.35 292.682207   3.962806 20.163 -100.00 -100.00 -100.00
  48    83.813 55134.98604901 50.26 292.683104   3.960305 13.321 -100.00 -100.00 -100.00
  49    84.250 55144.90168573 42.75 292.680950   3.967816 22.750 -100.00 -100.00 -100.00
  49    83.754 55144.90168632 45.04 292.681848   3.965315   -100 -100.00 -100.00 -100.00
  49    83.776 55144.90168691 48.00 292.682745   3.962815   -100 -100.00 -100.00 -100.00
  49    83.780 55144.90168750 50.35 292.683642   3.960314 10.727 -100.00 -100.00 -100.00
  50    83.475 55154.81732389 41.87 292.681543   3.967834   -100 -100.00 -100.00 -100.00
  50    83.545 55154.81732448 36.10 292.682440   3.965333 21.166 -100.00 -100.00 -100.00
  50    83.441 55154.81732507 33.96 292.683337   3.962833 18.417 -100.00 -100.00 -100.00
  50    83.103 55154.81732567 33.12 292.684234   3.960332 14.009 -100.00 -100.00 -100.00
  51    83.881 55164.73296260 28.96 292.682880   3.968137 32.454 -100.00 -100.00 -100.00
  51    83.726 55164.73296319 26.24 292.683777   3.965636 25.209 -100.00 -100.00 -100.00
  51    84.098 55164.73296378 20.99 292.684674   3.963136 11.899 -100.00 -100.00 -100.00
  51    84.306 55164.73296437 20.07 292.685571   3.960635 10.259 -100.00 -100.00 -100.00
  52    83.527 55174.64860152 31.05 292.685690   3.967532 23.133 -100.00 -100.00 -100.00
  52    83.418 55174.64860211 28.10 292.686587   3.965032 14.731 -100.00 -100.00 -100.00
  52    82.559 55174.64860270 39.20 292.687484   3.962531   -100 -100.00 -100.00 -100.00
  53    82.566 55184.56424206 41.21 292.688023   3.967333   -100 -100.00 -100.00 -100.00
  53    82.678 55184.56424266 45.38 292.688920   3.964833   -100 -100.00 -100.00 -100.00
  53    82.605 55184.56424325 41.42 292.689817   3.962333   -100 -100.00 -100.00 -100.00
  54    83.122 55194.47989331 42.86 292.684397   3.968114 26.556 -100.00 -100.00 -100.00
  54    82.503 55194.47989390 47.01 292.685294   3.965614 15.715 -100.00 -100.00 -100.00
  54    82.569 55194.47989449 37.37 292.686191   3.963114 29.786 -100.00 -100.00 -100.00
  54    82.445 55194.47989508 39.72 292.687088   3.960613   -100 -100.00 -100.00 -100.00
  55    83.308 55204.39554328 39.93 292.680347   3.967515 16.724 -100.00 -100.00 -100.00
  55    82.555 55204.39554387 42.93 292.681243   3.965015 30.361 -100.00 -100.00 -100.00
  55    82.218 55204.39554446 50.49 292.682140   3.962515   -100 -100.00 -100.00 -100.00
  55    82.098 55204.39554505 53.42 292.683037   3.960015 29.759 -100.00 -100.00 -100.00
  56    82.785 55214.31119260 30.30 292.677967   3.966457 19.185 -100.00 -100.00 -100.00
  56    82.022 55214.31119319 37.20 292.678864   3.963957   -100 -100.00 -100.00 -100.00
  56    82.648 55214.31119378 40.91 292.679761   3.961457 30.558 -100.00 -100.00 -100.00
  57    81.734 55224.22684064 31.25 292.676309   3.968501 19.753 -100.00 -100.00 -100.00
  57    82.892 55224.22684123 36.35 292.677205   3.966001 19.157 -100.00 -100.00 -100.00
  57    81.782 55224.22684182 41.49 292.678102   3.963501 20.597 -100.00 -100.00 -100.00
  57    81.944 55224.22684241 46.44 292.678999   3.961001 25.945 -100.00 -100.00 -100.00
  58    81.798 55234.14248786 28.62 292.677204   3.966786 31.547 -100.00 -100.00 -100.00
  58    81.841 55234.14248845 30.77 292.678101   3.964285   -100 -100.00 -100.00 -100.00
  58    82.339 55234.14248904 32.12 292.678998   3.961785 28.460 -100.00 -100.00 -100.00
  59    81.417 55244.05813134 34.23 292.678174   3.967243 23.764 -100.00 -100.00 -100.00
  59    82.144 55244.05813193 46.39 292.679071   3.964743   -100 -100.00 -100.00 -100.00
  59    81.809 55244.05813252 51.39 292.679968   3.962243 19.616 -100.00 -100.00 -100.00
  59    81.891 55244.05813311 52.21 292.680864   3.959743   -100 -100.00 -100.00 -100.00
  60    81.879 55253.97377170 29.00 292.677522   3.967631 25.138 -100.00 -100.00 -100.00
  60    81.971 55253.97377229 32.15 292.678419   3.965131 29.745 -100.00 -100.00 -100.00
  60    82.433 55253.97377288 33.31 292.679316   3.962631 23.753 -100.00 -100.00 -100.00
  60    82.159 55253.97377347 36.20 292.680213   3.960131 32.038 -100.00 -100.00 -100.00
  61    81.859 55263.88941052 30.46 292.676243   3.967127   -100 -100.00 -100.00 -100.00
  61    81.996 55263.88941111 32.17 292.677140   3.964626   -100 -100.00 -100.00 -100.00
  61    82.239 55263.88941170 33.32 292.678037   3.962126 30.476 -100.00 -100.00 -100.00
  61    83.024 55263.88941229 35.26 292.678934   3.959626 16.616 -100.00 -100.00 -100.00
  62    82.237 55273.80504857 20.47 292.676273   3.967506  8.107 -100.00 -100.00 -100.00
  62    82.499 55273.80504916 21.36 292.677170   3.965006  9.406 -100.00 -100.00 -100.00
  62    82.901 55273.80504975 20.38 292.678067   3.962506  7.549 -100.00 -100.00 -100.00
  62    83.155 55273.80505034 25.63 292.678964   3.960006 19.859 -100.00 -100.00 -100.00
  63    82.122 55283.72068634 36.22 292.678449   3.968731 30.523 -100.00 -100.00 -100.00
  63    83.049 55283.72068693 38.00 292.679346   3.966231 20.666 -100.00 -100.00 -100.00
  63    82.344 55283.72068752 50.26 292.680243   3.963731   -100 -100.00 -100.00 -100.00
  63    82.450 55283.72068811 49.26 292.681140   3.961231   -100 -100.00 -100.00 -100.00
  64    82.500 55293.63632321 39.01 292.682536   3.968576 27.225 -100.00 -100.00 -100.00
  64    82.045 55293.63632380 40.99 292.683433   3.966076   -100 -100.00 -100.00 -100.00
  64    81.837 55293.63632439 39.14 292.684330   3.963575   -100 -100.00 -100.00 -100.00
  64    82.246 55293.63632498 37.15 292.685227   3.961075 26.539 -100.00 -100.00 -100.00
  65    84.327 55303.55196111 35.50 292.685638   3.967593 14.985 -100.00 -100.00 -100.00
  65    84.364 55303.55196170 34.61 292.686535   3.965093 13.173 -100.00 -100.00 -100.00
  65    84.564 55303.55196229 34.49 292.687432   3.962593 14.467 -100.00 -100.00 -100.00
  66    91.212 55313.46760874 20.60 292.683264   3.967709 22.507 -100.00 -100.00 -100.00
  66    84.798 55313.46760933 23.13 292.684161   3.965209   -100 -100.00 -100.00 -100.00
  66    84.999 55313.46760992 23.56 292.685058   3.962709 29.279 -100.00 -100.00 -100.00
  66    93.584 55313.46761052 24.10 292.685955   3.960209 27.954 -100.00 -100.00 -100.00
  67    86.834 55323.38325407 41.12 292.681392   3.967542 24.589 -100.00 -100.00 -100.00
  67    86.151 55323.38325466 52.09 292.682289   3.965042   -100 -100.00 -100.00 -100.00
  67    86.205 55323.38325526 52.49 292.683186   3.962542   -100 -100.00 -100.00 -100.00
  67    85.978 55323.38325585 55.28 292.684083   3.960042 19.031 -100.00 -100.00 -100.00
  68    87.041 55333.29889799 46.06 292.680691   3.966929   -100 -100.00 -100.00 -100.00
  68    87.008 55333.29889858 45.29 292.681588   3.964429   -100 -100.00 -100.00 -100.00
  68    87.331 55333.29889917 46.85 292.682485   3.961929   -100 -100.00 -100.00 -100.00
  68    87.170 55333.29889976 46.01 292.683382   3.959429   -100 -100.00 -100.00 -100.00
  69    88.383 55343.21454119 42.20 292.680057   3.968408 20.552 -100.00 -100.00 -100.00
  69    88.137 55343.21454178 46.30 292.680954   3.965908   -100 -100.00 -100.00 -100.00
  69    87.861 55343.21454238 50.25 292.681851   3.963408   -100 -100.00 -100.00 -100.00
  69    88.006 55343.21454297 52.84 292.682748   3.960908   -100 -100.00 -100.00 -100.00
  70    88.116 55353.13018468 45.22 292.681336   3.966906 31.746 -100.00 -100.00 -100.00
  70    88.059 55353.13018527 49.32 292.682233   3.964406   -100 -100.00 -100.00 -100.00
  70    88.110 55353.13018586 53.15 292.683130   3.961906   -100 -100.00 -100.00 -100.00
  70    87.793 55353.13018645 53.35 292.684027   3.959406 20.266 -100.00 -100.00 -100.00
  71    87.526 55363.04582578 34.43 292.682566   3.966506 13.499 -100.00 -100.00 -100.00
  71    87.656 55363.04582637 35.45 292.683463   3.964006 15.488 -100.00 -100.00 -100.00
  71    87.530 55363.04582696 36.95 292.684360   3.961505 16.946 -100.00 -100.00 -100.00
  72    88.341 55372.96146473 40.34 292.683023   3.967442 21.783 -100.00 -100.00 -100.00
  72    88.090 55372.96146532 43.10 292.683920   3.964942   -100 -100.00 -100.00 -100.00
  72    88.275 55372.96146592 43.54 292.684817   3.962442   -100 -100.00 -100.00 -100.00
  72    88.147 55372.96146651 39.45 292.685714   3.959941 18.436 -100.00 -100.00 -100.00
  73    88.390 55382.87710304 45.42 292.684403   3.966505   -100 -100.00 -100.00 -100.00
  73    88.556 55382.87710363 47.63 292.685300   3.964004   -100 -100.00 -100.00 -100.00
  73    88.572 55382.87710422 49.43 292.686197   3.961504  0.799 -100.00 -100.00 -100.00
  74    88.566 55392.79274023 37.15 292.685319   3.968002 22.321 -100.00 -100.00 -100.00
  74    88.545 55392.79274083 34.34 292.686216   3.965502 15.529 -100.00 -100.00 -100.00
  74    88.672 55392.79274142 32.88 292.687113   3.963001 11.993 -100.00 -100.00 -100.00
  74    88.844 55392.79274201 35.30 292.688010   3.960501 15.702 -100.00 -100.00 -100.00
  75    88.464 55402.70837678 37.29 292.688651   3.967209 27.053 -100.00 -100.00 -100.00
  75    88.636 55402.70837737 35.42 292.689548   3.964709 20.826 -100.00 -100.00 -100.00
  75    93.294 55402.70837796 35.26 292.690445   3.962208 20.070 -100.00 -100.00 -100.00
  76    88.706 55412.62402852 36.59 292.686945   3.966891 17.994 -100.00 -100.00 -100.00
  76    88.605 55412.62402911 36.36 292.687842   3.964391 18.252 -100.00 -100.00 -100.00
  76    88.808 55412.62402970 37.08 292.688739   3.961890 20.505 -100.00 -100.00 -100.00
  77    89.115 55422.53967735 46.08 292.683925   3.968797   -100 -100.00 -100.00 -100.00
  77    89.093 55422.53967794 48.49 292.684822   3.966296   -100 -100.00 -100.00 -100.00
  77    89.153 55422.53967853 50.20 292.685720   3.963796   -100 -100.00 -100.00 -100.00
  77    89.007 55422.53967912 51.54 292.686617   3.961295 13.594 -100.00 -100.00 -100.00
  78    89.256 55432.45532407 46.08 292.681792   3.967710   -100 -100.00 -100.00 -100.00
  78    89.297 55432.45532466 47.64 292.682690   3.965209   -100 -100.00 -100.00 -100.00
  78    89.186 55432.45532525 49.25 292.683587   3.962709   -100 -100.00 -100.00 -100.00
  78    89.461 55432.45532584 50.52 292.684484   3.960208   -100 -100.00 -100.00 -100.00
  79    89.112 55442.37096857 44.22 292.679461   3.966666   -100 -100.00 -100.00 -100.00
  79    89.112 55442.37096916 49.60 292.680358   3.964165   -100 -100.00 -100.00 -100.00
  79    88.903 55442.37096975 51.36 292.681255   3.961665  7.892 -100.00 -100.00 -100.00
  79    88.953 55442.37097034 49.60 292.682152   3.959164 16.459 -100.00 -100.00 -100.00
  80    88.683 55452.28661113 44.30 292.678234   3.967172 28.264 -100.00 -100.00 -100.00
  80    88.231 55452.28661172 50.19 292.679131   3.964671   -100 -100.00 -100.00 -100.00
  80    88.290 55452.28661231 52.27 292.680028   3.962171  4.425 -100.00 -100.00 -100.00
  80    88.380 55452.28661290 52.22 292.680926   3.959670   -100 -100.00 -100.00 -100.00
  81    87.835 55462.20225295 43.31 292.679279   3.967797 27.938 -100.00 -100.00 -100.00
  81    87.453 55462.20225354 48.50 292.680176   3.965296   -100 -100.00 -100.00 -100.00
  81    87.592 55462.20225413 51.51 292.681073   3.962796   -100 -100.00 -100.00 -100.00
  81    87.571 55462.20225473 53.18 292.681970   3.960295  4.247 -100.00 -100.00 -100.00
  82    87.203 55472.11789363 47.95 292.682403   3.966351   -100 -100.00 -100.00 -100.00
  82    87.170 55472.11789422 51.16 292.683300   3.963850   -100 -100.00 -100.00 -100.00
  82    87.029 55472.11789481 53.40 292.684197   3.961350 16.600 -100.00 -100.00 -100.00
  83    86.163 55482.03353091 43.38 292.684466   3.967266   -100 -100.00 -100.00 -100.00
  83    86.097 55482.03353150 41.17 292.685363   3.964766   -100 -100.00 -100.00 -100.00
  83    85.998 55482.03353209 42.63 292.686260   3.962265  6.492 -100.00 -100.00 -100.00
  84    85.339 55491.94916610 37.36 292.685803   3.967781   -100 -100.00 -100.00 -100.00
  84    85.195 55491.94916669 33.71 292.686700   3.965280   -100 -100.00 -100.00 -100.00
  84    85.399 55491.94916728 30.83 292.687597   3.962780 22.456 -100.00 -100.00 -100.00
  85    85.378 55501.86480004 33.80 292.687666   3.967520   -100 -100.00 -100.00 -100.00
  85    85.447 55501.86480063 30.71 292.688563   3.965019 29.250 -100.00 -100.00 -100.00
  85    85.521 55501.86480122 37.96 292.689460   3.962519   -100 -100.00 -100.00 -100.00
  86    85.176 55511.78044462 26.96 292.686144   3.968584 17.528 -100.00 -100.00 -100.00
  86    85.242 55511.78044521 22.74 292.687041   3.966084  8.865 -100.00 -100.00 -100.00
  86    84.890 55511.78044580 25.08 292.687939   3.963583 13.526 -100.00 -100.00 -100.00
  86    84.826 55511.78044639 31.36 292.688836   3.961083   -100 -100.00 -100.00 -100.00
  87    85.882 55521.69609452 37.76 292.684216   3.968603   -100 -100.00 -100.00 -100.00
  87    85.549 55521.69609512 35.53 292.685113   3.966103   -100 -100.00 -100.00 -100.00
  87    85.547 55521.69609571 29.50 292.686010   3.963602 14.076 -100.00 -100.00 -100.00
  87    85.747 55521.69609630 30.12 292.686907   3.961102 15.795 -100.00 -100.00 -100.00
  88    85.773 55531.61174353 41.51 292.682977   3.967747 32.569 -100.00 -100.00 -100.00
  88    85.954 55531.61174412 44.09 292.683874   3.965246   -100 -100.00 -100.00 -100.00
  88    85.957 55531.61174471 44.13 292.684771   3.962746   -100 -100.00 -100.00 -100.00
  88    85.886 55531.61174530 47.54 292.685668   3.960245  6.764 -100.00 -100.00 -100.00
  89    85.653 55541.52739053 37.01 292.681326   3.968370 30.081 -100.00 -100.00 -100.00
  89    85.551 55541.52739113 31.21 292.682223   3.965870 13.924 -100.00 -100.00 -100.00
  89    85.675 55541.52739172 29.71 292.683120   3.963369 10.624 -100.00 -100.00 -100.00
  89    85.534 55541.52739231 30.85 292.684017   3.960869 12.423 -100.00 -100.00 -100.00
  90    85.126 55551.44303544 39.23 292.679928   3.968702 24.745 -100.00 -100.00 -100.00
  90    85.540 55551.44303603 43.23 292.680825   3.966202 23.320 -100.00 -100.00 -100.00
  90    84.772 55551.44303662 53.65 292.681722   3.963701  6.038 -100.00 -100.00 -100.00
  90    84.701 55551.44303721 54.55 292.682619   3.961201 28.471 -100.00 -100.00 -100.00
  91    85.771 55561.35867918 42.19 292.679424   3.966764 20.814 -100.00 -100.00 -100.00
  91    84.848 55561.35867977 53.58 292.680321   3.964264 27.596 -100.00 -100.00 -100.00
  91    85.075 55561.35868036 52.61 292.681218   3.961763   -100 -100.00 -100.00 -100.00
  91    84.736 55561.35868095 52.06 292.682115   3.959263 30.811 -100.00 -100.00 -100.00
  92    84.610 55571.27432166 26.70 292.679958   3.966746 14.353 -100.00 -100.00 -100.00
  92    89.825 55571.27432225 26.22 292.680855   3.964246 12.921 -100.00 -100.00 -100.00
  92    92.816 55571.27432284 22.74 292.681752   3.961745  6.771 -100.00 -100.00 -100.00
  92    91.594 55571.27432343 27.53 292.682649   3.959245 15.546 -100.00 -100.00 -100.00
  93    83.717 55581.18996301 42.91 292.681789   3.966272   -100 -100.00 -100.00 -100.00
  93    83.705 55581.18996360 43.56 292.682685   3.963771   -100 -100.00 -100.00 -100.00
  93    83.614 55581.18996419 43.20 292.683582   3.961271   -100 -100.00 -100.00 -100.00
  94    82.840 55591.10560076 38.09 292.683253   3.968222 24.653 -100.00 -100.00 -100.00
  94    83.195 55591.10560135 49.27 292.684150   3.965722   -100 -100.00 -100.00 -100.00
  94    83.071 55591.10560194 54.66 292.685047   3.963222   -100 -100.00 -100.00 -100.00
  94    83.142 55591.10560253 54.64 292.685944   3.960722   -100 -100.00 -100.00 -100.00
  95    83.189 55601.02123613 49.65 292.686298   3.966579   -100 -100.00 -100.00 -100.00
  95    83.333 55601.02123672 47.35 292.687195   3.964078   -100 -100.00 -100.00 -100.00
  95    82.996 55601.02123731 52.64 292.688092   3.961578   -100 -100.00 -100.00 -100.00
  96    83.138 55610.93686883 42.15 292.687798   3.967600   -100 -100.00 -100.00 -100.00
  96    82.890 55610.93686942 40.08 292.688695   3.965100   -100 -100.00 -100.00 -100.00
  96    82.922 55610.93687001 45.72 292.689592   3.962600  6.175 -100.00 -100.00 -100.00
  97    83.800 55620.85250093 22.73 292.689726   3.967825 14.875 -100.00 -100.00 -100.00
  97    84.076 55620.85250152 20.32 292.690623   3.965325  9.375 -100.00 -100.00 -100.00
  97    84.195 55620.85250211 24.61 292.691520   3.962824 16.691 -100.00 -100.00 -100.00
  98    83.482 55630.76815390 49.73 292.686263   3.967018   -100 -100.00 -100.00 -100.00
  98    83.670 55630.76815449 48.59 292.687160   3.964518   -100 -100.00 -100.00 -100.00
  98    83.343 55630.76815508 53.64 292.688057   3.962017 27.487 -100.00 -100.00 -100.00
  99    83.733 55640.68380477 28.24 292.684123   3.968622   -100 -100.00 -100.00 -100.00
  99    83.660 55640.68380536 22.36 292.685020   3.966122 17.366 -100.00 -100.00 -100.00
  99    84.045 55640.68380595 20.93 292.685917   3.963622 11.755 -100.00 -100.00 -100.00
  99    84.457 55640.68380654 23.34 292.686814   3.961122 15.883 -100.00 -100.00 -100.00
 100    83.527 55650.59945364 29.86 292.683689   3.967981   -100 -100.00 -100.00 -100.00
 100    83.752 55650.59945424 23.75 292.684586   3.965481 18.135 -100.00 -100.00 -100.00
 100    83.931 55650.59945483 23.18 292.685483   3.962981 16.197 -100.00 -100.00 -100.00
 100    84.399 55650.59945542 22.71 292.686379   3.960481 14.254 -100.00 -100.00 -100.00
 101    82.814 55660.51509862 37.28 292.682432   3.968217   -100 -100.00 -100.00 -100.00
 101    83.348 55660.51509921 48.42 292.683329   3.965717   -100 -100.00 -100.00 -100.00
 101    83.177 55660.51509980 53.27 292.684226   3.963217   -100 -100.00 -100.00 -100.00
 101    82.897 55660.51510039 53.70 292.685123   3.960717   -100 -100.00 -100.00 -100.00
 102    84.229 55670.43074025 37.29 292.681378   3.967107 25.757 -100.00 -100.00 -100.00
 102    84.250 55670.43074084 42.05 292.682276   3.964607   -100 -100.00 -100.00 -100.00
 102    84.275 55670.43074143 35.79 292.683173   3.962107   -100 -100.00 -100.00 -100.00
 102    84.045 55670.43074202 29.08 292.684070   3.959607 24.068 -100.00 -100.00 -100.00
 103    85.165 55680.34637955 38.24 292.681195   3.967372 23.781 -100.00 -100.00 -100.00
 103    85.189 55680.34638014 50.35 292.682092   3.964872   -100 -100.00 -100.00 -100.00
 103    85.051 55680.34638073 55.63 292.682989   3.962371 29.476 -100.00 -100.00 -100.00
 103    85.207 55680.34638132 54.70 292.683886   3.959871   -100 -100.00 -100.00 -100.00
 104    85.983 55690.26201707 50.46 292.683754   3.967030  1.606 -100.00 -100.00 -100.00
 104    85.844 55690.26201766 54.10 292.684651   3.964530 25.685 -100.00 -100.00 -100.00
 104    85.997 55690.26201825 51.55 292.685548   3.962030   -100 -100.00 -100.00 -100.00
 105    87.565 55700.17765239 42.35 292.686518   3.969015 22.450 -100.00 -100.00 -100.00
 105    87.282 55700.17765298 47.48 292.687415   3.966515   -100 -100.00 -100.00 -100.00
 105    87.172 55700.17765357 52.37 292.688311   3.964015   -100 -100.00 -100.00 -100.00
 105    86.837 55700.17765416 55.42 292.689208   3.961514   -100 -100.00 -100.00 -100.00
 106    87.403 55710.09329150 46.59 292.688791   3.968215   -100 -100.00 -100.00 -100.00
 106    87.294 55710.09329209 48.51 292.689687   3.965715   -100 -100.00 -100.00 -100.00
 106    87.237 55710.09329268 51.56 292.690584   3.963214  0.937 -100.00 -100.00 -100.00
 107    87.860 55720.00894112 48.65 292.686181   3.967394   -100 -100.00 -100.00 -100.00
 107    88.095 55720.00894171 51.68 292.687078   3.964894   -100 -100.00 -100.00 -100.00
 107    87.823 55720.00894230 54.68 292.687975   3.962394 30.043 -100.00 -100.00 -100.00
 108    87.615 55729.92458864 43.37 292.683632   3.966508 32.659 -100.00 -100.00 -100.00
 108    87.641 55729.92458923 43.35 292.684529   3.964008   -100 -100.00 -100.00 -100.00
 108    87.609 55729.92458982 46.15 292.685426   3.961507   -100 -100.00 -100.00 -100.00
 109    87.929 55739.84023477 32.41 292.681952   3.967378 18.913 -100.00 -100.00 -100.00
 109    88.667 55739.84023536 29.62 292.682849   3.964878 14.596 -100.00 -100.00 -100.00
 109    87.511 55739.84023595 31.82 292.683746   3.962377 20.271 -100.00 -100.00 -100.00
 109    87.467 55739.84023654 33.76 292.684643   3.959877 25.707 -100.00 -100.00 -100.00
 110    88.194 55749.75588026 40.17 292.681837   3.967007 31.105 -100.00 -100.00 -100.00
 110    88.368 55749.75588085 36.67 292.682734   3.964506 17.194 -100.00 -100.00 -100.00
 110    88.188 55749.75588144 39.50 292.683631   3.962006 29.538 -100.00 -100.00 -100.00
 110    88.132 55749.75588203 39.10 292.684528   3.959505 28.872 -100.00 -100.00 -100.00
 111    88.337 55759.67152332 38.24 292.682337   3.968011 27.014 -100.00 -100.00 -100.00
 111    88.145 55759.67152391 35.98 292.683234   3.965511 20.710 -100.00 -100.00 -100.00
 111    88.302 55759.67152450 33.91 292.684131   3.963010 13.917 -100.00 -100.00 -100.00
 111    88.402 55759.67152509 33.77 292.685028   3.960510 14.394 -100.00 -100.00 -100.00
 112    88.334 55769.58716387 35.91 292.683564   3.967707 25.641 -100.00 -100.00 -100.00
 112    88.486 55769.58716446 32.26 292.684461   3.965206 16.889 -100.00 -100.00 -100.00
 112    92.848 55769.58716505 32.17 292.685358   3.962706 15.041 -100.00 -100.00 -100.00
 112    93.515 55769.58716564 34.90 292.686255   3.960205 22.580 -100.00 -100.00 -100.00
 113    88.362 55779.50280098 46.62 292.684291   3.968078   -100 -100.00 -100.00 -100.00
 113    88.688 55779.50280157 46.48 292.685188   3.965577   -100 -100.00 -100.00 -100.00
 113    88.505 55779.50280216 50.68 292.686085   3.963077  3.999 -100.00 -100.00 -100.00
 113    88.588 55779.50280275 50.52 292.686982   3.960576   -100 -100.00 -100.00 -100.00
 114    88.370 55789.41843552 48.65 292.685746   3.967791   -100 -100.00 -100.00 -100.00
 114    88.244 55789.41843611 47.18 292.686643   3.965291   -100 -100.00 -100.00 -100.00
 114    88.154 55789.41843670 50.14 292.687541   3.962790  9.131 -100.00 -100.00 -100.00
 115    87.859 55799.33406835 43.50 292.687816   3.968986 26.977 -100.00 -100.00 -100.00
 115    87.358 55799.33406894 47.68 292.688714   3.966485   -100 -100.00 -100.00 -100.00
 115    87.302 55799.33406953 51.44 292.689611   3.963985  2.520 -100.00 -100.00 -100.00
 115    87.411 55799.33407012 54.38 292.690508   3.961484   -100 -100.00 -100.00 -100.00
 116    87.486 55809.24971460 46.47 292.687425   3.967805 29.482 -100.00 -100.00 -100.00
 116    87.215 55809.24971519 49.25 292.688322   3.965305   -100 -100.00 -100.00 -100.00
 116    86.944 55809.24971578 54.67 292.689219   3.962804 20.671 -100.00 -100.00 -100.00
 117    86.546 55819.16536300 46.78 292.687119   3.967654 31.552 -100.00 -100.00 -100.00
 117    86.238 55819.16536359 50.80 292.688016   3.965153   -100 -100.00 -100.00 -100.00
 117    86.328 55819.16536418 54.62 292.688913   3.962653   -100 -100.00 -100.00 -100.00
 118    85.822 55829.08100688 44.24 292.687575   3.968690   -100 -100.00 -100.00 -100.00
 118    85.898 55829.08100747 46.44 292.688472   3.966189   -100 -100.00 -100.00 -100.00
 118    85.889 55829.08100806 47.85 292.689369   3.963689  3.094 -100.00 -100.00 -100.00
 118    85.853 55829.08100865 47.29 292.690266   3.961188  1.013 -100.00 -100.00 -100.00
 119    86.141 55838.99664673 43.25 292.688270   3.968083   -100 -100.00 -100.00 -100.00
 119    86.416 55838.99664732 45.81 292.689167   3.965582   -100 -100.00 -100.00 -100.00
 119    86.182 55838.99664791 47.73 292.690064   3.963082 23.304 -100.00 -100.00 -100.00
 120    91.763 55848.91228330 28.00 292.687663   3.969050 10.448 -100.00 -100.00 -100.00
 120    92.607 55848.91228389 29.24 292.688560   3.966549 11.562 -100.00 -100.00 -100.00
 120    93.289 55848.91228448 29.88 292.689457   3.964049 13.759 -100.00 -100.00 -100.00
 120    94.122 55848.91228507 34.12 292.690354   3.961548 22.912 -100.00 -100.00 -100.00
 121    85.986 55858.82791861 30.67 292.688786   3.968560 29.562 -100.00 -100.00 -100.00
 121    85.654 55858.82791920 24.93 292.689683   3.966060 14.027 -100.00 -100.00 -100.00
 121    85.589 55858.82791979 24.80 292.690581   3.963559 14.595 -100.00 -100.00 -100.00
 122    86.133 55868.74356680 34.03 292.687047   3.968962 18.908 -100.00 -100.00 -100.00
 122    86.283 55868.74356739 28.76 292.687944   3.966462  7.754 -100.00 -100.00 -100.00
 122    86.131 55868.74356798 36.10 292.688841   3.963961 25.165 -100.00 -100.00 -100.00
 122    86.251 55868.74356857 36.42 292.689738   3.961461 24.280 -100.00 -100.00 -100.00
 123    86.080 55878.65921916 34.91 292.686565   3.967145 15.423 -100.00 -100.00 -100.00
 123    86.031 55878.65921975 35.32 292.687462   3.964644 15.064 -100.00 -100.00 -100.00
 123    85.930 55878.65922035 39.16 292.688359   3.962144 30.131 -100.00 -100.00 -100.00
 124    86.472 55888.57486425 36.96 292.685916   3.968704 28.492 -100.00 -100.00 -100.00
 124    86.203 55888.57486484 39.39 292.686813   3.966203   -100 -100.00 -100.00 -100.00
 124    86.256 55888.57486543 42.46 292.687709   3.963703   -100 -100.00 -100.00 -100.00
 124    86.563 55888.57486602 43.56 292.688606   3.961202   -100 -100.00 -100.00 -100.00
 125    86.267 55898.49050438 38.98 292.686846   3.966880   -100 -100.00 -100.00 -100.00
 125    86.422 55898.49050497 44.46 292.687743   3.964380   -100 -100.00 -100.00 -100.00
 125    86.541 55898.49050556 42.62 292.688640   3.961879   -100 -100.00 -100.00 -100.00
 126    86.004 55908.40613857 45.29 292.687606   3.968965   -100 -100.00 -100.00 -100.00
 126    85.865 55908.40613916 47.64 292.688503   3.966464   -100 -100.00 -100.00 -100.00
 126    85.842 55908.40613975 49.87 292.689400   3.963964 11.908 -100.00 -100.00 -100.00
 126    85.804 55908.40614034 50.85 292.690297   3.961464 14.225 -100.00 -100.00 -100.00
 127    85.208 55918.32178754 50.94 292.685312   3.967159   -100 -100.00 -100.00 -100.00
 127    85.084 55918.32178813 56.84 292.686209   3.964659 28.804 -100.00 -100.00 -100.00
 127    85.261 55918.32178872 53.47 292.687106   3.962159  1.634 -100.00 -100.00 -100.00
 128    84.572 55928.23744047 50.57 292.683142   3.966398   -100 -100.00 -100.00 -100.00
 128    84.735 55928.23744106 53.77 292.684038   3.963897   -100 -100.00 -100.00 -100.00
 128    84.466 55928.23744165 53.80 292.684935   3.961397 24.757 -100.00 -100.00 -100.00
 129    84.233 55938.15308980 48.75 292.682730   3.966210   -100 -100.00 -100.00 -100.00
 129    84.140 55938.15309039 51.91 292.683627   3.963710   -100 -100.00 -100.00 -100.00
 129    83.954 55938.15309098 54.60 292.684524   3.961209   -100 -100.00 -100.00 -100.00
 130    83.481 55948.06873384 39.50 292.681760   3.967677   -100 -100.00 -100.00 -100.00
 130    83.893 55948.06873443 50.92 292.682657   3.965177   -100 -100.00 -100.00 -100.00
 130    83.577 55948.06873502 55.88 292.683554   3.962677   -100 -100.00 -100.00 -100.00
 130    83.784 55948.06873561 52.64 292.684451   3.960177   -100 -100.00 -100.00 -100.00
 131    83.920 55957.98437386 29.56 292.681527   3.966982 26.934 -100.00 -100.00 -100.00
 131    83.697 55957.98437445 27.69 292.682424   3.964482 23.074 -100.00 -100.00 -100.00
 131    84.176 55957.98437504 22.49 292.683321   3.961982 10.275 -100.00 -100.00 -100.00
 131    84.530 55957.98437563 21.42 292.684218   3.959482  7.732 -100.00 -100.00 -100.00
 132    83.774 55967.90001155 42.33 292.681459   3.967147   -100 -100.00 -100.00 -100.00
 132    83.616 55967.90001214 42.37 292.682356   3.964647   -100 -100.00 -100.00 -100.00
 132    83.643 55967.90001274 43.70 292.683253   3.962147   -100 -100.00 -100.00 -100.00
 132    83.659 55967.90001333 39.44 292.684150   3.959647 32.709 -100.00 -100.00 -100.00
 133    83.820 55977.81564885 39.36 292.682912   3.967059 32.330 -100.00 -100.00 -100.00
 133    83.129 55977.81564944 44.16 292.683809   3.964559 30.246 -100.00 -100.00 -100.00
 133    83.239 55977.81565003 39.41 292.684706   3.962059 23.661 -100.00 -100.00 -100.00
 133    83.327 55977.81565062 35.37 292.685603   3.959559   -100 -100.00 -100.00 -100.00
 134    83.452 55987.73128559 41.48 292.685860   3.967974   -100 -100.00 -100.00 -100.00
 134    83.377 55987.73128618 44.64 292.686757   3.965474  1.241 -100.00 -100.00 -100.00
 134    83.441 55987.73128677 43.64 292.687654   3.962974   -100 -100.00 -100.00 -100.00
 134    83.569 55987.73128736 41.07 292.688551   3.960474   -100 -100.00 -100.00 -100.00
 135    83.771 55997.64692594 43.41 292.688562   3.967914 23.075 -100.00 -100.00 -100.00
 135    83.116 55997.64692653 49.97 292.689459   3.965413 14.504 -100.00 -100.00 -100.00
 135    83.244 55997.64692712 53.89 292.690356   3.962913 22.813 -100.00 -100.00 -100.00
 136    83.445 56007.56257741 42.34 292.685985   3.968697   -100 -100.00 -100.00 -100.00
 136    83.287 56007.56257800 36.79 292.686882   3.966197 26.212 -100.00 -100.00 -100.00
 136    83.427 56007.56257859 33.43 292.687779   3.963697 14.892 -100.00 -100.00 -100.00
 136    84.162 56007.56257918 34.91 292.688676   3.961196 15.498 -100.00 -100.00 -100.00
 137    84.176 56017.47822522 45.86 292.683867   3.966715   -100 -100.00 -100.00 -100.00
 137    83.875 56017.47822581 48.79 292.684764   3.964215 10.763 -100.00 -100.00 -100.00
 137    83.886 56017.47822640 51.99 292.685661   3.961715   -100 -100.00 -100.00 -100.00
 138    84.436 56027.39386903 36.87 292.680358   3.968044 22.615 -100.00 -100.00 -100.00
 138    84.892 56027.39386962 41.47 292.681255   3.965544 26.029 -100.00 -100.00 -100.00
 138    84.385 56027.39387021 52.74 292.682152   3.963044 11.833 -100.00 -100.00 -100.00
 138    84.409 56027.39387080 53.33 292.683048   3.960544 26.490 -100.00 -100.00 -100.00
 139    85.819 56037.30951170 40.53 292.679688   3.966397 25.205 -100.00 -100.00 -100.00
 139    85.306 56037.30951229 52.00 292.680585   3.963897   -100 -100.00 -100.00 -100.00
 139    85.426 56037.30951288 51.99 292.681482   3.961397   -100 -100.00 -100.00 -100.00
 140    86.724 56047.22515201 41.71 292.681577   3.966804 20.192 -100.00 -100.00 -100.00
 140    85.825 56047.22515260 52.94 292.682474   3.964303 26.630 -100.00 -100.00 -100.00
 140    85.998 56047.22515319 51.66 292.683371   3.961803  2.636 -100.00 -100.00 -100.00
 140    85.880 56047.22515378 53.89 292.684268   3.959303 24.808 -100.00 -100.00 -100.00
 141    87.503 56057.14078944 44.46 292.684802   3.967608 30.681 -100.00 -100.00 -100.00
 141    86.957 56057.14079003 55.95 292.685699   3.965108   -100 -100.00 -100.00 -100.00
 141    87.156 56057.14079062 53.70 292.686596   3.962608  8.504 -100.00 -100.00 -100.00
 141    86.867 56057.14079121 54.06 292.687493   3.960107 27.514 -100.00 -100.00 -100.00
 142    87.098 56067.05642265 41.32 292.689127   3.968501   -100 -100.00 -100.00 -100.00
 142    86.963 56067.05642324 43.00 292.690024   3.966001   -100 -100.00 -100.00 -100.00
 142    87.200 56067.05642383 42.09 292.690920   3.963501   -100 -100.00 -100.00 -100.00
 143    86.403 56076.97207071 34.93 292.686693   3.968046 15.126 -100.00 -100.00 -100.00
 143    86.514 56076.97207130 33.89 292.687590   3.965546 11.413 -100.00 -100.00 -100.00
 143    86.408 56076.97207189 34.41 292.688486   3.963046 12.055 -100.00 -100.00 -100.00
 144    91.834 56086.88771937 27.97 292.683434   3.966525  9.366 -100.00 -100.00 -100.00
 144    92.861 56086.88771996 26.65 292.684331   3.964025  7.711 -100.00 -100.00 -100.00
 144    93.684 56086.88772055 25.77 292.685228   3.961524  5.867 -100.00 -100.00 -100.00
 145    86.671 56096.80336513 41.85 292.680971   3.968616   -100 -100.00 -100.00 -100.00
 145    86.670 56096.80336572 42.78 292.681868   3.966116   -100 -100.00 -100.00 -100.00
 145    86.720 56096.80336631 45.81 292.682765   3.963616   -100 -100.00 -100.00 -100.00
 145    86.802 56096.80336690 46.03 292.683662   3.961115   -100 -100.00 -100.00 -100.00
 146    88.294 56106.71901016 32.40 292.682336   3.966480 12.864 -100.00 -100.00 -100.00
 146    90.079 56106.71901075 29.62 292.683233   3.963980  8.021 -100.00 -100.00 -100.00
 146    93.216 56106.71901134 29.09 292.684130   3.961480  7.044 -100.00 -100.00 -100.00
 147    86.722 56116.63464043 31.62 292.684049   3.966450 15.829 -100.00 -100.00 -100.00
 147    86.731 56116.63464102 30.08 292.684946   3.963950 12.112 -100.00 -100.00 -100.00
 147    87.205 56116.63464161 31.21 292.685843   3.961449 12.848 -100.00 -100.00 -100.00
 148    87.351 56126.55027853 41.16 292.686081   3.966721   -100 -100.00 -100.00 -100.00
 148    87.367 56126.55027913 40.88 292.686978   3.964221 31.691 -100.00 -100.00 -100.00
 148    87.634 56126.55027972 37.93 292.687875   3.961720 19.403 -100.00 -100.00 -100.00
 149    88.030 56136.46591220 46.88 292.686922   3.968965  1.131 -100.00 -100.00 -100.00
 149    88.289 56136.46591279 47.12 292.687819   3.966464   -100 -100.00 -100.00 -100.00
 149    88.215 56136.46591338 48.66 292.688716   3.963964   -100 -100.00 -100.00 -100.00
 149    88.119 56136.46591398 49.87 292.689613   3.961463  2.899 -100.00 -100.00 -100.00
 150    89.226 56146.38155567 43.62 292.685099   3.968980 23.866 -100.00 -100.00 -100.00
 150    88.619 56146.38155626 48.55 292.685996   3.966480   -100 -100.00 -100.00 -100.00
 150    88.661 56146.38155685 51.88 292.686893   3.963979   -100 -100.00 -100.00 -100.00
 150    88.716 56146.38155744 53.51 292.687790   3.961479   -100 -100.00 -100.00 -100.00
 151    88.769 56156.29720466 43.81 292.682945   3.968660 29.049 -100.00 -100.00 -100.00
 151    88.425 56156.29720525 50.10 292.683843   3.966159   -100 -100.00 -100.00 -100.00
 151    88.518 56156.29720584 52.86 292.684740   3.963659   -100 -100.00 -100.00 -100.00
 151    88.554 56156.29720643 54.62 292.685637   3.961158  1.494 -100.00 -100.00 -100.00
 152    88.706 56166.21285288 35.15 292.682795   3.967701 26.622 -100.00 -100.00 -100.00
 152    88.430 56166.21285348 33.52 292.683693   3.965200 21.053 -100.00 -100.00 -100.00
 152    88.533 56166.21285407 38.20 292.684590   3.962700   -100 -100.00 -100.00 -100.00
 152    88.436 56166.21285466 41.78 292.685487   3.960199   -100 -100.00 -100.00 -100.00
 153    88.889 56176.12849858 44.73 292.683458   3.967868 27.816 -100.00 -100.00 -100.00
 153    88.651 56176.12849917 50.98 292.684356   3.965368   -100 -100.00 -100.00 -100.00
 153    88.300 56176.12849976 53.91 292.685253   3.962867 14.624 -100.00 -100.00 -100.00
 153    88.393 56176.12850035 52.45 292.686150   3.960367  7.186 -100.00 -100.00 -100.00
 154    88.338 56186.04413933 44.68 292.684754   3.968266   -100 -100.00 -100.00 -100.00
 154    87.989 56186.04413992 49.81 292.685651   3.965766  0.799 -100.00 -100.00 -100.00
 154    88.141 56186.04414051 52.88 292.686548   3.963265   -100 -100.00 -100.00 -100.00
 154    87.873 56186.04414110 53.65 292.687446   3.960765 25.293 -100.00 -100.00 -100.00
 155    86.812 56195.95977667 42.31 292.685881   3.967151   -100 -100.00 -100.00 -100.00
 155    86.760 56195.95977726 43.56 292.686778   3.964650   -100 -100.00 -100.00 -100.00
 155    87.066 56195.95977785 42.95 292.687675   3.962150   -100 -100.00 -100.00 -100.00
 156    86.322 56205.87541074 34.74 292.686010   3.968545 20.472 -100.00 -100.00 -100.00
 156    86.069 56205.87541133 30.47 292.686907   3.966044 11.973 -100.00 -100.00 -100.00
 156    86.031 56205.87541192 30.62 292.687804   3.963544 11.019 -100.00 -100.00 -100.00
 156    85.666 56205.87541251 35.51 292.688702   3.961043 24.512 -100.00 -100.00 -100.00
 157    85.430 56215.79104447 45.99 292.688476   3.967008   -100 -100.00 -100.00 -100.00
 157    85.322 56215.79104506 49.97 292.689373   3.964507  5.829 -100.00 -100.00 -100.00
 157    85.561 56215.79104565 52.02 292.690270   3.962006   -100 -100.00 -100.00 -100.00
 158    85.720 56225.70668377 37.39 292.689604   3.969243 24.209 -100.00 -100.00 -100.00
 158    85.641 56225.70668436 37.37 292.690501   3.966742 25.424 -100.00 -100.00 -100.00
 158    85.698 56225.70668495 37.40 292.691398   3.964241 24.642 -100.00 -100.00 -100.00
 159    84.543 56235.62233940 32.88 292.687660   3.969315 15.636 -100.00 -100.00 -100.00
 159    84.631 56235.62234000 32.49 292.688557   3.966814 13.662 -100.00 -100.00 -100.00
 159    84.475 56235.62234059 33.65 292.689454   3.964314 19.707 -100.00 -100.00 -100.00
 159    84.763 56235.62234118 34.90 292.690351   3.961813 20.171 -100.00 -100.00 -100.00
 160    84.317 56245.53799131 37.67 292.685883   3.968685 32.386 -100.00 -100.00 -100.00
 160    84.440 56245.53799190 33.86 292.686780   3.966184 20.628 -100.00 -100.00 -100.00
 160    84.583 56245.53799249 32.30 292.687677   3.963684 14.961 -100.00 -100.00 -100.00
 160    84.505 56245.53799308 38.32 292.688574   3.961183   -100 -100.00 -100.00 -100.00
 161    84.273 56255.45363806 46.83 292.683887   3.968136   -100 -100.00 -100.00 -100.00
 161    84.470 56255.45363865 48.08 292.684784   3.965636   -100 -100.00 -100.00 -100.00
 161    84.466 56255.45363924 44.88 292.685681   3.963135   -100 -100.00 -100.00 -100.00
 161    84.448 56255.45363983 49.01 292.686578   3.960635  4.724 -100.00 -100.00 -100.00
 162    84.998 56265.36928062 38.61 292.682556   3.967905 17.849 -100.00 -100.00 -100.00
 162    84.021 56265.36928121 50.10 292.683453   3.965405 11.470 -100.00 -100.00 -100.00
 162    84.096 56265.36928181 51.23 292.684350   3.962904   -100 -100.00 -100.00 -100.00
 162    84.131 56265.36928240 50.93 292.685247   3.960404   -100 -100.00 -100.00 -100.00
 163    84.166 56275.28492131 41.61 292.682284   3.968039 25.284 -100.00 -100.00 -100.00
 163    83.907 56275.28492190 48.94 292.683181   3.965539   -100 -100.00 -100.00 -100.00
 163    83.783 56275.28492249 51.91 292.684078   3.963038  8.197 -100.00 -100.00 -100.00
 163    83.679 56275.28492308 55.12 292.684975   3.960538   -100 -100.00 -100.00 -100.00
 164    83.879 56285.20056663 33.99 292.682221   3.968385   -100 -100.00 -100.00 -100.00
 164    83.643 56285.20056722 31.47 292.683118   3.965884   -100 -100.00 -100.00 -100.00
 164    83.823 56285.20056781 24.94 292.684015   3.963384 17.973 -100.00 -100.00 -100.00
 164    84.404 56285.20056840 20.13 292.684911   3.960884  7.359 -100.00 -100.00 -100.00
 165    83.362 56295.11621708 38.76 292.681751   3.967940 21.299 -100.00 -100.00 -100.00
 165    83.321 56295.11621768 50.92 292.682648   3.965440   -100 -100.00 -100.00 -100.00
 165    83.351 56295.11621827 53.47 292.683545   3.962940  2.063 -100.00 -100.00 -100.00
 165    83.376 56295.11621886 52.96 292.684442   3.960440   -100 -100.00 -100.00 -100.00
 166    82.734 56305.03186315 35.00 292.680755   3.968198 20.744 -100.00 -100.00 -100.00
 166    83.508 56305.03186374 39.71 292.681652   3.965698 19.531 -100.00 -100.00 -100.00
 166    82.691 56305.03186433 50.99 292.682549   3.963198 16.138 -100.00 -100.00 -100.00
 166    82.610 56305.03186492 51.16 292.683446   3.960698   -100 -100.00 -100.00 -100.00
 167    83.106 56314.94750604 30.32 292.679960   3.967108   -100 -100.00 -100.00 -100.00
 167    83.405 56314.94750663 24.59 292.680857   3.964608 14.495 -100.00 -100.00 -100.00
 167    83.655 56314.94750722 25.87 292.681754   3.962108 18.773 -100.00 -100.00 -100.00
 167    83.828 56314.94750781 23.94 292.682651   3.959608 14.756 -100.00 -100.00 -100.00
 168    82.956 56324.86314699 33.85 292.679204   3.967612 28.214 -100.00 -100.00 -100.00
 168    82.525 56324.86314758 36.30 292.680101   3.965112   -100 -100.00 -100.00 -100.00
 168    82.348 56324.86314817 35.25 292.680998   3.962612   -100 -100.00 -100.00 -100.00
 168    83.237 56324.86314876 35.54 292.681895   3.960112   -100 -100.00 -100.00 -100.00
 169    82.909 56334.77878799 18.17 292.680934   3.966281 13.682 -100.00 -100.00 -100.00
 169    89.521 56334.77878858 17.02 292.681831   3.963781 11.248 -100.00 -100.00 -100.00
 169    83.437 56334.77878917 18.14 292.682728   3.961281 13.688 -100.00 -100.00 -100.00
 170    83.295 56344.69442762 39.59 292.683042   3.968031   -100 -100.00 -100.00 -100.00
 170    83.202 56344.69442821 39.95 292.683939   3.965531   -100 -100.00 -100.00 -100.00
 170    83.489 56344.69442880 33.44 292.684836   3.963031 20.096 -100.00 -100.00 -100.00
 170    83.519 56344.69442939 35.75 292.685733   3.960530 28.305 -100.00 -100.00 -100.00
 171    83.169 56354.61006539 29.85 292.686236   3.968129   -100 -100.00 -100.00 -100.00
 171    83.047 56354.61006598 27.13 292.687133   3.965629   -100 -100.00 -100.00 -100.00
 171    83.849 56354.61006657 24.47 292.688030   3.963129 19.214 -100.00 -100.00 -100.00
 171    83.798 56354.61006716 27.19 292.688927   3.960628 31.301 -100.00 -100.00 -100.00
 172    83.197 56364.52571071 45.96 292.685596   3.967363   -100 -100.00 -100.00 -100.00
 172    82.854 56364.52571130 51.19 292.686493   3.964863 22.570 -100.00 -100.00 -100.00
 172    82.913 56364.52571189 53.13 292.687390   3.962363 23.254 -100.00 -100.00 -100.00
 173    82.980 56374.44135968 39.86 292.681998   3.967537   -100 -100.00 -100.00 -100.00
 173    82.535 56374.44136027 42.41 292.682895   3.965037  6.430 -100.00 -100.00 -100.00
 173    82.569 56374.44136086 34.63 292.683792   3.962537 29.620 -100.00 -100.00 -100.00
 173    82.506 56374.44136145 32.62 292.684689   3.960037 20.166 -100.00 -100.00 -100.00
 175    82.480 56394.27264889 30.03 292.677943   3.968382 25.898 -100.00 -100.00 -100.00
 175    82.260 56394.27264948 34.17 292.678840   3.965882 28.234 -100.00 -100.00 -100.00
 175    82.628 56394.27265007 46.16 292.679736   3.963382   -100 -100.00 -100.00 -100.00
 175    82.726 56394.27265066 51.27 292.680633   3.960881   -100 -100.00 -100.00 -100.00
 176    84.070 56404.18829071 43.62 292.679713   3.968240 23.778 -100.00 -100.00 -100.00
 176    83.917 56404.18829130 44.74 292.680610   3.965740 29.828 -100.00 -100.00 -100.00
 176    83.862 56404.18829189 49.46 292.681506   3.963240   -100 -100.00 -100.00 -100.00
 176    83.833 56404.18829248 50.50 292.682403   3.960740   -100 -100.00 -100.00 -100.00
 177    84.708 56414.10392981 49.12 292.683237   3.967072 23.899 -100.00 -100.00 -100.00
 177    85.021 56414.10393040 52.81 292.684134   3.964572   -100 -100.00 -100.00 -100.00
 177    84.975 56414.10393099 51.24 292.685030   3.962071   -100 -100.00 -100.00 -100.00
 177    84.754 56414.10393158 55.22 292.685927   3.959571   -100 -100.00 -100.00 -100.00
 178    85.321 56424.01956373 43.89 292.687365   3.967647   -100 -100.00 -100.00 -100.00
 178    85.241 56424.01956432 45.01 292.688262   3.965147  9.091 -100.00 -100.00 -100.00
 178    85.225 56424.01956491 46.54 292.689159   3.962647  9.570 -100.00 -100.00 -100.00
 179    85.930 56433.93520822 36.25 292.686038   3.968670 26.369 -100.00 -100.00 -100.00
 179    85.901 56433.93520881 31.64 292.686935   3.966170 13.450 -100.00 -100.00 -100.00
 179    86.044 56433.93520940 35.82 292.687832   3.963669 24.825 -100.00 -100.00 -100.00
 179    86.081 56433.93520999 40.23 292.688729   3.961169   -100 -100.00 -100.00 -100.00
 180    86.844 56443.85085991 38.91 292.681437   3.968538   -100 -100.00 -100.00 -100.00
 180    86.865 56443.85086050 33.27 292.682334   3.966037 15.140 -100.00 -100.00 -100.00
 180    87.053 56443.85086109 32.01 292.683231   3.963537 11.905 -100.00 -100.00 -100.00
 180    87.068 56443.85086168 32.08 292.684128   3.961037 11.136 -100.00 -100.00 -100.00
 181    87.529 56453.76650964 32.54 292.679080   3.967404 10.088 -100.00 -100.00 -100.00
 181    87.517 56453.76651023 33.11 292.679977   3.964904 11.374 -100.00 -100.00 -100.00
 181    87.523 56453.76651082 32.95 292.680874   3.962404 10.899 -100.00 -100.00 -100.00
 181    87.406 56453.76651141 36.23 292.681771   3.959903 17.865 -100.00 -100.00 -100.00
 182    87.779 56463.68215693 36.65 292.678806   3.966553 13.194 -100.00 -100.00 -100.00
 182    87.860 56463.68215752 38.47 292.679703   3.964053 17.915 -100.00 -100.00 -100.00
 182    87.751 56463.68215811 37.94 292.680600   3.961553 17.034 -100.00 -100.00 -100.00
 183    87.754 56473.59780046 35.67 292.679205   3.967773 21.002 -100.00 -100.00 -100.00
 183    87.828 56473.59780105 33.53 292.680102   3.965273 14.036 -100.00 -100.00 -100.00
 183    87.929 56473.59780164 32.64 292.680999   3.962773 11.707 -100.00 -100.00 -100.00
 183    87.844 56473.59780223 32.65 292.681896   3.960272 12.871 -100.00 -100.00 -100.00
 184    87.527 56483.51344096 36.16 292.680780   3.967644   -100 -100.00 -100.00 -100.00
 184    87.470 56483.51344155 29.69 292.681677   3.965143 16.383 -100.00 -100.00 -100.00
 184    87.263 56483.51344215 30.47 292.682574   3.962643 17.726 -100.00 -100.00 -100.00
 184    87.175 56483.51344274 32.03 292.683472   3.960143 23.853 -100.00 -100.00 -100.00
 185    88.111 56493.42907771 45.92 292.681887   3.968293   -100 -100.00 -100.00 -100.00
 185    87.724 56493.42907830 51.00 292.682785   3.965793  5.281 -100.00 -100.00 -100.00
 185    87.944 56493.42907889 51.39 292.683682   3.963292  1.990 -100.00 -100.00 -100.00
 185    87.797 56493.42907948 51.57 292.684579   3.960792  8.368 -100.00 -100.00 -100.00
 186    87.763 56503.34471255 45.48 292.684956   3.966445   -100 -100.00 -100.00 -100.00
 186    87.637 56503.34471314 47.24 292.685853   3.963945 13.672 -100.00 -100.00 -100.00
 186    87.960 56503.34471373 46.80 292.686750   3.961444   -100 -100.00 -100.00 -100.00
 187    87.389 56513.26034487 34.38 292.688741   3.968470 23.122 -100.00 -100.00 -100.00
 187    90.509 56513.26034546 30.85 292.689638   3.965970 13.338 -100.00 -100.00 -100.00
 187    87.233 56513.26034605 29.90 292.690535   3.963469 11.426 -100.00 -100.00 -100.00
 188    88.373 56523.17599347 44.81 292.688481   3.968468 25.827 -100.00 -100.00 -100.00
 188    87.978 56523.17599406 49.93 292.689378   3.965967   -100 -100.00 -100.00 -100.00
 188    87.678 56523.17599465 53.19 292.690275   3.963467 18.586 -100.00 -100.00 -100.00
 189    87.744 56533.09164492 47.77 292.686812   3.967694   -100 -100.00 -100.00 -100.00
 189    87.638 56533.09164551 51.90 292.687709   3.965193   -100 -100.00 -100.00 -100.00
 189    87.574 56533.09164610 54.01 292.688606   3.962693 10.873 -100.00 -100.00 -100.00
 191    87.487 56552.92293661 36.96 292.682482   3.967932 26.462 -100.00 -100.00 -100.00
 191    87.314 56552.92293720 30.65 292.683379   3.965431 13.714 -100.00 -100.00 -100.00
 191    87.388 56552.92293779 30.28 292.684276   3.962931 11.069 -100.00 -100.00 -100.00
 191    87.335 56552.92293838 30.60 292.685173   3.960430 11.881 -100.00 -100.00 -100.00
 192    87.088 56562.83857946 30.94 292.681893   3.966768 12.766 -100.00 -100.00 -100.00
 192    86.842 56562.83858005 29.95 292.682790   3.964267 10.667 -100.00 -100.00 -100.00
 192    87.015 56562.83858064 29.42 292.683687   3.961766  9.961 -100.00 -100.00 -100.00
 192    86.715 56562.83858123 31.37 292.684585   3.959266 14.015 -100.00 -100.00 -100.00
 193    86.687 56572.75422119 38.36 292.682475   3.966785 27.420 -100.00 -100.00 -100.00
 193    86.481 56572.75422178 38.02 292.683372   3.964284 27.332 -100.00 -100.00 -100.00
 193    86.628 56572.75422237 38.59 292.684269   3.961784 28.162 -100.00 -100.00 -100.00
 193    86.656 56572.75422296 36.28 292.685166   3.959283 20.909 -100.00 -100.00 -100.00
 194    85.898 56582.66986081 38.11 292.684242   3.968546   -100 -100.00 -100.00 -100.00
 194    92.178 56582.66986140 30.01 292.685139   3.966045 13.283 -100.00 -100.00 -100.00
 194    93.269 56582.66986199 27.46 292.686036   3.963545  7.118 -100.00 -100.00 -100.00
 194    93.987 56582.66986258 29.42 292.686933   3.961044  9.592 -100.00 -100.00 -100.00
 195    86.038 56592.58549658 38.47 292.688492   3.968926   -100 -100.00 -100.00 -100.00
 195    85.989 56592.58549717 35.63 292.689389   3.966425 23.916 -100.00 -100.00 -100.00
 195    85.920 56592.58549776 34.74 292.690286   3.963924 19.140 -100.00 -100.00 -100.00
 195    85.915 56592.58549835 38.06 292.691183   3.961424 31.539 -100.00 -100.00 -100.00
 196    85.314 56602.50114830 46.52 292.686769   3.966798  6.786 -100.00 -100.00 -100.00
 196    85.173 56602.50114889 38.61 292.687666   3.964298   -100 -100.00 -100.00 -100.00
 196    85.460 56602.50114948 42.11 292.688563   3.961797   -100 -100.00 -100.00 -100.00
 197    85.337 56612.41679730 42.08 292.682985   3.968427 29.575 -100.00 -100.00 -100.00
 197    85.104 56612.41679789 48.31 292.683882   3.965926   -100 -100.00 -100.00 -100.00
 197    85.076 56612.41679848 47.37 292.684779   3.963426   -100 -100.00 -100.00 -100.00
 197    84.992 56612.41679907 50.86 292.685676   3.960925 25.881 -100.00 -100.00 -100.00
 198    84.861 56622.33244278 48.24 292.682413   3.966193   -100 -100.00 -100.00 -100.00
 198    84.535 56622.33244337 52.34 292.683310   3.963693 23.107 -100.00 -100.00 -100.00
 198    84.722 56622.33244396 53.05 292.684207   3.961192  4.949 -100.00 -100.00 -100.00
 199    85.125 56632.24808445 40.95 292.682011   3.967609 25.873 -100.00 -100.00 -100.00
 199    84.777 56632.24808504 52.99 292.682908   3.965108  0.065 -100.00 -100.00 -100.00
 199    84.846 56632.24808563 51.40 292.683805   3.962608   -100 -100.00 -100.00 -100.00
 199    84.882 56632.24808622 52.01 292.684702   3.960107   -100 -100.00 -100.00 -100.00
 200    84.124 56642.16372232 34.57 292.684921   3.967076   -100 -100.00 -100.00 -100.00
 200    83.933 56642.16372291 29.16 292.685818   3.964576 27.218 -100.00 -100.00 -100.00
 200    84.523 56642.16372350 25.18 292.686715   3.962075 12.856 -100.00 -100.00 -100.00
 201    84.619 56652.07937101 38.84 292.683452   3.968714 16.077 -100.00 -100.00 -100.00
 201    83.484 56652.07937160 51.20 292.684349   3.966213 10.078 -100.00 -100.00 -100.00
 201    83.498 56652.07937219 48.69 292.685246   3.963713 11.196 -100.00 -100.00 -100.00
 201    83.398 56652.07937278 52.27 292.686143   3.961213   -100 -100.00 -100.00 -100.00
 202    83.246 56661.99502097 38.88 292.682155   3.966270   -100 -100.00 -100.00 -100.00
 202    83.247 56661.99502156 37.07 292.683052   3.963770   -100 -100.00 -100.00 -100.00
 202    83.091 56661.99502215 35.67 292.683949   3.961269   -100 -100.00 -100.00 -100.00
 203    83.095 56671.91066731 41.57 292.679686   3.967825   -100 -100.00 -100.00 -100.00
 203    83.206 56671.91066790 44.01 292.680583   3.965325   -100 -100.00 -100.00 -100.00
 203    83.096 56671.91066849 46.71 292.681480   3.962825   -100 -100.00 -100.00 -100.00
 203    82.947 56671.91066908 41.72 292.682377   3.960325   -100 -100.00 -100.00 -100.00
 204    82.774 56681.82631273 37.87 292.678964   3.967598 25.309 -100.00 -100.00 -100.00
 204    82.902 56681.82631333 36.54 292.679861   3.965098 21.198 -100.00 -100.00 -100.00
 204    82.886 56681.82631392 39.26 292.680758   3.962598 32.145 -100.00 -100.00 -100.00
 204    84.185 56681.82631451 35.74 292.681655   3.960097 16.000 -100.00 -100.00 -100.00
 205    82.373 56691.74195677 31.76 292.680627   3.966281   -100 -100.00 -100.00 -100.00
 205    82.553 56691.74195736 30.21 292.681524   3.963780   -100 -100.00 -100.00 -100.00
 205    83.278 56691.74195795 26.54 292.682421   3.961280 20.286 -100.00 -100.00 -100.00
 206    83.248 56701.65759665 27.50 292.683204   3.967427   -100 -100.00 -100.00 -100.00
 206    83.161 56701.65759724 21.57 292.684100   3.964927 19.200 -100.00 -100.00 -100.00
 206    83.686 56701.65759783 20.63 292.684997   3.962427 12.866 -100.00 -100.00 -100.00
 206    84.030 56701.65759842 19.16 292.685894   3.959927  9.625 -100.00 -100.00 -100.00
 207    83.082 56711.57323178 31.16 292.686291   3.967863   -100 -100.00 -100.00 -100.00
 207    83.497 56711.57323237 25.09 292.687188   3.965362 28.800 -100.00 -100.00 -100.00
 207    83.806 56711.57323296 23.16 292.688085   3.962862 15.232 -100.00 -100.00 -100.00
 208    82.421 56721.48887724 49.11 292.684450   3.966755  2.462 -100.00 -100.00 -100.00
 208    82.388 56721.48887783 48.71 292.685347   3.964255 22.505 -100.00 -100.00 -100.00
 208    82.380 56721.48887842 47.36 292.686244   3.961755 17.942 -100.00 -100.00 -100.00
 209    82.290 56731.40452849 34.18 292.679334   3.967916 20.297 -100.00 -100.00 -100.00
 209    82.760 56731.40452908 39.00 292.680231   3.965416 22.656 -100.00 -100.00 -100.00
 209    82.899 56731.40452967 50.26 292.681128   3.962916   -100 -100.00 -100.00 -100.00
 209    82.811 56731.40453027 55.00 292.682025   3.960416   -100 -100.00 -100.00 -100.00
 210    82.223 56741.32017629 32.14 292.677348   3.967504 27.004 -100.00 -100.00 -100.00
 210    82.721 56741.32017688 39.14 292.678245   3.965004   -100 -100.00 -100.00 -100.00
 210    82.512 56741.32017747 47.86 292.679141   3.962504   -100 -100.00 -100.00 -100.00
 210    82.584 56741.32017806 46.20 292.680038   3.960004  5.797 -100.00 -100.00 -100.00
 211    82.862 56751.23582003 26.18 292.678683   3.966396 17.292 -100.00 -100.00 -100.00
 211    82.953 56751.23582062 24.65 292.679580   3.963896 14.250 -100.00 -100.00 -100.00
 211    83.695 56751.23582121 24.16 292.680477   3.961396 11.633 -100.00 -100.00 -100.00
 212    83.599 56761.15145814 35.08 292.681833   3.967933 23.399 -100.00 -100.00 -100.00
 212    83.175 56761.15145873 47.08 292.682730   3.965433   -100 -100.00 -100.00 -100.00
 212    83.174 56761.15145932 43.69 292.683626   3.962933   -100 -100.00 -100.00 -100.00
 212    83.235 56761.15145991 48.36 292.684523   3.960433   -100 -100.00 -100.00 -100.00
 213    83.925 56771.06709020 47.04 292.687075   3.967315   -100 -100.00 -100.00 -100.00
 213    83.614 56771.06709079 50.50 292.687971   3.964815 16.938 -100.00 -100.00 -100.00
 213    83.715 56771.06709138 52.28 292.688868   3.962315 10.727 -100.00 -100.00 -100.00
 214    83.928 56780.98274347 37.50 292.682694   3.968286   -100 -100.00 -100.00 -100.00
 214    83.754 56780.98274406 38.83 292.683591   3.965786  4.354 -100.00 -100.00 -100.00
 214    83.682 56780.98274465 30.51 292.684488   3.963286 26.511 -100.00 -100.00 -100.00
 214    83.503 56780.98274524 32.53 292.685385   3.960786   -100 -100.00 -100.00 -100.00
 215    88.880 56790.89839778 24.53 292.678234   3.967791  8.965 -100.00 -100.00 -100.00
 215    90.046 56790.89839837 24.82 292.679131   3.965291  9.910 -100.00 -100.00 -100.00
 215    90.811 56790.89839896 22.74 292.680028   3.962790  7.707 -100.00 -100.00 -100.00
 215    84.636 56790.89839955 31.01 292.680925   3.960290 25.966 -100.00 -100.00 -100.00
 216    84.462 56800.81404928 38.89 292.674732   3.967489   -100 -100.00 -100.00 -100.00
 216    84.556 56800.81404987 37.92 292.675629   3.964989 26.691 -100.00 -100.00 -100.00
 216    84.218 56800.81405046 36.54 292.676526   3.962488 26.826 -100.00 -100.00 -100.00
 216    84.410 56800.81405105 33.24 292.677423   3.959988 16.626 -100.00 -100.00 -100.00
 217    84.971 56810.72969446 29.68 292.675051   3.966671 24.645 -100.00 -100.00 -100.00
 217    85.103 56810.72969505 25.02 292.675948   3.964171 11.996 -100.00 -100.00 -100.00
 217    84.787 56810.72969564 27.10 292.676845   3.961671 16.308 -100.00 -100.00 -100.00
 218    89.665 56820.64533501 26.48 292.677077   3.966686 10.222 -100.00 -100.00 -100.00
 218    90.865 56820.64533560 27.43 292.677974   3.964186 12.256 -100.00 -100.00 -100.00
 218    91.225 56820.64533620 26.88 292.678871   3.961685 11.094 -100.00 -100.00 -100.00
 219    87.169 56830.56097167 40.21 292.680294   3.966383   -100 -100.00 -100.00 -100.00
 219    86.937 56830.56097226 41.41 292.681191   3.963883   -100 -100.00 -100.00 -100.00
 219    87.056 56830.56097285 41.21 292.682088   3.961383   -100 -100.00 -100.00 -100.00
 220    87.800 56840.47660446 46.93 292.683128   3.968555   -100 -100.00 -100.00 -100.00
 220    87.648 56840.47660505 47.33 292.684025   3.966055   -100 -100.00 -100.00 -100.00
 220    87.680 56840.47660564 43.77 292.684922   3.963554   -100 -100.00 -100.00 -100.00
 220    87.569 56840.47660623 42.01 292.685820   3.961054   -100 -100.00 -100.00 -100.00
 221    88.887 56850.39223981 44.18 292.685526   3.968547 25.769 -100.00 -100.00 -100.00
 221    88.277 56850.39224040 50.15 292.686423   3.966047   -100 -100.00 -100.00 -100.00
 221    88.338 56850.39224099 53.14 292.687320   3.963547  4.949 -100.00 -100.00 -100.00
 221    88.435 56850.39224158 51.95 292.688217   3.961047   -100 -100.00 -100.00 -100.00
 222    88.207 56860.30789403 49.14 292.682766   3.966674   -100 -100.00 -100.00 -100.00
 222    88.210 56860.30789462 52.29 292.683663   3.964174 13.476 -100.00 -100.00 -100.00
 222    88.268 56860.30789521 54.30 292.684560   3.961674 15.191 -100.00 -100.00 -100.00
 223    87.604 56870.22354660 37.39 292.680466   3.968539   -100 -100.00 -100.00 -100.00
 223    87.592 56870.22354719 30.66 292.681363   3.966039 17.516 -100.00 -100.00 -100.00
 223    87.522 56870.22354778 31.49 292.682260   3.963538 18.573 -100.00 -100.00 -100.00
 223    87.468 56870.22354837 32.61 292.683157   3.961038 23.871 -100.00 -100.00 -100.00
 224    88.440 56880.13919742 44.96 292.680521   3.966580 31.614 -100.00 -100.00 -100.00
 224    88.244 56880.13919801 49.38 292.681418   3.964079   -100 -100.00 -100.00 -100.00
 224    88.299 56880.13919860 52.48 292.682315   3.961579   -100 -100.00 -100.00 -100.00
 225    89.066 56890.05484405 43.03 292.679322   3.967128 31.677 -100.00 -100.00 -100.00
 225    88.973 56890.05484464 49.43 292.680219   3.964627   -100 -100.00 -100.00 -100.00
 225    88.881 56890.05484523 51.23 292.681116   3.962127  4.120 -100.00 -100.00 -100.00
 225    88.695 56890.05484582 51.26 292.682013   3.959626 28.859 -100.00 -100.00 -100.00
 226    88.484 56899.97048759 32.62 292.676843   3.968714 21.387 -100.00 -100.00 -100.00
 226    88.475 56899.97048818 30.92 292.677741   3.966214 17.455 -100.00 -100.00 -100.00
 226    88.169 56899.97048878 34.23 292.678638   3.963713 30.339 -100.00 -100.00 -100.00
 226    88.486 56899.97048937 34.76 292.679535   3.961213 26.229 -100.00 -100.00 -100.00
 227    87.682 56909.88612956 42.18 292.674987   3.968893   -100 -100.00 -100.00 -100.00
 227    87.517 56909.88613015 42.83 292.675884   3.966392   -100 -100.00 -100.00 -100.00
 227    87.661 56909.88613074 46.08 292.676781   3.963892   -100 -100.00 -100.00 -100.00
 227    87.421 56909.88613133 48.32 292.677678   3.961391 14.665 -100.00 -100.00 -100.00
 228    86.553 56919.80177052 32.53 292.675957   3.968489 16.875 -100.00 -100.00 -100.00
 228    86.676 56919.80177111 29.97 292.676854   3.965989 11.247 -100.00 -100.00 -100.00
 228    86.505 56919.80177170 30.30 292.677751   3.963488 12.481 -100.00 -100.00 -100.00
 228    86.585 56919.80177229 30.46 292.678648   3.960987 12.140 -100.00 -100.00 -100.00
 229    86.029 56929.71740976 34.52 292.679548   3.968462 18.514 -100.00 -100.00 -100.00
 229    85.938 56929.71741035 30.50 292.680445   3.965961 10.022 -100.00 -100.00 -100.00
 229    85.843 56929.71741094 30.32 292.681342   3.963460  9.306 -100.00 -100.00 -100.00
 229    85.898 56929.71741153 31.99 292.682239   3.960960 12.710 -100.00 -100.00 -100.00
 230    84.952 56939.63304477 32.27 292.684853   3.967858 15.916 -100.00 -100.00 -100.00
 230    84.767 56939.63304536 31.26 292.685750   3.965357 16.263 -100.00 -100.00 -100.00
 230    84.746 56939.63304595 30.65 292.686647   3.962856 14.426 -100.00 -100.00 -100.00
 230    84.807 56939.63304654 35.44 292.687544   3.960356 28.269 -100.00 -100.00 -100.00
 231    85.377 56949.54868203 40.48 292.687844   3.968265 27.691 -100.00 -100.00 -100.00
 231    85.323 56949.54868262 41.42 292.688741   3.965765 31.983 -100.00 -100.00 -100.00
 231    85.462 56949.54868321 41.93 292.689638   3.963264   -100 -100.00 -100.00 -100.00
 232    86.329 56959.46433450 44.00 292.683786   3.967929   -100 -100.00 -100.00 -100.00
 232    86.443 56959.46433509 49.50 292.684683   3.965428   -100 -100.00 -100.00 -100.00
 232    86.461 56959.46433568 51.23 292.685580   3.962928   -100 -100.00 -100.00 -100.00
 232    86.356 56959.46433627 53.53 292.686477   3.960427 31.141 -100.00 -100.00 -100.00
 233    86.093 56969.37998169 39.09 292.680633   3.967821 18.408 -100.00 -100.00 -100.00
 233    85.344 56969.37998228 51.55 292.681530   3.965320   -100 -100.00 -100.00 -100.00
 233    85.404 56969.37998287 50.47 292.682427   3.962820   -100 -100.00 -100.00 -100.00
 233    85.293 56969.37998346 53.37 292.683324   3.960319  5.162 -100.00 -100.00 -100.00
 234    85.117 56979.29562510 41.16 292.680579   3.967483 26.093 -100.00 -100.00 -100.00
 234    84.997 56979.29562569 47.39 292.681476   3.964983   -100 -100.00 -100.00 -100.00
 234    84.781 56979.29562628 50.23 292.682373   3.962482   -100 -100.00 -100.00 -100.00
 234    84.670 56979.29562687 53.42 292.683270   3.959982 17.151 -100.00 -100.00 -100.00
 235    85.247 56989.21126380 38.95 292.682762   3.968576 32.567 -100.00 -100.00 -100.00
 235    85.258 56989.21126439 51.12 292.683659   3.966075   -100 -100.00 -100.00 -100.00
 235    85.089 56989.21126498 56.42 292.684556   3.963575 25.632 -100.00 -100.00 -100.00
 235    85.191 56989.21126557 53.76 292.685453   3.961075  2.466 -100.00 -100.00 -100.00
 236    83.861 56999.12689692 46.30 292.688336   3.967368   -100 -100.00 -100.00 -100.00
 236    83.758 56999.12689751 51.56 292.689233   3.964868 17.151 -100.00 -100.00 -100.00
 236    83.705 56999.12689810 52.49 292.690130   3.962368 14.624 -100.00 -100.00 -100.00
 237    83.826 57009.04254792 34.80 292.685938   3.968262   -100 -100.00 -100.00 -100.00
 237    83.900 57009.04254851 28.38 292.686835   3.965761   -100 -100.00 -100.00 -100.00
 237    84.194 57009.04254910 26.48 292.687732   3.963261 21.837 -100.00 -100.00 -100.00
 237    84.350 57009.04254969 30.95 292.688629   3.960761   -100 -100.00 -100.00 -100.00
 238    83.712 57018.95820027 35.61 292.682687   3.967696 13.381 -100.00 -100.00 -100.00
 238    83.592 57018.95820086 26.43 292.683584   3.965196   -100 -100.00 -100.00 -100.00
 238    84.150 57018.95820146 22.34 292.684481   3.962695 11.674 -100.00 -100.00 -100.00
 238    84.335 57018.95820205 20.99 292.685378   3.960195  8.526 -100.00 -100.00 -100.00
 239    83.586 57028.87384987 28.67 292.680174   3.967298 28.556 -100.00 -100.00 -100.00
 239    83.698 57028.87385046 22.94 292.681071   3.964798 12.013 -100.00 -100.00 -100.00
 239    83.911 57028.87385105 22.17 292.681968   3.962298 10.451 -100.00 -100.00 -100.00
 239    84.095 57028.87385164 21.66 292.682865   3.959797 10.471 -100.00 -100.00 -100.00
 240    82.844 57038.78949818 40.68 292.679237   3.966987   -100 -100.00 -100.00 -100.00
 240    82.941 57038.78949877 46.53 292.680134   3.964487   -100 -100.00 -100.00 -100.00
 240    82.631 57038.78949937 47.21 292.681031   3.961987  4.175 -100.00 -100.00 -100.00
 240    83.720 57038.78949996 36.58 292.681928   3.959487 22.448 -100.00 -100.00 -100.00
 241    83.094 57048.70514445 21.86 292.680170   3.966690 19.361 -100.00 -100.00 -100.00
 241    83.345 57048.70514504 20.71 292.681067   3.964190 16.229 -100.00 -100.00 -100.00
 241    83.412 57048.70514563 22.90 292.681964   3.961689 21.955 -100.00 -100.00 -100.00
 241    83.546 57048.70514622 23.23 292.682861   3.959189 22.535 -100.00 -100.00 -100.00
 242    83.028 57058.62078675 23.22 292.682275   3.967447 27.648 -100.00 -100.00 -100.00
 242    83.449 57058.62078734 17.65 292.683172   3.964946 10.625 -100.00 -100.00 -100.00
 242    83.718 57058.62078793 18.35 292.684069   3.962446 10.333 -100.00 -100.00 -100.00
 242    83.842 57058.62078852 17.30 292.684965   3.959946 10.099 -100.00 -100.00 -100.00
 243    83.056 57068.53642319 36.57 292.684150   3.968786 24.316 -100.00 -100.00 -100.00
 243    82.710 57068.53642378 32.65 292.685047   3.966286 26.826 -100.00 -100.00 -100.00
 243    82.542 57068.53642437 39.93 292.685944   3.963786   -100 -100.00 -100.00 -100.00
 243    83.261 57068.53642496 41.18 292.686841   3.961285 20.866 -100.00 -100.00 -100.00
 244    83.109 57078.45205562 30.65 292.686072   3.968191   -100 -100.00 -100.00 -100.00
 244    82.451 57078.45205621 32.87 292.686969   3.965691   -100 -100.00 -100.00 -100.00
 244    82.176 57078.45205680 39.17 292.687866   3.963191  7.059 -100.00 -100.00 -100.00
 244    83.740 57078.45205739 38.00 292.688763   3.960690 16.370 -100.00 -100.00 -100.00
 245    82.702 57088.36769081 46.45 292.687223   3.967729   -100 -100.00 -100.00 -100.00
 245    82.235 57088.36769140 51.65 292.688120   3.965228   -100 -100.00 -100.00 -100.00
 245    82.538 57088.36769199 51.57 292.689016   3.962728   -100 -100.00 -100.00 -100.00
 246    82.851 57098.28334867 32.40 292.682322   3.967906   -100 -100.00 -100.00 -100.00
 246    82.498 57098.28334926 29.90 292.683218   3.965406   -100 -100.00 -100.00 -100.00
 246    82.191 57098.28334985 27.85 292.684115   3.962906 31.754 -100.00 -100.00 -100.00
 246    82.160 57098.28335044 35.54 292.685012   3.960406   -100 -100.00 -100.00 -100.00
 247    82.145 57108.19900393 35.48 292.680668   3.966860 21.462 -100.00 -100.00 -100.00
 247    82.523 57108.19900452 47.33 292.681565   3.964360  0.443 -100.00 -100.00 -100.00
 247    82.668 57108.19900511 52.64 292.682462   3.961860   -100 -100.00 -100.00 -100.00
 247    82.401 57108.19900570 52.70 292.683359   3.959360   -100 -100.00 -100.00 -100.00
 248    82.727 57118.11465379 28.20 292.681013   3.967522   -100 -100.00 -100.00 -100.00
 248    82.803 57118.11465438 23.20 292.681910   3.965021 18.523 -100.00 -100.00 -100.00
 248    82.843 57118.11465497 23.53 292.682806   3.962521 19.795 -100.00 -100.00 -100.00
 248    83.217 57118.11465556 21.82 292.683703   3.960021 14.038 -100.00 -100.00 -100.00
 249    82.819 57128.03029768 28.33 292.681372   3.967552   -100 -100.00 -100.00 -100.00
 249    83.016 57128.03029827 23.38 292.682269   3.965052 24.320 -100.00 -100.00 -100.00
 249    83.229 57128.03029886 24.36 292.683166   3.962552 22.214 -100.00 -100.00 -100.00
 249    83.047 57128.03029945 24.66 292.684063   3.960052 24.957 -100.00 -100.00 -100.00
 250    83.459 57137.94593608 30.87 292.681462   3.967576 15.830 -100.00 -100.00 -100.00
 250    83.429 57137.94593667 30.38 292.682359   3.965076 15.059 -100.00 -100.00 -100.00
 250    82.933 57137.94593726 27.07 292.683256   3.962576  8.257 -100.00 -100.00 -100.00
 250    82.844 57137.94593785 27.47 292.684153   3.960076  9.206 -100.00 -100.00 -100.00
 251    83.104 57147.86157128 47.23 292.683286   3.966318   -100 -100.00 -100.00 -100.00
 251    83.027 57147.86157187 42.85 292.684183   3.963818   -100 -100.00 -100.00 -100.00
 251    82.610 57147.86157246 40.47 292.685080   3.961318   -100 -100.00 -100.00 -100.00
 252    82.824 57157.77720377 35.73 292.686467   3.967470   -100 -100.00 -100.00 -100.00
 252    82.717 57157.77720436 37.13 292.687364   3.964969   -100 -100.00 -100.00 -100.00
 252    82.924 57157.77720495 39.93 292.688261   3.962469   -100 -100.00 -100.00 -100.00
 253    84.061 57167.69285082 40.29 292.687009   3.966825 31.568 -100.00 -100.00 -100.00
 253    84.207 57167.69285141 42.17 292.687906   3.964324   -100 -100.00 -100.00 -100.00
 253    84.191 57167.69285200 43.41 292.688803   3.961824   -100 -100.00 -100.00 -100.00
 254    84.581 57177.60850720 49.45 292.684303   3.966524  0.065 -100.00 -100.00 -100.00
 254    84.544 57177.60850779 50.71 292.685200   3.964023 13.165 -100.00 -100.00 -100.00
 254    84.524 57177.60850838 52.68 292.686097   3.961523 21.563 -100.00 -100.00 -100.00
 255    84.624 57187.52415936 28.43 292.681684   3.966764 14.880 -100.00 -100.00 -100.00
 255    92.237 57187.52415995 24.23 292.682581   3.964263  8.000 -100.00 -100.00 -100.00
 255    93.001 57187.52416054 23.75 292.683478   3.961763  7.719 -100.00 -100.00 -100.00
 255    93.720 57187.52416113 24.82 292.684375   3.959263  9.312 -100.00 -100.00 -100.00
 256    87.273 57197.43980719 43.30 292.679466   3.967499 24.756 -100.00 -100.00 -100.00
 256    86.953 57197.43980778 47.56 292.680363   3.964998   -100 -100.00 -100.00 -100.00
 256    86.679 57197.43980837 53.57 292.681260   3.962498 17.797 -100.00 -100.00 -100.00
 256    86.736 57197.43980896 54.33 292.682157   3.959998   -100 -100.00 -100.00 -100.00
 257    86.593 57207.35544113 31.12 292.678108   3.968290 13.341 -100.00 -100.00 -100.00
 257    86.533 57207.35544172 33.17 292.679005   3.965790 18.342 -100.00 -100.00 -100.00
 257    86.850 57207.35544231 36.97 292.679902   3.963290 29.133 -100.00 -100.00 -100.00
 257    87.047 57207.35544290 38.22 292.680799   3.960789 24.187 -100.00 -100.00 -100.00
 258    87.438 57217.27108541 37.53 292.678498   3.968414 15.867 -100.00 -100.00 -100.00
 258    87.141 57217.27108600 40.32 292.679395   3.965913 23.071 -100.00 -100.00 -100.00
 258    86.884 57217.27108659 46.12 292.680292   3.963413   -100 -100.00 -100.00 -100.00
 258    86.554 57217.27108718 50.44 292.681189   3.960913   -100 -100.00 -100.00 -100.00
 259    86.829 57227.18672876 38.00 292.680603   3.968034 21.092 -100.00 -100.00 -100.00
 259    86.873 57227.18672936 37.21 292.681500   3.965533 19.421 -100.00 -100.00 -100.00
 259    86.739 57227.18672995 37.84 292.682397   3.963033 18.866 -100.00 -100.00 -100.00
 259    86.722 57227.18673054 37.14 292.683294   3.960532 18.535 -100.00 -100.00 -100.00
 260    87.891 57237.10237020 49.58 292.683415   3.966933   -100 -100.00 -100.00 -100.00
 260    87.866 57237.10237079 51.42 292.684312   3.964433   -100 -100.00 -100.00 -100.00
 260    87.873 57237.10237138 54.44 292.685209   3.961932  9.758 -100.00 -100.00 -100.00
 261    87.179 57247.01800797 34.46 292.685481   3.966911 25.377 -100.00 -100.00 -100.00
 261    87.119 57247.01800856 34.33 292.686378   3.964410 23.229 -100.00 -100.00 -100.00
 261    87.120 57247.01800915 37.81 292.687275   3.961909   -100 -100.00 -100.00 -100.00
 262    92.259 57256.93364317 29.66 292.686747   3.966987  9.800 -100.00 -100.00 -100.00
 262    93.193 57256.93364376 30.83 292.687644   3.964486 11.697 -100.00 -100.00 -100.00
 262    93.569 57256.93364435 30.44 292.688542   3.961986 13.969 -100.00 -100.00 -100.00
 263    86.989 57266.84927730 37.17 292.687872   3.967698 17.838 -100.00 -100.00 -100.00
 263    87.130 57266.84927789 36.27 292.688769   3.965198 15.217 -100.00 -100.00 -100.00
 263    87.011 57266.84927848 41.06 292.689666   3.962697 28.525 -100.00 -100.00 -100.00
 264    86.171 57276.76492273 35.28 292.686945   3.969054 22.517 -100.00 -100.00 -100.00
 264    86.217 57276.76492332 31.20 292.687842   3.966553 11.431 -100.00 -100.00 -100.00
 264    86.076 57276.76492391 32.09 292.688739   3.964052 14.865 -100.00 -100.00 -100.00
 264    86.086 57276.76492450 33.81 292.689636   3.961551 18.123 -100.00 -100.00 -100.00
 265    85.458 57286.68057982 38.34 292.685433   3.967714 27.570 -100.00 -100.00 -100.00
 265    85.261 57286.68058041 36.70 292.686330   3.965214 26.313 -100.00 -100.00 -100.00
 265    85.273 57286.68058100 39.98 292.687227   3.962713   -100 -100.00 -100.00 -100.00
 266    84.657 57296.59623358 26.68 292.683388   3.968704 12.919 -100.00 -100.00 -100.00
 266    84.410 57296.59623417 23.23 292.684285   3.966203  7.447 -100.00 -100.00 -100.00
 266    84.475 57296.59623476 23.67 292.685183   3.963702  7.923 -100.00 -100.00 -100.00
 266    86.483 57296.59623535 21.57 292.686080   3.961202  5.649 -100.00 -100.00 -100.00
 267    84.059 57306.51188434 32.44 292.682307   3.966920 20.237 -100.00 -100.00 -100.00
 267    92.497 57306.51188493 26.00 292.683204   3.964419  6.360 -100.00 -100.00 -100.00
 267    93.242 57306.51188552 26.47 292.684101   3.961919  8.097 -100.00 -100.00 -100.00
 267    94.321 57306.51188611 26.35 292.684998   3.959418  7.050 -100.00 -100.00 -100.00
 268    84.544 57316.42753056 44.19 292.679338   3.967662 28.404 -100.00 -100.00 -100.00
 268    84.463 57316.42753115 46.50 292.680235   3.965161   -100 -100.00 -100.00 -100.00
 268    84.407 57316.42753174 49.63 292.681132   3.962661   -100 -100.00 -100.00 -100.00
 268    84.275 57316.42753233 50.26 292.682029   3.960160 10.066 -100.00 -100.00 -100.00
 269    83.765 57326.34317351 44.00 292.677278   3.967533   -100 -100.00 -100.00 -100.00
 269    83.867 57326.34317410 41.90 292.678175   3.965032 30.383 -100.00 -100.00 -100.00
 269    83.939 57326.34317469 43.72 292.679072   3.962532   -100 -100.00 -100.00 -100.00
 269    83.951 57326.34317528 42.35 292.679969   3.960031   -100 -100.00 -100.00 -100.00
 270    79.939 57336.25881432 20.20 292.677733   3.968056 16.327 -100.00 -100.00 -100.00
 270    72.863 57336.25881492 20.65 292.678630   3.965556 15.667 -100.00 -100.00 -100.00
 270    73.954 57336.25881551 22.70 292.679527   3.963055 21.188 -100.00 -100.00 -100.00
 270    75.134 57336.25881610 23.39 292.680424   3.960555 18.401 -100.00 -100.00 -100.00
 271    83.626 57346.17446120 37.52 292.678492   3.967525   -100 -100.00 -100.00 -100.00
 271    84.347 57346.17446179 43.15 292.679389   3.965025 28.090 -100.00 -100.00 -100.00
 271    83.904 57346.17446238 54.70 292.680286   3.962524 31.551 -100.00 -100.00 -100.00
 271    83.880 57346.17446297 52.23 292.681183   3.960024  9.276 -100.00 -100.00 -100.00
 272    83.259 57356.09010819 42.44 292.678938   3.967580   -100 -100.00 -100.00 -100.00
 272    83.280 57356.09010878 44.50 292.679835   3.965080   -100 -100.00 -100.00 -100.00
 272    83.250 57356.09010937 48.34 292.680732   3.962579   -100 -100.00 -100.00 -100.00
 272    83.102 57356.09010996 50.76 292.681629   3.960079 22.135 -100.00 -100.00 -100.00
 273    82.911 57366.00575182 42.87 292.680124   3.966495   -100 -100.00 -100.00 -100.00
 273    83.034 57366.00575242 44.19 292.681021   3.963995   -100 -100.00 -100.00 -100.00
 273    83.035 57366.00575301 40.72 292.681918   3.961494   -100 -100.00 -100.00 -100.00
 274    82.484 57375.92139184 40.09 292.680508   3.967597   -100 -100.00 -100.00 -100.00
 274    82.770 57375.92139243 41.30 292.681405   3.965097 30.704 -100.00 -100.00 -100.00
 274    82.386 57375.92139302 42.02 292.682302   3.962596   -100 -100.00 -100.00 -100.00
 274    82.432 57375.92139361 45.26 292.683199   3.960096 10.622 -100.00 -100.00 -100.00
 275    83.462 57385.83703089 26.06 292.682335   3.966683 28.740 -100.00 -100.00 -100.00
 275    83.584 57385.83703148 19.00 292.683232   3.964182 11.769 -100.00 -100.00 -100.00
 275    83.704 57385.83703207 21.23 292.684129   3.961682 17.257 -100.00 -100.00 -100.00
 275    83.793 57385.83703266 22.14 292.685026   3.959182 20.515 -100.00 -100.00 -100.00
 276    83.245 57395.75266951 28.19 292.684957   3.966657 28.000 -100.00 -100.00 -100.00
 276    83.560 57395.75267010 24.20 292.685854   3.964157 16.696 -100.00 -100.00 -100.00
 276    83.981 57395.75267069 26.94 292.686751   3.961657 21.627 -100.00 -100.00 -100.00
 277    83.298 57405.66830710 24.12 292.688203   3.967594 17.397 -100.00 -100.00 -100.00
 277    81.851 57405.66830769 30.19 292.689100   3.965093   -100 -100.00 -100.00 -100.00
 277    83.653 57405.66830828 33.16 292.689997   3.962593   -100 -100.00 -100.00 -100.00
 278    82.806 57415.58395646 33.75 292.686704   3.969117   -100 -100.00 -100.00 -100.00
 278    81.804 57415.58395705 35.03 292.687601   3.966616   -100 -100.00 -100.00 -100.00
 278    81.637 57415.58395764 40.42 292.688498   3.964116   -100 -100.00 -100.00 -100.00
 278    83.804 57415.58395823 38.80 292.689395   3.961616   -100 -100.00 -100.00 -100.00
 279    82.526 57425.49960837 41.18 292.684141   3.967827 22.689 -100.00 -100.00 -100.00
 279    81.555 57425.49960896 52.85 292.685038   3.965327   -100 -100.00 -100.00 -100.00
 279    81.591 57425.49960955 51.86 292.685934   3.962827   -100 -100.00 -100.00 -100.00
 279    81.493 57425.49961014 52.83 292.686831   3.960327   -100 -100.00 -100.00 -100.00
 280    81.534 57435.41525665 32.56 292.680290   3.968409 28.607 -100.00 -100.00 -100.00
 280    81.538 57435.41525724 37.61 292.681187   3.965909   -100 -100.00 -100.00 -100.00
 280    81.781 57435.41525783 48.47 292.682084   3.963409  4.211 -100.00 -100.00 -100.00
 280    81.794 57435.41525842 54.70 292.682980   3.960909   -100 -100.00 -100.00 -100.00
 281    81.707 57445.33090318 30.70 292.678187   3.968267 22.343 -100.00 -100.00 -100.00
 281    82.557 57445.33090377 34.67 292.679084   3.965767 25.588 -100.00 -100.00 -100.00
 281    81.505 57445.33090436 46.86 292.679981   3.963267   -100 -100.00 -100.00 -100.00
 281    81.691 57445.33090495 40.38 292.680878   3.960767 27.082 -100.00 -100.00 -100.00
 282    81.672 57455.24654924 33.34 292.678757   3.966634   -100 -100.00 -100.00 -100.00
 282    81.913 57455.24654983 45.30 292.679653   3.964133   -100 -100.00 -100.00 -100.00
 282    82.183 57455.24655042 40.28 292.680550   3.961633 32.501 -100.00 -100.00 -100.00
 283    82.421 57465.16219280 27.40 292.680553   3.967258 24.830 -100.00 -100.00 -100.00
 283    81.551 57465.16219339 28.21 292.681450   3.964758 32.541 -100.00 -100.00 -100.00
 283    81.797 57465.16219398 31.33 292.682347   3.962258   -100 -100.00 -100.00 -100.00
 283    81.981 57465.16219457 31.64 292.683244   3.959758 27.430 -100.00 -100.00 -100.00
 284    82.344 57475.07783268 33.73 292.683909   3.967884   -100 -100.00 -100.00 -100.00
 284    81.732 57475.07783327 32.68 292.684806   3.965384   -100 -100.00 -100.00 -100.00
 284    81.764 57475.07783386 40.34 292.685702   3.962884  6.116 -100.00 -100.00 -100.00
 284    82.831 57475.07783445 37.62 292.686599   3.960383 19.695 -100.00 -100.00 -100.00
 285    82.302 57484.99346904 45.23 292.686313   3.968315  0.226 -100.00 -100.00 -100.00
 285    82.187 57484.99346963 37.43 292.687210   3.965815   -100 -100.00 -100.00 -100.00
 285    82.044 57484.99347022 32.53 292.688107   3.963315   -100 -100.00 -100.00 -100.00
 285    83.722 57484.99347081 35.41 292.689004   3.960815   -100 -100.00 -100.00 -100.00
 286    90.095 57494.90910289 23.50 292.687871   3.967871  7.244 -100.00 -100.00 -100.00
 286    90.612 57494.90910348 25.23 292.688768   3.965370  8.992 -100.00 -100.00 -100.00
 286    84.461 57494.90910407 31.68 292.689665   3.962870 23.525 -100.00 -100.00 -100.00
 287    83.709 57504.82473512 24.70 292.690044   3.968333  6.788 -100.00 -100.00 -100.00
 287    84.500 57504.82473571 23.94 292.690941   3.965833  5.259 -100.00 -100.00 -100.00
 287    84.539 57504.82473630 26.24 292.691838   3.963333  8.780 -100.00 -100.00 -100.00
 288    85.236 57514.74039153 35.03 292.685978   3.967120 12.461 -100.00 -100.00 -100.00
 288    85.272 57514.74039212 34.84 292.686875   3.964620 11.922 -100.00 -100.00 -100.00
 288    85.176 57514.74039271 34.90 292.687772   3.962119 13.514 -100.00 -100.00 -100.00
 289    85.720 57524.65604607 45.51 292.684036   3.966414   -100 -100.00 -100.00 -100.00
 289    86.011 57524.65604666 41.75 292.684933   3.963914 30.864 -100.00 -100.00 -100.00
 289    85.797 57524.65604725 47.36 292.685830   3.961414  7.551 -100.00 -100.00 -100.00
 290    85.708 57534.57169813 44.84 292.682661   3.966576   -100 -100.00 -100.00 -100.00
 290    86.047 57534.57169872 49.45 292.683558   3.964076   -100 -100.00 -100.00 -100.00
 290    85.866 57534.57169931 49.66 292.684455   3.961576   -100 -100.00 -100.00 -100.00
 291    88.309 57544.48734709 31.58 292.680910   3.966877  8.588 -100.00 -100.00 -100.00
 291    92.446 57544.48734768 31.40 292.681807   3.964377  8.682 -100.00 -100.00 -100.00
 291    92.965 57544.48734827 31.89 292.682704   3.961877  9.239 -100.00 -100.00 -100.00
 291    93.775 57544.48734886 32.21 292.683601   3.959377  9.670 -100.00 -100.00 -100.00
 292    86.414 57554.40299318 44.31 292.679032   3.968369   -100 -100.00 -100.00 -100.00
 292    86.469 57554.40299377 43.60 292.679929   3.965868 30.714 -100.00 -100.00 -100.00
 292    86.560 57554.40299436 42.72 292.680826   3.963368 31.130 -100.00 -100.00 -100.00
 292    86.363 57554.40299495 44.06 292.681723   3.960868   -100 -100.00 -100.00 -100.00
 293    87.211 57564.31863804 40.63 292.679053   3.967728 30.789 -100.00 -100.00 -100.00
 293    87.355 57564.31863863 36.86 292.679950   3.965228 15.590 -100.00 -100.00 -100.00
 293    87.612 57564.31863922 37.62 292.680846   3.962727 16.664 -100.00 -100.00 -100.00
 293    87.349 57564.31863981 39.20 292.681743   3.960227 24.953 -100.00 -100.00 -100.00
 294    88.601 57574.23428243 43.24 292.680346   3.966229 26.895 -100.00 -100.00 -100.00
 294    88.373 57574.23428302 48.67 292.681242   3.963729   -100 -100.00 -100.00 -100.00
 294    88.072 57574.23428362 51.65 292.682139   3.961229  4.794 -100.00 -100.00 -100.00
 295    88.484 57584.14992566 32.35 292.680984   3.967626 20.018 -100.00 -100.00 -100.00
 295    88.205 57584.14992625 31.37 292.681881   3.965126 15.905 -100.00 -100.00 -100.00
 295    89.732 57584.14992684 30.53 292.682778   3.962626 14.254 -100.00 -100.00 -100.00
 295    90.987 57584.14992743 29.89 292.683675   3.960125 12.980 -100.00 -100.00 -100.00
 296    88.537 57594.06556745 45.25 292.682522   3.966720   -100 -100.00 -100.00 -100.00
 296    88.438 57594.06556804 48.08 292.683419   3.964219   -100 -100.00 -100.00 -100.00
 296    88.630 57594.06556863 48.57 292.684316   3.961719   -100 -100.00 -100.00 -100.00
 296    88.611 57594.06556922 49.53 292.685213   3.959219   -100 -100.00 -100.00 -100.00
 297    88.796 57603.98120677 47.77 292.683136   3.967366   -100 -100.00 -100.00 -100.00
 297    88.686 57603.98120736 51.65 292.684033   3.964865  1.861 -100.00 -100.00 -100.00
 297    88.946 57603.98120795 53.42 292.684930   3.962365   -100 -100.00 -100.00 -100.00
 297    88.707 57603.98120854 55.49 292.685827   3.959864 30.114 -100.00 -100.00 -100.00
