-121638.992    40.191     0.00   16.24
-121349.985    39.351    -2.91   16.08
-121060.982    38.438    -3.16   15.46
-120771.981    36.755    -5.82   15.37
-120482.982    35.220    -5.31   15.16
-120193.986    35.272     0.18   14.49
-119904.992    38.677    11.78   19.49
-119616.001    37.720    -3.31   19.35
-119327.013    38.095     1.30   23.07
-119038.027    31.770   -21.89   16.79
-118748.570    31.041    -2.52   16.74
-118459.042    26.986   -14.01    9.67
-118169.517    25.129    -6.41    8.59
-117879.995    24.824    -1.05    8.95
-117590.475    25.876     3.63    9.74
-117300.958    26.686     2.80   11.23
-117011.443    26.924     0.82   10.93
-116721.931    25.524    -4.84   10.96
-116432.421    23.551    -6.82   11.69
-116142.914    22.395    -3.99   12.54
-115853.410    19.374   -10.43   12.29
-115563.908    17.127    -7.76   11.88
-115274.408    14.761    -8.17    8.91
-114984.911    12.299    -8.50    5.67
-114695.417    11.924    -1.29    6.11
-114405.925    12.031     0.37    6.64
-114116.435    11.772    -0.89    7.11
-113826.948    13.341     5.42    7.73
-113537.464    17.180    13.26   10.41
-113247.982    20.583    11.76   11.62
-112958.503    22.841     7.80   11.63
-112669.026    26.627    13.08    9.77
-112379.552    28.723     7.24    8.36
-112090.080    30.203     5.12    5.47
-111800.611    31.169     3.34    7.15
-111511.144    33.255     7.21   10.51
-111221.680    33.031    -0.77   10.88
-110932.218    33.272     0.83   10.81
-110642.759    34.445     4.05   11.39
-110353.302    37.658    11.10   15.08
-110063.848    39.600     6.71   17.65
-109774.396    41.108     5.21   19.43
-109484.947    45.913    16.60   22.59
-109195.500    49.514    12.44   21.38
-108906.056    53.124    12.48   23.07
-108616.614    54.400     4.41   22.57
-108327.175    60.824    22.20   31.23
-108037.738    67.109    21.71   37.82
-107748.304    72.531    18.73   42.34
-107458.872    73.508     3.38   42.62
-107169.443    72.163    -4.65   40.87
-106880.016    67.890   -14.76   35.85
-106590.592    67.720    -0.59   33.86
-106301.170    68.808     3.76   31.84
-106011.751    69.807     3.45   33.26
-105722.334    69.724    -0.28   34.39
-105432.920    69.491    -0.81   35.87
-105143.508    66.941    -8.81   36.89
-104854.099    59.674   -25.11   38.08
-104564.692    50.927   -30.22   31.83
-104275.288    45.892   -17.40   28.84
-103985.886    40.858   -17.39   23.57
-103696.487    36.300   -15.75   13.66
-103407.090    33.841    -8.50   10.96
-103117.695    32.305    -5.31   11.22
-102828.303    32.502     0.68   18.20
-102538.914    33.634     3.91   19.36
-102249.527    33.358    -0.96   18.94
-101960.142    32.129    -4.25   18.36
-101670.760    30.774    -4.68   17.47
-101381.380    26.531   -14.66    5.05
-101092.003    24.367    -7.48    4.84
-100802.629    23.071    -4.48    4.25
-100513.256    22.874    -0.68    3.65
-100223.887    22.761    -0.39    3.67
 -99934.519    23.280     1.79    3.91
 -99645.154    23.996     2.48    4.76
 -99355.792    25.238     4.29    5.54
 -99066.432    27.307     7.15    8.61
 -98777.075    30.628    11.48   15.46
 -98487.720    32.048     4.91   15.84
 -98198.367    35.065    10.43   21.93
 -97909.017    34.651    -1.43   21.63
 -97619.669    30.502   -14.34   13.79
 -97330.324    28.710    -6.19   14.29
 -97040.981    25.893    -9.74   13.13
 -96751.641    21.333   -15.76   11.56
 -96462.303    17.894   -11.89   10.77
 -96172.968    14.479   -11.80   11.33
 -95883.635    10.415   -14.05    9.36
 -95594.304     7.892    -8.72    7.13
 -95304.976     6.051    -6.36    6.07
 -95015.650     4.163    -6.53    4.26
 -94726.327     3.724    -1.51    4.12
 -94437.006     3.445    -0.97    4.49
 -94147.688     3.858     1.43    4.55
 -93858.372     3.874     0.06    4.68
 -93569.059     4.117     0.84    4.31
 -93279.747     4.214     0.34    4.09
 -92990.439     3.430    -2.71    3.97
 -92701.133     2.890    -1.87    3.75
 -92411.829     2.011    -3.04    2.97
 -92122.527     1.809    -0.70    2.86
 -91833.229     2.028     0.76    2.69
 -91543.932     3.109     3.74    3.47
 -91254.638     5.180     7.16    5.49
 -90965.346     7.376     7.59    6.73
 -90676.057     9.574     7.60    6.95
 -90386.770    10.638     3.68    6.74
 -90097.486    11.031     1.36    6.43
 -89808.204    10.927    -0.36    6.32
 -89518.924    11.255     1.13    5.98
 -89229.647    11.136    -0.41    5.85
 -88940.372    12.031     3.09    5.89
 -88651.100    13.424     4.82    5.67
 -88361.830    15.496     7.16    4.95
 -88072.562    17.117     5.60    3.64
 -87783.297    17.694     1.99    3.84
 -87494.035    17.208    -1.68    3.71
 -87204.774    16.724    -1.67    3.76
 -86915.516    16.403    -1.11    3.92
 -86626.261    16.341    -0.21    3.99
 -86337.008    16.308    -0.12    4.28
 -86047.757    17.892     5.48    5.40
 -85758.509    20.258     8.18    7.71
 -85469.263    22.065     6.25    9.70
 -85180.019    24.333     7.84    9.94
 -84890.778    25.403     3.70    9.97
 -84601.539    26.041     2.21    9.37
 -84312.303    26.972     3.22    9.09
 -84023.069    27.065     0.32    8.05
 -83733.838    27.258     0.67    6.08
 -83444.608    28.028     2.66    6.81
 -83155.382    29.926     6.56    9.79
 -82866.157    34.282    15.06   20.30
 -82576.935    36.655     8.20   24.45
 -82287.715    37.464     2.80   24.24
 -81998.498    39.104     5.67   24.37
 -81709.283    38.824    -0.97   23.84
 -81420.071    38.427    -1.37   23.97
 -81130.861    36.744    -5.82   22.29
 -80841.653    29.991   -23.35    5.09
 -80552.447    28.926    -3.68    4.28
 -80263.244    29.220     1.02    3.87
 -79974.044    29.350     0.45    4.59
 -79684.845    30.706     4.69    5.74
 -79395.649    32.621     6.62    6.54
 -79106.456    34.906     7.90    7.93
 -78817.265    38.108    11.07    9.45
 -78528.076    42.020    13.53   10.57
 -78238.889    46.807    16.56   11.91
 -77949.705    50.583    13.06   12.46
 -77660.524    54.743    14.39   16.47
 -77371.344    56.031     4.45   16.38
 -77082.167    53.979    -7.10   17.89
 -76792.993    52.272    -5.90   18.59
 -76503.820    48.333   -13.62   17.23
 -76214.650    44.641   -12.77   14.30
 -75925.483    41.358   -11.35    9.39
 -75636.318    41.091    -0.92    9.86
 -75347.155    41.198     0.37   10.62
 -75057.994    44.910    12.84   13.95
 -74768.836    48.924    13.88   17.22
 -74479.680    50.180     4.34   18.21
 -74190.527    50.317     0.47   17.25
 -73901.375    49.270    -3.62   14.60
 -73612.227    48.945    -1.12   14.28
 -73323.080    47.358    -5.49   14.21
 -73033.936    43.108   -14.70   13.84
 -72744.794    40.366    -9.48    8.89
 -72455.655    39.927    -1.52    9.47
 -72166.518    39.941     0.05   12.42
 -71877.383    36.358   -12.39   10.11
 -71588.250    35.759    -2.07    9.83
 -71299.120    36.058     1.03    9.40
 -71009.992    36.924     3.00   10.07
 -70720.867    36.708    -0.75    9.70
 -70431.744    36.686    -0.08    8.73
 -70142.623    36.994     1.06    8.27
 -69853.504    37.789     2.75    8.15
 -69564.388    37.120    -2.32    8.32
 -69275.274    40.524    11.78   20.95
 -68986.163    42.484     6.78   25.08
 -68697.054    43.427     3.26   27.75
 -68407.947    40.324   -10.73   29.34
 -68118.842    38.758    -5.42   32.39
 -67829.740    35.434   -11.50   33.18
 -67540.640    26.558   -30.70   23.25
 -67251.543    19.738   -23.59    7.45
 -66962.447    18.104    -5.65    7.12
 -66673.354    17.574    -1.83    7.35
 -66384.264    16.384    -4.12    6.20
 -66095.175    15.277    -3.83    5.23
 -65806.089    13.910    -4.73    4.11
 -65517.005    13.548    -1.25    3.69
 -65227.924    13.238    -1.07    3.36
 -64938.845    13.755     1.79    4.08
 -64649.768    14.284     1.83    4.82
 -64360.693    15.117     2.88    5.75
 -64071.621    16.996     6.50    6.79
 -63782.551    18.341     4.65    7.52
 -63493.483    20.548     7.63    7.61
 -63204.418    22.373     6.31    7.85
 -62915.355    23.773     4.84    7.49
 -62626.294    25.570     6.22    8.13
 -62337.236    26.350     2.70    6.61
 -62048.180    27.755     4.86    7.42
 -61759.126    31.174    11.83   15.19
 -61470.074    32.024     2.94   15.73
 -61181.025    33.051     3.55   15.36
 -60891.978    34.680     5.64   15.48
 -60602.933    34.024    -2.27   14.99
 -60313.891    33.403    -2.15   15.45
 -60024.850    31.524    -6.50   14.95
 -59735.812    28.136   -11.72    7.04
 -59446.777    26.996    -3.94    3.89
 -59157.743    26.689    -1.06    2.89
 -58868.712    26.999     1.07    3.24
 -58579.684    27.774     2.68    3.23
 -58290.657    28.224     1.56    3.26
 -58001.633    28.191    -0.12    3.46
 -57712.611    28.028    -0.57    3.60
 -57423.591    27.666    -1.25    3.79
 -57134.574    27.791     0.43    3.85
 -56845.558    27.548    -0.84    3.96
 -56556.256    27.458    -0.31    4.15
 -56266.753    27.756     1.03    3.85
 -55977.252    28.604     2.93    5.56
 -55687.753    29.686     3.74    8.98
 -55398.257    32.930    11.21   12.80
 -55108.763    36.061    10.82   15.03
 -54819.271    37.723     5.74   14.95
 -54529.782    38.024     1.04   14.82
 -54240.295    38.376     1.21   14.73
 -53950.810    39.297     3.18   13.36
 -53661.327    39.391     0.32   11.82
 -53371.846    38.519    -3.01   10.38
 -53082.368    37.408    -3.84    6.94
 -52792.892    37.876     1.62    6.86
 -52503.418    38.893     3.51    9.73
 -52213.947    40.307     4.88   12.95
 -51924.478    41.720     4.88   14.63
 -51635.011    42.005     0.98   14.40
 -51345.546    44.186     7.53   14.74
 -51056.084    46.672     8.59   14.39
 -50766.624    47.020     1.20   12.55
 -50477.166    46.875    -0.50    8.37
 -50187.710    59.793    44.63   30.51
 -49898.257    79.146    66.86   50.07
 -49608.805    93.308    48.93   50.19
 -49319.356    97.496    14.47   49.45
 -49029.910   106.272    30.32   59.43
 -48740.465   105.608    -2.30   60.19
 -48451.023   100.451   -17.82   59.87
 -48161.583    90.438   -34.60   57.54
 -47872.145    73.520   -58.45   34.78
 -47582.710    61.724   -40.75   26.40
 -47293.276    53.894   -27.06   20.28
 -47003.845    48.567   -18.40   15.38
 -46714.416    44.574   -13.79   12.35
 -46424.990    42.258    -8.00    9.47
 -46135.565    40.255    -6.92    8.28
 -45846.143    41.543     4.45   12.73
 -45556.723    45.258    12.84   21.06
 -45267.306    51.875    22.86   36.13
 -44977.890    58.349    22.37   40.61
 -44688.477    58.691     1.18   41.07
 -44399.066    56.627    -7.13   42.41
 -44109.657    50.502   -21.16   37.24
 -43820.250    44.065   -22.24   31.47
 -43530.846    38.513   -19.18   20.87
 -43241.444    35.548   -10.25   10.91
 -42952.044    34.169    -4.77    5.42
 -42662.646    34.220     0.18    4.49
 -42373.250    33.462    -2.62    4.26
 -42083.857    32.071    -4.81    4.90
 -41794.466    29.807    -7.82    6.45
 -41505.077    26.974    -9.79    7.37
 -41215.690    24.034   -10.16    7.23
 -40926.306    21.100   -10.14    7.23
 -40636.924    19.021    -7.18    6.62
 -40347.543    18.074    -3.27    7.78
 -40058.166    20.595     8.71   13.10
 -39768.790    23.367     9.58   15.48
 -39479.416    26.462    10.69   16.35
 -39190.045    28.434     6.82   14.84
 -38900.676    27.574    -2.97   10.86
 -38611.309    26.974    -2.07    7.85
 -38321.944    26.462    -1.77    5.72
 -38032.582    24.909    -5.37    5.58
 -37743.221    25.841     3.22   12.08
 -37453.863    25.291    -1.90   12.95
 -37164.507    24.424    -3.00   13.02
 -36875.153    24.410    -0.05   13.18
 -36585.802    23.774    -2.20   13.30
 -36296.452    23.524    -0.86   13.46
 -36007.105    23.112    -1.42   13.49
 -35717.760    20.876    -7.73    6.70
 -35428.417    20.400    -1.64    5.02
 -35139.077    20.774     1.29    5.18
 -34849.738    21.052     0.96    4.73
 -34560.402    22.124     3.71    4.89
 -34271.068    22.772     2.24    4.78
 -33981.736    22.940     0.58    4.73
 -33692.406    22.724    -0.74    4.74
 -33403.078    22.299    -1.47    5.46
 -33113.753    22.703     1.40    5.85
 -32824.429    23.087     1.33    5.83
 -32535.108    22.940    -0.51    5.89
 -32245.789    23.608     2.31    6.33
 -31956.472    24.615     3.48    6.72
 -31667.158    26.926     7.99    6.87
 -31377.845    29.100     7.51    6.48
 -31088.535    29.024    -0.26    6.97
 -30799.227    30.169     3.96    6.98
 -30509.921    32.448     7.88    8.45
 -30220.617    34.083     5.65    8.99
 -29931.315    35.720     5.66   11.70
 -29642.016    38.651    10.13   18.58
 -29352.718    40.048     4.83   18.04
 -29063.423    43.291    11.21   19.99
 -28774.130    43.186    -0.36   19.51
 -28484.839    40.524    -9.20   16.35
 -28195.550    37.609   -10.08    5.50
 -27906.264    37.117    -1.70    4.61
 -27616.979    37.208     0.31    4.21
 -27327.697    36.739    -1.62    4.22
 -27038.416    37.448     2.45    5.16
 -26749.138    38.484     3.58    6.66
 -26459.862    40.151     5.76   13.92
 -26170.589    39.265    -3.06   14.31
 -25881.317    35.958   -11.43   12.32
 -25592.047    33.212    -9.49   12.57
 -25302.780    29.962   -11.24    7.51
 -25013.515    25.841   -14.25    6.73
 -24724.252    23.245    -8.98    5.63
 -24434.991    21.792    -5.02    4.92
 -24145.732    20.858    -3.23    4.05
 -23856.475    20.045    -2.81    3.57
 -23567.221    19.773    -0.94    3.39
 -23277.968    19.514    -0.90    2.36
 -22988.718    19.908     1.36    2.35
 -22699.469    20.324     1.44    2.10
 -22410.223    20.185    -0.48    1.97
 -22120.979    20.241     0.19    1.85
 -21831.737    20.210    -0.11    1.67
 -21542.498    20.146    -0.22    1.73
 -21253.260    20.117    -0.10    1.51
 -20964.024    19.891    -0.78    1.57
 -20674.791    20.634     2.57    3.29
 -20385.560    22.241     5.56    5.80
 -20096.331    24.065     6.31    7.16
 -19807.103    25.385     4.56    7.24
 -19517.879    25.858     1.63    7.08
 -19228.656    25.891     0.12    7.44
 -18939.435    26.923     3.57    7.38
 -18650.216    26.669    -0.88    7.56
 -18361.000    26.134    -1.85    7.66
 -18071.785    26.706     1.98    7.86
 -17782.573    27.134     1.48    7.99
 -17493.363    27.530     1.37    7.47
 -17204.154    28.014     1.67    7.33
 -16914.948    27.720    -1.01    6.99
 -16625.744    27.703    -0.06    6.74
 -16336.543    26.374    -4.59    6.27
 -16047.343    25.974    -1.38    6.02
 -15758.145    25.962    -0.04    6.13
 -15468.950    25.274    -2.38    6.18
 -15179.756    24.555    -2.49    6.25
 -14890.565    24.565     0.03    6.09
 -14601.375    25.441     3.03    5.66
 -14312.188    26.231     2.73    5.23
 -14023.003    26.743     1.77    5.10
 -13733.820    26.895     0.53    5.32
 -13444.639    27.587     2.39    4.88
 -13155.460    29.146     5.39    4.26
 -12866.283    29.776     2.18    3.69
 -12577.108    29.680    -0.33    3.92
 -12287.936    29.186    -1.71    4.41
 -11998.765    28.824    -1.25    5.06
 -11709.597    29.502     2.34    4.86
 -11420.430    29.153    -1.21    4.97
 -11131.266    28.926    -0.78    5.27
 -10842.103    28.977     0.18    5.54
 -10552.943    29.169     0.66    5.42
 -10263.785    29.323     0.53    5.35
  -9974.629    29.875     1.91    5.13
  -9685.475    29.807    -0.24    5.30
  -9396.323    29.448    -1.24    5.78
  -9107.173    28.291    -4.00    5.76
  -8818.025    27.666    -2.16    5.98
  -8528.879    26.979    -2.37    5.90
  -8239.736    26.255    -2.50    5.59
  -7950.594    25.989    -0.92    6.02
  -7661.454    25.358    -2.18    6.03
  -7372.317    24.458    -3.11    6.53
  -7083.181    22.358    -7.26    7.55
  -6794.048    19.502    -9.88    8.74
  -6504.916    15.890   -12.49    8.89
  -6215.787    13.791    -7.26    8.24
  -5926.660    12.180    -5.57    7.14
  -5637.534    11.455    -2.51    6.90
  -5348.411    12.910     5.03    7.65
  -5059.290    14.374     5.06    7.80
  -4770.171    16.255     6.50    6.48
  -4481.054    18.153     6.56    5.03
  -4191.939    19.548     4.83    3.60
  -3902.826    19.669     0.42    3.70
  -3613.715    20.245     1.99    3.53
  -3324.606    20.008    -0.82    3.50
  -3035.499    19.956    -0.18    3.45
  -2746.394    19.341    -2.13    3.93
  -2457.291    18.058    -4.44    3.88
  -2168.190    16.948    -3.84    3.68
  -1879.091    16.617    -1.15    3.32
  -1589.995    16.524    -0.32    3.32
  -1300.900    16.674     0.52    3.20
  -1011.807    15.776    -3.11    6.26
   -722.717    13.627    -7.43    9.24
   -433.628    10.011   -12.51   11.59
   -144.541     5.927   -14.12   11.83
    144.543     4.309    -5.60   11.59
    433.626     4.038    -0.94   11.63
    722.707     4.686     2.24   11.49
   1011.785     8.875    14.49   11.96
   1300.862    14.448    19.28   11.15
   1589.936    18.923    15.48    9.37
   1879.009    21.974    10.56    6.94
   2168.079    23.120     3.96    6.15
   2457.148    22.807    -1.08    7.69
   2746.214    23.073     0.92    8.16
   3035.279    21.024    -7.09    9.10
   3324.341    19.324    -5.88    8.22
   3613.401    17.874    -5.01    8.41
   3902.460    17.041    -2.88    8.25
   4191.516    16.927    -0.39    7.81
   4480.571    18.583     5.73    8.52
   4769.623    21.565    10.32    9.77
   5058.674    24.153     8.95    9.99
   5347.722    26.738     8.94   10.02
   5636.903    29.341     9.00    8.62
   5926.379    32.220     9.95    5.41
   6215.853    33.666     4.99    5.03
   6505.324    34.293     2.17    4.72
   6794.794    34.174    -0.41    4.63
   7084.262    34.136    -0.13    4.42
   7373.727    33.484    -2.25    4.12
   7663.191    33.393    -0.31    4.59
   7952.653    33.658     0.92    4.98
   8242.112    34.065     1.41    5.09
   8531.570    35.530     5.06    5.46
   8821.026    36.324     2.74    5.29
   9110.480    36.996     2.32    4.73
   9399.931    36.543    -1.57    4.70
   9689.381    36.391    -0.52    5.00
   9978.829    34.874    -5.24    5.73
  10268.275    33.100    -6.13    5.82
  10557.718    31.341    -6.08    5.86
  10847.160    31.180    -0.56    5.77
  11136.600    31.841     2.28    6.28
  11426.038    32.587     2.58    6.41
  11715.474    32.958     1.28    5.73
  12004.908    33.267     1.07    5.08
  12294.340    34.385     3.86    4.26
  12583.770    34.974     2.04    4.24
  12873.198    35.600     2.16    3.79
  13162.624    35.408    -0.66    3.55
  13452.048    36.218     2.80    3.96
  13741.470    36.565     1.20    4.69
  14030.890    36.686     0.42    5.12
  14320.308    36.591    -0.33    5.15
  14609.725    35.519    -3.71    6.26
  14899.139    34.858    -2.28    6.51
  15188.551    35.008     0.52    6.16
  15477.962    34.979    -0.10    5.99
  15767.370    34.627    -1.22    6.09
  16056.776    34.258    -1.28    5.95
  16346.181    34.289     0.11    4.97
  16635.583    34.415     0.43    4.06
  16924.984    34.108    -1.06    4.15
  17214.383    33.462    -2.23    3.71
  17503.779    33.220    -0.83    3.69
  17793.174    33.600     1.31    3.89
  18082.567    34.251     2.25    4.13
  18371.958    35.031     2.69    4.45
  18661.346    35.738     2.44    5.09
  18950.733    35.462    -0.95    5.61
  19240.118    35.496     0.12    5.84
  19529.501    35.067    -1.48    5.94
  19818.882    35.299     0.80    5.95
  20108.262    34.468    -2.87    6.44
  20397.639    34.052    -1.44    5.77
  20687.014    33.531    -1.80    5.95
  20976.388    32.591    -3.25    5.62
  21265.759    32.028    -1.95    5.54
  21555.128    30.824    -4.16    5.25
  21844.496    31.377     1.91    5.12
  22133.862    31.186    -0.66    4.83
  22423.225    31.734     1.89    4.47
  22712.587    31.674    -0.21    4.21
  23001.947    32.087     1.43    3.99
  23291.305    31.289    -2.76    4.02
  23580.661    31.011    -0.96    3.75
  23870.015    31.151     0.49    3.97
  24159.367    31.708     1.92    4.76
  24448.717    33.541     6.34    5.52
  24738.066    33.724     0.63    6.25
  25027.412    34.841     3.86    6.32
  25316.757    36.083     4.29    5.89
  25606.099    36.341     0.89    5.81
  25895.440    36.841     1.73    5.75
  26184.779    35.940    -3.12    5.49
  26474.115    36.021     0.28    4.44
  26763.450    36.305     0.98    4.63
  27052.783    35.583    -2.50    4.73
  27342.114    33.520    -7.13    6.05
  27631.444    32.424    -3.79    6.19
  27920.771    31.723    -2.43    6.49
  28210.096    31.508    -0.74    7.45
  28499.420    31.755     0.85    7.91
  28788.742    32.508     2.60    7.69
  29078.061    33.274     2.65    7.77
  29367.379    34.367     3.77    7.28
  29656.695    35.841     5.10    5.94
  29946.009    37.393     5.36    5.76
  30235.321    37.807     1.43    5.99
  30524.631    37.927     0.42    5.99
  30813.940    38.272     1.19    5.53
  31103.246    38.120    -0.53    5.56
  31392.551    37.945    -0.61    5.20
  31681.853    37.686    -0.89    5.92
  31971.154    37.031    -2.26    5.81
  32260.453    36.587    -1.53    5.45
  32549.750    33.087   -12.10   10.59
  32839.045    27.083   -20.76   13.15
  33128.338    19.908   -24.80   13.66
  33417.630    16.420   -12.06   13.50
  33706.919    11.824   -15.89   11.37
  33996.207     8.374   -11.92    7.75
  34285.493     6.977    -4.83    5.62
  34574.777     7.228     0.87    6.39
  34864.059     7.734     1.75    6.85
  35153.339     8.651     3.17    7.16
  35442.617     9.427     2.68    7.10
  35731.893    13.051    12.53    9.73
  36021.168    16.103    10.55   11.02
  36310.441    19.600    12.09   11.65
  36599.711    24.095    15.54   11.31
  36888.980    28.350    14.71    9.40
  37178.247    31.074     9.42    7.42
  37467.513    33.524     8.47    4.27
  37756.776    33.608     0.29    4.03
  38046.037    33.112    -1.71    3.61
  38335.297    32.543    -1.97    3.63
  38624.555    32.638     0.33    3.41
  38913.811    32.634    -0.01    3.48
  39203.065    32.508    -0.44    3.86
  39492.317    32.451    -0.20    4.21
  39781.567    32.341    -0.38    5.01
  40070.816    32.514     0.60    5.73
  40360.062    32.186    -1.13    5.56
  40649.307    31.708    -1.65    5.86
  40938.550    31.672    -0.13    6.04
  41227.791    31.197    -1.64    5.82
  41517.031    30.289    -3.14    6.32
  41806.268    30.350     0.21    6.53
  42095.504    30.382     0.11    6.91
  42384.737    30.858     1.64    7.05
  42673.969    31.067     0.72    6.67
  42963.199    29.948    -3.87    7.20
  43252.428    28.945    -3.47    7.89
  43541.654    27.858    -3.76    8.42
  43830.879    26.565    -4.47    7.86
  44120.101    24.858    -5.90    7.24
  44409.322    24.031    -2.86    6.60
  44698.541    22.755    -4.41    6.32
  44987.759    23.755     3.46    6.35
  45276.974    25.807     7.10    7.28
  45566.188    27.710     6.58    7.75
  45855.399    28.496     2.72    8.38
  46144.609    29.441     3.27    8.50
  46433.818    31.002     5.40    8.59
  46723.024    31.307     1.05    8.86
  47012.228    30.908    -1.38    8.83
  47301.431    29.548    -4.70    8.61
  47590.632    27.551    -6.91    7.90
  47879.831    26.038    -5.23    7.21
  48169.028    24.045    -6.89    6.71
  48458.224    23.100    -3.27    6.26
  48747.417    23.366     0.92    6.89
  49036.609    22.744    -2.15    6.63
  49325.799    22.600    -0.50    6.44
  49614.987    21.112    -5.14    5.75
  49904.174    22.109     3.45    6.17
  50193.358    22.989     3.04    6.93
  50482.541    22.741    -0.86    6.88
  50771.722    22.638    -0.36    6.21
  51060.901    22.706     0.23    5.80
  51350.078    23.395     2.38    5.39
  51639.254    22.384    -3.50    4.18
  51928.428    21.738    -2.23    2.99
  52217.600    21.291    -1.54    2.55
  52506.770    21.265    -0.09    2.65
  52795.938    21.169    -0.33    2.81
  53085.105    21.186     0.06    2.93
  53374.270    21.031    -0.54    2.69
  53663.433    21.374     1.19    2.60
  53952.594    21.502     0.44    2.41
  54241.753    21.248    -0.88    1.97
  54530.911    21.996     2.59    3.72
  54820.067    23.350     4.68    5.33
  55109.221    24.874     5.27    6.41
  55398.373    27.124     7.78    6.80
  55687.524    28.519     4.82    6.97
  55976.672    29.877     4.70    6.43
  56265.819    30.927     3.63    5.60
  56554.965    32.028     3.81    5.29
  56844.108    33.031     3.47    4.93
  57133.250    32.661    -1.28    5.21
  57422.389    31.358    -4.50    6.31
  57711.528    31.445     0.30    6.52
  58000.664    30.720    -2.50    6.72
  58289.798    29.724    -3.44    6.85
  58578.931    28.349    -4.76    6.68
  58868.062    26.979    -4.74    5.71
  59157.192    26.141    -2.90    5.46
  59446.319    27.109     3.35    4.89
  59735.445    26.945    -0.57    5.13
  60024.569    26.858    -0.30    4.87
  60313.691    27.519     2.29    5.94
  60602.811    29.938     8.37    7.97
  60891.930    31.198     4.36    8.65
  61181.047    34.028     9.79    8.50
  61470.162    35.738     5.91    7.71
  61759.276    37.235     5.18    6.68
  62048.387    38.599     4.72    5.23
  62337.497    38.186    -1.43    4.85
  62626.605    37.875    -1.08    4.76
  62915.712    36.966    -3.14    5.33
  63204.816    36.185    -2.70    5.53
  63493.919    34.908    -4.42    5.30
  63783.021    33.655    -4.33    5.02
  64072.120    32.485    -4.05    5.94
  64361.218    30.895    -5.50    6.90
  64650.314    30.095    -2.76    7.18
  64939.408    27.962    -7.38    7.95
  65228.500    27.141    -2.84    8.04
  65517.591    26.841    -1.04    8.14
  65806.680    26.341    -1.73    7.95
  66095.767    26.376     0.12    7.47
  66384.853    26.065    -1.07    6.99
  66673.937    26.241     0.61    6.48
  66963.019    26.587     1.20    6.02
  67252.099    26.400    -0.64    5.62
  67541.178    26.238    -0.56    5.75
  67830.268    25.894    -1.19    6.17
  68119.718    26.558     2.29    5.98
  68409.166    26.208    -1.21    6.92
  68698.613    25.180    -3.55    7.49
  68988.057    25.984     2.78    7.64
  69277.500    26.858     3.02    8.03
  69566.941    29.095     7.73    7.20
  69856.381    30.341     4.30    6.28
  70145.819    31.185     2.92    6.09
  70435.255    32.065     3.04    6.04
  70724.689    32.565     1.73    5.62
  71014.122    33.376     2.80    5.29
  71303.553    34.808     4.95    5.02
  71592.982    34.374    -1.50    5.67
  71882.409    33.996    -1.31    6.29
  72171.835    32.108    -6.52    7.21
  72461.259    32.055    -0.18    6.97
  72750.681    31.255    -2.77    7.39
  73040.102    30.574    -2.35    7.24
  73329.521    28.841    -5.99    7.04
  73618.938    27.366    -5.10    7.21
  73908.354    26.609    -2.61    6.89
  74197.767    25.909    -2.42    7.08
  74487.180    24.909    -3.46    6.91
  74776.590    24.382    -1.82    6.98
  75065.999    22.744    -5.66    6.97
  75355.406    22.445    -1.04    6.73
  75644.811    22.591     0.51    6.07
  75934.215    23.395     2.78    6.73
  76223.617    24.661     4.37    6.52
  76513.017    26.723     7.12    6.47
  76802.415    28.558     6.34    5.57
  77091.812    29.979     4.91    5.01
  77381.207    30.157     0.61    5.15
  77670.601    29.299    -2.97    5.72
  77959.993    28.583    -2.47    5.59
  78249.383    29.153     1.97    5.75
  78538.771    29.091    -0.21    6.02
  78828.158    29.359     0.93    5.80
  79117.543    29.604     0.85    6.17
  79406.926    29.789     0.64    5.86
  79696.308    30.825     3.58    6.22
  79985.688    31.393     1.96    5.78
  80275.066    31.703     1.07    5.51
  80564.443    32.255     1.91    4.98
  80853.818    32.367     0.39    4.79
  81143.191    32.546     0.62    4.85
  81432.563    31.858    -2.38    5.06
  81721.933    30.251    -5.55    4.69
  82011.301    29.448    -2.77    4.37
  82300.668    28.789    -2.28    4.06
  82590.033    27.941    -2.93    4.67
  82879.396    27.282    -2.28    4.66
  83168.757    27.038    -0.84    4.70
  83458.117    26.332    -2.44    5.33
  83747.476    26.531     0.69    5.12
  84036.832    26.790     0.90    5.41
  84326.187    27.367     1.99    6.11
  84615.541    27.224    -0.49    6.27
  84904.892    27.376     0.52    6.40
  85194.242    28.112     2.55    5.66
  85483.591    27.966    -0.51    5.52
  85772.937    27.091    -3.02    5.74
  86062.282    25.759    -4.60    5.83
  86351.626    25.994     0.81    6.04
  86640.968    25.124    -3.00    6.73
  86930.308    23.613    -5.22    6.96
  87219.646    21.739    -6.48    6.82
  87508.983    21.410    -1.14    6.73
  87798.318    21.960     1.90    6.99
  88087.652    22.071     0.38    7.12
  88376.984    22.560     1.69    7.50
  88666.314    23.558     3.45    8.09
  88955.643    25.538     6.84    7.27
  89244.970    25.954     1.44    7.39
  89534.295    25.841    -0.39    7.80
  89823.619    25.574    -0.92    7.34
  90112.941    25.565    -0.03    7.49
  90402.261    25.455    -0.38    7.37
  90691.580    25.384    -0.25    7.18
  90980.897    25.417     0.12    6.53
  91270.213    26.486     3.69    6.26
  91559.527    27.491     3.47    6.68
  91848.839    28.109     2.14    6.82
  92138.150    29.790     5.81    6.37
  92427.459    30.255     1.61    5.67
  92716.766    30.710     1.57    5.88
  93006.072    30.479    -0.80    5.85
  93295.376    29.427    -3.64    5.88
  93584.679    28.014    -4.89    5.81
  93873.980    27.203    -2.80    6.73
  94163.279    26.024    -4.07    7.35
  94452.577    25.996    -0.10    8.61
  94741.873    25.774    -0.77    9.61
  95031.167    24.139    -5.65   10.46
  95320.460    22.134    -6.93   11.00
  95609.752    18.202   -13.59   10.71
  95899.041    15.624    -8.91    9.81
  96188.329    14.129    -5.17    9.47
  96477.616    11.227   -10.03    7.07
  96766.901    10.151    -3.72    6.32
  97056.184     9.674    -1.65    5.64
  97345.466     8.299    -4.76    3.34
  97634.746     8.174    -0.43    2.83
  97924.024     8.789     2.13    3.72
  98213.301     8.858     0.24    4.10
  98502.576     9.315     1.58    4.25
  98791.850     8.724    -2.04    4.02
  99081.122     8.674    -0.17    4.00
  99370.393     8.807     0.46    3.89
  99659.662     8.341    -1.61    3.51
  99948.929     8.134    -0.72    3.06
 100238.195     7.977    -0.54    3.16
 100527.459     7.587    -1.35    3.56
 100816.721     7.875     1.00    4.04
 101105.982     7.874    -0.00    4.07
 101395.242     8.139     0.92    3.60
 101684.500     8.024    -0.40    3.51
 101973.756     8.324     1.04    3.78
 102263.010     8.583     0.90    4.30
 102552.263     8.741     0.55    4.54
 102841.515     8.774     0.12    5.13
 103130.765     8.686    -0.31    5.39
 103420.013     8.430    -0.88    5.09
 103709.260     8.424    -0.02    4.67
 103998.505     8.892     1.62    4.82
 104287.749     9.907     3.51    5.14
 104576.991    10.548     2.22    5.11
 104866.231    10.198    -1.21    4.65
 105155.470    11.291     3.78    4.87
 105444.708    12.479     4.11    5.06
 105733.943    13.874     4.82    5.43
 106023.178    14.169     1.02    5.91
 106312.410    15.496     4.59    5.73
 106601.641    17.341     6.38    5.31
 106890.871    18.496     3.99    5.61
 107180.099    18.710     0.74    5.95
 107469.325    19.031     1.11    6.32
 107758.550    19.384     1.22    7.11
 108047.774    20.272     3.07    7.50
 108336.995    20.151    -0.42    7.48
 108626.216    21.261     3.83    7.71
 108915.434    21.691     1.49    7.87
 109204.651    21.628    -0.22    8.20
 109493.867    22.087     1.59    7.75
 109783.081    22.134     0.16    7.42
 110072.294    22.451     1.10    6.80
 110361.505    22.061    -1.35    6.70
 110650.714    20.824    -4.28    6.74
 110939.922    19.014    -6.26    7.26
 111229.128    18.502    -1.77    7.14
 111518.333    17.578    -3.20    6.81
 111807.536    17.491    -0.30    7.41
 112096.738    18.054     1.95    8.13
 112385.938    19.065     3.50    8.69
 112675.137    21.024     6.77    8.44
 112964.334    22.648     5.61    7.73
 113253.529    23.624     3.38    6.67
 113542.723    24.282     2.27    5.79
 113831.916    25.158     3.03    5.22
 114121.107    25.366     0.72    4.73
 114410.296    25.490     0.43    4.88
 114699.484    25.241    -0.86    5.50
 114988.671    26.720     5.12    5.68
 115277.856    27.136     1.44    5.98
 115567.039    28.058     3.19    5.51
 115856.221    28.824     2.65    5.05
 116145.401    29.514     2.38    4.70
 116434.580    29.698     0.64    4.42
 116723.757    28.941    -2.62    4.13
 117012.933    28.519    -1.46    3.63
 117302.107    28.391    -0.44    3.43
 117591.280    28.393     0.01    3.71
 117880.451    28.055    -1.17    3.46
 118169.621    27.891    -0.57    3.44
 118458.789    28.410     1.79    4.58
 118747.956    28.891     1.66    4.96
 119037.121    28.908     0.06    5.07
 119326.285    28.445    -1.60    5.84
 119615.447    28.203    -0.83    5.88
 119904.608    28.255     0.18    5.64
 120193.767    28.169    -0.30    5.52
 120482.925    28.462     1.01    4.84
 120772.081    28.756     1.02    4.43
 121061.236    29.376     2.14    3.93
 121350.389    29.648     0.94    4.19
 121639.541    27.825    -6.31    6.40
 121928.691    26.124    -5.88    7.66
 122217.840    23.891    -7.72    7.88
 122506.987    22.270    -5.61    7.76
 122796.133    20.824    -5.00    7.09
 123085.277    19.553    -4.40    6.06
 123374.420    19.129    -1.47    6.32
 123663.561    20.274     3.96    7.09
 123952.701    20.358     0.29    7.16
 124241.840    20.255    -0.36    7.38
 124530.977    20.280     0.09    6.89
 124820.112    21.451     4.05    7.60
 125109.246    22.424     3.37    7.64
 125398.378    25.151     9.43    7.89
 125687.509    27.265     7.31    7.35
 125976.639    28.788     5.27    7.14
 126265.767    30.095     4.52    6.56
 126554.893    31.058     3.33    7.32
 126844.018    31.874     2.82    7.73
 127133.142    32.970     3.79    7.70
 127422.264    33.648     2.34    7.63
 127711.385    34.841     4.13    6.85
 128000.504    36.600     6.08    5.36
 128289.622    37.458     2.97    3.83
 128578.738    36.325    -3.92    3.48
 128867.853    35.514    -2.81    3.41
 129156.966    34.892    -2.15    3.83
 129446.078    33.823    -3.70    3.62
 129735.188    33.422    -1.39    3.36
 130024.297    32.977    -1.54    3.08
 130313.645    33.141     0.57    3.26
 130603.066    33.169     0.10    3.53
 130892.486    33.139    -0.10    3.58
 131181.904    33.231     0.32    3.34
 131471.321    33.151    -0.27    3.48
 131760.736    32.710    -1.53    3.64
 132050.150    31.807    -3.12    3.18
 132339.563    31.631    -0.61    2.81
 132628.974    32.169     1.86    3.07
 132918.383    33.462     4.47    3.64
 133207.791    34.497     3.58    3.43
 133497.198    35.220     2.50    2.98
 133786.603    35.979     2.62    2.82
 134076.007    35.772    -0.71    2.83
 134365.409    35.186    -2.03    3.15
 134654.810    34.513    -2.32    3.25
 134944.210    33.874    -2.21    3.05
 135233.608    33.661    -0.74    3.03
 135523.004    33.613    -0.16    3.08
 135812.399    33.496    -0.40    3.05
 136101.793    33.358    -0.48    3.31
 136391.185    33.824     1.61    3.35
 136680.576    33.924     0.35    3.64
 136969.965    32.876    -3.62    4.31
 137259.353    31.083    -6.20    6.25
 137548.740    28.462    -9.06    7.53
 137838.125    26.417    -7.06    7.58
 138127.509    25.691    -2.51    6.92
 138416.891    25.203    -1.69    6.56
 138706.272    25.045    -0.55    5.98
 138995.651    25.613     1.96    5.65
 139285.029    26.524     3.15    4.66
 139574.406    26.924     1.38    4.38
 139863.781    26.994     0.24    3.21
 140153.155    25.191    -6.23    4.61
 140442.527    24.648    -1.88    4.68
 140731.898    24.095    -1.91    5.02
 141021.268    23.979    -0.40    5.22
 141310.636    23.875    -0.36    4.76
 141600.002    23.524    -1.21    5.37
 141889.368    24.122     2.06    5.37
 142178.732    24.824     2.43    5.64
 142468.094    26.613     6.18    5.18
 142757.455    27.728     3.85    4.31
 143046.815    28.774     3.62    3.64
 143336.173    29.909     3.92    3.50
 143625.530    31.376     5.07    2.80
 143914.885    31.543     0.58    3.17
 144204.239    31.519    -0.08    3.38
 144493.592    30.977    -1.87    4.21
 144782.943    30.019    -3.31    4.35
 145072.293    29.358    -2.28    4.69
 145361.642    28.234    -3.88    4.85
 145650.989    27.570    -2.29    4.80
 145940.335    26.393    -4.07    4.65
 146229.679    25.579    -2.81    4.83
 146519.022    25.238    -1.18    4.93
 146808.363    24.583    -2.26    4.56
 147097.704    24.203    -1.31    4.15
 147387.042    23.789    -1.43    3.95
 147676.380    22.710    -3.73    3.63
 147965.716    20.789    -6.64    5.16
 148255.050    18.141    -9.15    6.32
 148544.384    15.716    -8.38    6.98
 148833.716    13.434    -7.89    6.72
 149123.046    12.235    -4.15    6.30
 149412.375    10.458    -6.14    6.04
 149701.703     9.399    -3.66    5.07
 149991.029     9.017    -1.32    5.32
 150280.354     8.100    -3.17    5.70
 150569.678     7.672    -1.48    5.87
 150859.000     7.858     0.64    5.57
 151148.321     7.524    -1.15    5.07
 151437.641     7.427    -0.34    4.76
 151726.959     6.587    -2.90    4.96
 152016.276     6.438    -0.52    5.44
 152305.591     6.458     0.07    5.43
 152594.905     6.408    -0.17    5.83
 152884.218     5.479    -3.21    5.20
 153173.529     4.591    -3.07    4.67
 153462.839     4.724     0.46    4.66
 153752.148     4.558    -0.58    4.43
 154041.455     4.367    -0.66    4.43
 154330.761     3.874    -1.70    4.21
 154620.066     3.524    -1.21    3.92
 154909.369     3.087    -1.51    3.87
 155198.671     3.008    -0.27    3.87
 155487.971     2.479    -1.83    3.52
 155777.271     1.890    -2.04    2.85
 156066.569     1.541    -1.21    2.56
 156355.865     1.410    -0.45    2.26
 156645.160     1.841     1.49    2.83
 156934.454     3.234     4.81    4.62
 157223.747     4.391     4.00    5.20
 157513.038     5.191     2.77    5.40
 157802.327     7.508     8.01    6.31
 158091.616     9.083     5.44    5.96
 158380.903    10.359     4.41    5.78
 158670.189    10.191    -0.58    5.19
 158959.473    10.186    -0.02    4.83
 159248.756    10.374     0.65    4.86
 159538.038    11.108     2.53    5.15
 159827.319    12.669     5.40    6.04
 160116.598    13.427     2.62    6.43
 160405.876    14.945     5.24    6.78
 160695.152    16.317     4.74    6.96
 160984.427    17.358     3.60    7.09
 161273.701    18.738     4.77    7.01
 161562.974    20.255     5.24    6.67
 161852.245    21.876     5.60    6.09
 162141.515    22.261     1.33    5.52
 162430.783    22.141    -0.41    4.82
 162720.051    21.158    -3.40    4.01
 163009.317    19.508    -5.70    5.00
 163298.581    17.600    -6.60    5.12
 163587.845    15.791    -6.25    4.89
 163877.107    15.061    -2.52    5.19
 164166.367    14.624    -1.51    5.38
 164455.627    14.548    -0.26    5.43
 164744.885    15.083     1.85    5.76
 165034.142    16.455     4.75    5.41
 165323.397    17.723     4.38    5.18
 165612.651    18.907     4.09    4.30
 165901.904    18.686    -0.76    4.39
 166191.156    18.299    -1.34    4.34
 166480.406    17.824    -1.64    4.29
 166769.655    16.994    -2.87    4.37
 167058.903    15.791    -4.16    4.73
 167348.149    14.358    -4.96    4.91
 167637.394    13.408    -3.28    4.77
 167926.638    13.052    -1.23    4.34
 168215.880    12.299    -2.60    4.05
 168505.121    12.031    -0.93    3.64
 168794.361    11.972    -0.20    3.23
 169083.600    12.349     1.30    2.91
 169372.837    12.911     1.94    2.59
 169662.073    13.617     2.44    2.44
 169951.308    14.305     2.38    2.11
 170240.542    14.728     1.46    1.97
 170529.774    14.908     0.62    1.90
 170819.005    15.224     1.09    1.71
 171108.234    15.065    -0.55    1.84
 171397.463    14.736    -1.14    1.80
 171686.690    14.384    -1.22    2.14
 171975.916    14.028    -1.23    1.90
 172265.140    13.873    -0.53    2.32
 172554.363    14.134     0.90    2.82
 172843.585    14.876     2.57    3.33
 173132.806    15.893     3.52    3.14
 173422.026    16.979     3.76    2.87
 173711.244    17.743     2.64    2.24
 174000.461    18.169     1.47    1.71
 174289.676    18.289     0.42    1.73
 174578.891    18.238    -0.18    1.78
 174868.104    18.014    -0.77    1.87
 175157.316    18.041     0.10    1.98
 175446.526    17.962    -0.27    1.95
 175735.736    17.991     0.10    2.01
 176024.944    18.091     0.35    1.94
 176314.151    17.910    -0.63    2.01
 176603.356    18.324     1.43    3.11
 176892.560    18.400     0.26    3.18
 177181.763    18.434     0.12    3.16
 177470.965    18.055    -1.31    2.69
 177760.166    18.186     0.45    2.63
 178049.365    18.192     0.02    2.59
 178338.563    18.926     2.54    3.27
 178627.760    19.258     1.15    3.25
 178916.956    19.720     1.60    3.46
 179206.150    20.739     3.52    3.71
 179495.343    21.718     3.38    4.12
 179784.535    22.350     2.18    4.61
 180073.726    22.508     0.55    4.53
 180362.915    22.841     1.15    4.33
 180652.103    23.341     1.73    4.36
 180941.290    23.841     1.73    4.44
 181230.476    23.790    -0.18    4.49
 181519.660    23.514    -0.96    4.10
 181808.843    23.977     1.60    4.18
 182098.025    24.058     0.28    4.14
 182387.206    24.297     0.83    4.07
 182676.385    24.208    -0.31    3.79
 182965.564    24.069    -0.48    3.33
 183254.741    23.922    -0.51    3.30
 183543.917    23.991     0.24    3.07
 183833.091    24.045     0.18    2.80
 184122.265    23.841    -0.70    2.58
 184411.437    23.981     0.49    3.69
 184700.608    24.655     2.33    4.00
 184989.777    25.723     3.69    4.04
 185278.946    26.940     4.21    4.75
 185568.113    28.424     5.14    5.49
 185857.279    29.073     2.24    5.77
 186146.444    29.333     0.90    5.73
 186435.608    29.151    -0.63    5.36
 186724.770    29.005    -0.51    5.60
 187013.931    28.841    -0.57    5.44
 187303.091    27.565    -4.41    5.32
 187592.250    27.238    -1.13    4.78
 187881.408    26.203    -3.58    4.50
 188170.564    25.546    -2.27    4.20
 188459.719    24.496    -3.63    3.86
 188748.873    24.458    -0.13    3.34
 189038.026    24.238    -0.76    2.94
 189327.178    23.720    -1.79    2.47
 189616.328    23.710    -0.04    2.94
 189905.477    23.358    -1.22    3.12
 190194.625    23.341    -0.06    2.75
 190483.772    23.964     2.15    2.37
 190772.918    24.479     1.78    3.08
 191062.062    25.274     2.75    3.53
 191351.206    25.583     1.07    3.75
 191640.348    25.791     0.72    3.87
 191929.488    25.824     0.11    4.24
 192218.628    25.434    -1.35    4.06
 192507.894    24.771    -2.29    3.54
 192797.290    24.674    -0.33    3.78
 193086.685    24.691     0.06    3.84
 193376.079    24.203    -1.69    4.00
 193665.472    24.558     1.23    4.32
 193954.864    25.420     2.98    4.32
 194244.254    25.686     0.92    4.16
 194533.643    25.756     0.24    4.01
 194823.031    26.214     1.58    4.19
 195112.418    26.021    -0.67    4.02
 195401.804    25.752    -0.93    3.78
 195691.189    26.308     1.92    4.30
 195980.572    27.479     4.05    4.29
 196269.954    27.712     0.81    4.43
 196559.335    27.891     0.62    4.45
 196848.715    28.417     1.82    4.62
 197138.094    30.065     5.69    4.89
 197427.472    29.609    -1.58    4.87
 197716.848    30.422     2.81    5.59
 198006.223    31.282     2.97    6.08
 198295.597    32.891     5.56    5.73
 198584.970    33.824     3.22    5.22
 198874.342    33.448    -1.30    6.25
 199163.712    32.974    -1.64    6.12
 199453.082    31.772    -4.15    6.19
 199742.450    31.120    -2.25    6.18
 200031.817    31.180     0.21    6.49
 200321.183    31.186     0.02    6.46
 200610.548    31.548     1.25    6.21
 200899.912    31.824     0.95    6.11
 201189.274    31.858     0.12    5.48
 201478.636    31.410    -1.55    5.08
 201767.996    31.112    -1.03    4.83
 202057.355    31.272     0.55    4.97
 202346.713    31.091    -0.63    5.20
 202636.070    29.628    -5.06    5.81
 202925.425    28.424    -4.16    6.03
 203214.780    27.087    -4.62    6.19
 203504.133    26.560    -1.82    5.35
 203793.485    26.720     0.55    5.25
 204082.836    26.241    -1.66    4.56
 204372.186    25.468    -2.67    4.30
 204661.535    25.324    -0.50    4.53
 204950.883    24.531    -2.74    4.83
 205240.229    23.893    -2.20    4.94
 205529.575    23.393    -1.73    5.12
 205818.919    22.824    -1.97    5.23
 206108.262    23.434     2.11    5.55
 206397.604    23.065    -1.28    5.79
 206686.945    22.011    -3.64    5.69
 206976.285    22.359     1.20    5.83
 207265.624    22.741     1.32    5.66
 207554.961    23.874     3.92    5.12
 207844.298    24.299     1.47    4.55
 208133.633    23.758    -1.87    4.29
 208422.967    23.716    -0.14    4.46
 208712.300    23.146    -1.97    4.94
 209001.632    22.962    -0.64    4.66
 209290.963    22.858    -0.36    4.49
 209580.293    22.431    -1.48    4.38
 209869.621    21.613    -2.83    4.78
 210158.949    21.208    -1.40    4.69
 210448.275    20.680    -1.82    4.78
 210737.601    19.438    -4.29    4.92
 211026.925    18.224    -4.19    4.50
 211316.248    17.708    -1.79    4.16
 211605.570    18.393     2.37    4.56
 211894.891    19.789     4.82    4.87
 212184.210    20.519     2.53    5.22
 212473.529    21.417     3.10    5.06
 212762.847    22.071     2.26    5.14
 213052.163    21.891    -0.62    5.17
 213341.478    20.930    -3.32    5.04
 213630.793    19.841    -3.77    4.61
 213920.106    20.065     0.77    4.26
 214209.418    20.071     0.02    4.10
 214498.729    20.841     2.66    4.08
 214788.039    21.962     3.87    3.84
 215077.348    22.048     0.30    3.65
 215366.656    21.531    -1.79    4.05
 215655.962    21.726     0.68    4.10
 215945.268    22.048     1.11    4.53
 216234.572    22.574     1.82    4.97
 216523.876    22.789     0.74    5.05
 216813.178    22.771    -0.06    5.15
 217102.479    24.185     4.89    5.50
 217391.779    24.908     2.50    5.75
 217681.078    25.708     2.77    6.28
 217970.376    27.543     6.34    5.95
 218259.673    29.083     5.32    5.63
 218548.969    30.258     4.06    5.21
 218838.264    31.255     3.45    4.18
 219127.558    31.241    -0.05    4.09
 219416.850    31.151    -0.31    3.56
 219706.142    31.129    -0.08    3.80
 219995.432    31.104    -0.09    3.61
 220284.722    30.174    -3.21    4.07
 220574.010    29.058    -3.86    4.63
 220863.298    28.289    -2.66    4.77
 221152.584    27.508    -2.70    4.74
 221441.869    26.753    -2.61    4.47
 221731.153    25.910    -2.92    3.75
 222020.436    24.977    -3.23    3.95
 222309.718    24.112    -2.99    4.32
 222598.999    24.185     0.25    4.89
 222888.279    23.770    -1.44    5.35
 223177.558    24.258     1.69    6.59
 223466.836    22.893    -4.72    6.33
 223756.113    22.986     0.32    7.01
 224045.388    22.024    -3.32    6.45
 224334.663    21.197    -2.86    6.09
 224623.937    20.977    -0.76    6.26
 224913.209    21.055     0.27    5.92
 225202.481    20.874    -0.63    5.96
 225491.751    19.858    -3.51    5.77
 225781.021    18.608    -4.32    5.94
 226070.289    17.083    -5.27    6.00
 226359.556    16.609    -1.64    6.27
 226648.823    15.141    -5.07    5.16
 226938.088    13.893    -4.32    5.10
 227227.352    13.497    -1.37    5.19
 227516.615    14.095     2.07    5.18
 227805.878    14.981     3.06    4.98
 228095.139    16.220     4.28    5.04
 228384.399    17.772     5.36    4.97
 228673.658    18.858     3.75    4.73
 228962.916    20.307     5.01    3.77
 229252.173    20.807     1.73    4.15
 229541.429    21.272     1.61    3.86
 229830.684    21.413     0.49    3.77
 230119.938    21.415     0.01    3.68
 230409.191    21.341    -0.26    3.31
 230698.443    21.158    -0.63    2.91
 230987.694    21.122    -0.12    3.14
 231276.944    20.858    -0.91    2.77
 231566.192    21.451     2.05    2.82
 231855.440    22.095     2.23    2.89
 232144.687    22.480     1.33    2.88
 232433.933    22.238    -0.84    3.47
 232723.178    21.651    -2.03    3.71
 233012.422    21.479    -0.60    3.67
 233301.664    21.400    -0.27    3.72
 233590.906    21.091    -1.07    3.54
 233880.147    21.496     1.40    3.42
 234169.387    22.367     3.01    3.25
 234458.626    22.788     1.46    3.31
 234747.863    21.977    -2.80    3.88
 235037.100    20.530    -5.00    4.84
 235326.336    19.367    -4.02    4.60
 235615.571    18.324    -3.60    3.99
 235904.804    17.841    -1.67    3.83
 236194.037    17.367    -1.64    3.23
 236483.269    17.169    -0.68    2.84
 236772.500    17.191     0.08    2.71
 237061.730    17.583     1.36    2.21
 237350.958    17.627     0.15    1.69
 237640.186    17.408    -0.76    1.56
 237929.413    17.341    -0.23    1.86
 238218.639    16.615    -2.51    3.55
 238507.864    15.350    -4.38    5.26
 238797.088    14.358    -3.43    5.92
 239086.310    12.910    -5.01    5.94
 239375.532    11.755    -3.99    5.74
 239664.753    11.163    -2.05    5.45
 239953.973    10.316    -2.93    4.92
 240243.192     9.235    -3.74    4.56
 240532.410     8.621    -2.12    4.57
 240821.627     8.038    -2.02    4.87
 241110.843     7.045    -3.43    5.03
 241400.058     6.565    -1.66    6.92
 241689.272     5.497    -3.69    7.16
 241978.486     3.996    -5.19    7.06
 242267.698     3.496    -1.73    7.04
 242556.909     2.824    -2.32    7.22
 242846.119     2.403    -1.46    7.21
 243135.328     2.774     1.29    6.73
 243424.537     1.994    -2.70    3.90
 243713.744     3.071     3.72    3.94
 244002.950     4.065     3.44    3.85
 244292.156     4.964     3.11    3.42
 244581.360     5.325     1.25    3.43
 244870.564     5.773     1.55    3.19
 245159.766     5.308    -1.61    3.47
 245448.968     4.755    -1.91    3.44
 245738.168     3.651    -3.82    3.62
 246027.368     3.100    -1.91    3.69
 246316.567     3.376     0.95    3.66
 246605.765     4.464     3.76    4.34
 246894.961     4.979     1.78    4.49
 247184.157     6.231     4.33    4.51
 247473.352     6.770     1.86    4.45
 247762.546     8.468     5.87    5.26
 248051.739     9.422     3.30    4.69
 248340.931     9.858     1.51    4.93
 248630.122    10.451     2.05    5.30
 248919.313     9.565    -3.06    5.40
 249208.502     8.979    -2.03    6.51
 249497.690     8.458    -1.80    6.34
 249786.878     8.756     1.03    6.61
 250076.064    10.180     4.92    6.97
 250365.250    10.716     1.85    6.82
 250654.434    12.158     4.99    6.51
 250943.618    13.151     3.44    5.64
 251232.801    13.480     1.14    5.31
 251521.982    13.358    -0.42    5.39
 251811.163    12.462    -3.10    5.22
 252100.343    11.095    -4.73    5.30
 252389.522    10.002    -3.78    5.15
 252678.700     8.641    -4.71    5.62
 252967.877     7.441    -4.15    5.22
 253257.054     7.124    -1.10    5.08
 253546.229     6.468    -2.27    5.09
 253835.403     6.109    -1.24    4.69
 254124.577     6.536     1.48    4.99
 254413.750     7.445     3.14    6.01
 254702.965     7.807     1.25    6.02
 254992.333     7.858     0.17    6.05
 255281.701     7.203    -2.26    6.74
 255571.067     5.910    -4.47    6.38
 255860.433     4.927    -3.40    5.21
 256149.798     4.041    -3.06    4.48
 256439.162     3.400    -2.21    3.66
 256728.525     3.011    -1.35    3.60
 257017.887     3.014     0.01    3.74
 257307.248     3.002    -0.04    4.00
 257596.608     2.441    -1.94    4.01
 257885.968     1.558    -3.05    3.86
 258175.326     0.954    -2.09    3.72
 258464.684     0.109    -2.92    3.84
 258754.040    -0.400    -1.76    3.83
 259043.396    -1.176    -2.68    3.20
 259332.751    -1.383    -0.72    3.07
 259622.105    -1.552    -0.59    2.79
 259911.458    -1.745    -0.67    2.77
 260200.811    -1.469     0.95    2.77
 260490.162    -1.193     0.95    2.83
 260779.512    -0.659     1.85    2.66
 261068.862    -0.459     0.69    2.61
 261358.210    -0.349     0.38    2.63
 261647.558    -0.226     0.43    2.63
 261936.905     0.091     1.09    2.48
 262226.251    -0.314    -1.40    2.53
 262515.596    -0.503    -0.65    2.74
 262804.941    -0.905    -1.39    2.69
 263094.284    -1.159    -0.88    3.09
 263383.626    -1.266    -0.37    3.25
 263672.968    -1.245     0.07    3.39
 263962.309    -0.976     0.93    3.49
 264251.649    -0.959     0.06    3.38
 264540.988    -0.417     1.87    3.52
 264830.326    -0.021     1.37    3.43
 265119.663     0.491     1.77    3.25
 265408.999     0.999     1.76    3.21
 265698.335     1.333     1.15    3.03
 265987.669     1.502     0.58    3.09
 266277.003     1.468    -0.12    3.52
 266566.336     0.824    -2.23    4.17
 266855.668     0.565    -0.89    4.92
 267144.999     0.058    -1.75    4.93
 267434.330    -0.314    -1.29    5.29
 267723.659     0.612     3.20    6.04
 268012.988     1.841     4.25    6.72
 268302.315     4.473     9.10    7.34
 268591.642     6.231     6.08    6.57
 268880.968     7.169     3.24    5.70
 269170.294     7.741     1.98    5.42
 269459.618     7.350    -1.35    5.73
 269748.941     6.807    -1.87    5.70
 270038.264     5.962    -2.92    4.82
 270327.586     5.823    -0.48    4.15
 270616.907     6.723     3.11    4.49
 270906.227     7.858     3.92    4.76
 271195.546     9.091     4.26    5.21
 271484.864    11.238     7.42    5.11
 271774.182    13.020     6.16    4.81
 272063.499    14.424     4.86    5.12
 272352.815    16.324     6.57    5.12
 272642.130    18.108     6.17    4.66
 272931.444    19.514     4.86    3.64
 273220.757    20.876     4.71    3.36
 273510.070    21.893     3.52    3.55
 273799.382    23.169     4.41    4.00
 274088.692    23.972     2.78    4.22
 274378.002    24.669     2.41    4.49
 274667.312    25.376     2.44    4.63
 274956.620    26.578     4.16    4.93
 275245.928    27.186     2.10    4.88
 275535.234    26.873    -1.08    4.85
 275824.540    27.445     1.97    4.75
 276113.845    28.367     3.19    5.24
 276403.150    28.946     2.00    5.19
 276692.453    28.858    -0.30    4.88
 276981.756    29.141     0.98    4.58
 277271.057    29.604     1.60    5.30
 277560.358    30.551     3.27    4.99
 277849.659    30.770     0.76    5.03
 278138.958    30.720    -0.17    4.73
 278428.257    31.479     2.62    5.31
 278717.554    31.349    -0.45    5.24
 279006.851    30.858    -1.70    5.36
 279296.147    30.720    -0.47    5.28
 279585.443    28.638    -7.20    6.14
 279874.737    26.473    -7.48    6.87
 280164.031    23.857    -9.04    5.95
 280453.324    21.841    -6.97    5.39
 280742.616    20.774    -3.69    4.75
 281031.907    18.807    -6.80    3.40
 281321.198    17.367    -4.98    4.05
 281610.487    16.146    -4.22    5.02
 281899.776    14.927    -4.21    5.03
 282189.064    14.595    -1.15    4.86
 282478.352    14.424    -0.59    4.62
 282767.638    13.929    -1.71    3.44
 283056.924    14.358     1.48    2.87
 283346.209    15.014     2.26    2.73
 283635.493    15.641     2.17    2.64
 283924.776    16.892     4.32    3.10
 284214.059    18.112     4.22    3.31
 284503.341    19.324     4.19    3.62
 284792.622    20.578     4.34    3.51
 285081.902    21.021     1.53    3.38
 285371.181    21.991     3.35    3.29
 285660.460    23.180     4.11    3.39
 285949.738    23.927     2.58    3.26
 286239.015    24.600     2.32    3.85
 286528.291    25.723     3.88    4.00
 286817.567    26.927     4.17    3.73
 287106.842    27.382     1.57    3.73
 287396.116    27.358    -0.08    4.30
 287685.389    26.014    -4.65    5.39
 287974.661    24.789    -4.23    5.54
 288263.933    22.600    -7.57    5.89
 288553.204    19.941    -9.19    5.79
 288842.474    17.376    -8.87    5.16
 289131.743    15.591    -6.17    4.50
 289421.012    14.055    -5.31    4.25
 289710.280    12.146    -6.60    4.34
 289999.547    10.317    -6.33    3.37
 290288.813     9.333    -3.40    3.60
 290578.079     9.005    -1.13    3.89
 290867.344     8.596    -1.42    3.82
 291156.608     8.876     0.97    4.28
 291445.871    10.214     4.63    4.80
 291735.134    11.074     2.97    5.07
 292024.395    12.136     3.67    5.09
 292313.656    12.962     2.85    4.53
 292602.917    13.574     2.12    4.24
 292892.176    12.806    -2.66    4.30
 293181.435    11.591    -4.20    4.57
 293470.693    10.197    -4.82    3.96
 293759.950     8.996    -4.15    3.34
 294049.207     8.604    -1.36    2.94
 294338.463     9.427     2.85    3.94
 294627.718    11.074     5.69    4.52
 294916.972    12.604     5.29    5.01
 295206.226    13.858     4.34    5.06
 295495.479    15.708     6.40    4.99
 295784.731    17.613     6.59    4.05
 296073.982    18.541     3.21    3.56
 296363.233    19.272     2.53    2.63
 296652.483    19.218    -0.19    3.22
 296941.732    18.874    -1.19    3.76
 297230.980    17.910    -3.33    4.07
 297520.228    17.272    -2.21    3.96
 297809.475    16.752    -1.80    3.94
 298098.721    15.595    -4.00    3.93
 298387.967    14.265    -4.60    3.34
 298677.212    13.724    -1.87    2.87
 298966.456    13.255    -1.62    2.46
 299255.699    13.502     0.85    2.74
 299544.942    13.458    -0.15    3.13
 299834.184    14.151     2.40    3.69
 300123.425    14.291     0.48    4.04
 300412.665    14.210    -0.28    4.46
 300701.905    13.979    -0.80    4.90
 300991.144    14.289     1.07    5.04
 301280.383    13.151    -3.93    6.05
 301569.620    11.349    -6.23    6.68
 301858.857     9.583    -6.11    7.01
 302148.093     7.824    -6.08    7.25
 302437.329     6.393    -4.95    7.21
 302726.564     5.100    -4.47    6.63
 303015.798     4.005    -3.78    5.47
 303305.031     3.604    -1.39    4.79
 303594.264     4.074     1.63    5.62
 303883.496     6.174     7.26    7.11
 304172.727     7.427     4.33    7.48
 304461.958    10.191     9.56    8.26
 304751.188    12.417     7.70    8.31
 305040.417    14.891     8.55    7.97
 305329.645    17.448     8.84    6.65
 305618.873    18.410     3.33    6.36
 305908.100    19.350     3.25    5.62
 306197.327    20.367     3.52    4.77
 306486.553    20.891     1.81    4.46
 306775.778    21.376     1.68    4.40
 307065.002    21.591     0.75    4.42
 307354.226    21.789     0.68    4.81
 307643.449    21.024    -2.64    5.66
 307932.671    20.658    -1.27    6.81
 308221.893    20.158    -1.73    7.64
 308511.114    19.608    -1.90    7.72
 308800.334    20.736     3.90    8.57
 309089.553    22.367     5.64    8.80
 309378.772    25.548    11.00    8.18
 309667.991    27.451     6.58    7.24
 309957.208    29.141     5.84    7.04
 310246.425    30.297     4.00    6.74
 310535.641    30.324     0.09    6.71
 310824.857    29.017    -4.52    7.67
 311114.072    28.470    -1.89    8.07
 311403.286    28.108    -1.25    8.32
 311692.499    27.434    -2.33    7.71
 311981.712    26.083    -4.67    6.69
 312270.925    25.157    -3.20    5.86
 312560.136    25.434     0.96    5.84
 312849.347    26.180     2.58    5.93
 313138.557    27.051     3.01    6.26
 313427.767    27.458     1.41    5.97
 313716.976    28.680     4.23    5.73
 314006.184    29.502     2.84    5.59
 314295.392    28.945    -1.93    4.80
 314584.598    29.382     1.51    5.11
 314873.805    30.065     2.36    5.49
 315163.010    31.220     3.99    5.88
 315452.215    31.669     1.55    5.91
 315741.420    32.307     2.21    5.83
 316030.623    33.235     3.21    6.14
 316319.826    33.824     2.04    6.05
 316609.029    34.758     3.23    5.98
 316898.231    35.255     1.72    5.86
 317187.566    36.117     2.98    5.44
 317476.908    36.825     2.45    5.68
 317766.250    39.041     7.66    7.20
 318055.591    40.958     6.62    7.85
 318344.931    41.455     1.72    7.98
 318634.271    41.979     1.81    7.79
 318923.610    44.028     7.08    9.76
 319212.948    44.214     0.64    9.58
 319502.286    43.508    -2.44    9.32
 319791.623    42.358    -3.97    9.87
 320080.960    40.977    -4.78    9.99
 320370.296    39.964    -3.50   10.61
 320659.631    37.424    -8.78    9.31
 320948.966    35.291    -7.37    9.09
 321238.300    33.565    -5.96    8.22
 321527.633    32.908    -2.27    7.88
 321816.966    32.448    -1.59    7.56
 322106.298    32.553     0.36    7.39
 322395.629    33.350     2.75    7.94
 322684.960    35.108     6.08    9.60
 322974.291    37.595     8.60   11.84
 323263.620    39.323     5.97   13.38
 323552.949    39.638     1.09   14.41
 323842.278    39.117    -1.80   14.13
 324131.606    38.265    -2.95   14.26
 324420.933    36.759    -5.20   14.06
 324710.259    36.134    -2.16   14.15
 324999.585    34.468    -5.76   14.22
 325288.911    32.645    -6.30   13.85
 325578.236    29.551   -10.69   11.72
 325867.560    26.410   -10.86    9.32
 326156.883    25.977    -1.50    8.38
 326446.206    24.445    -5.30    5.84
 326735.529    22.455    -6.88    5.65
 327024.850    21.434    -3.53    6.03
 327314.171    21.703     0.93    6.06
 327603.492    20.644    -3.66    6.70
 327892.812    18.587    -7.11    6.74
 328182.131    17.163    -4.92    6.00
 328471.450    16.979    -0.63    6.26
 328760.768    17.220     0.83    6.20
 329050.086    17.235     0.05    6.33
 329339.403    15.858    -4.76    6.35
 329628.719    13.910    -6.73    6.44
 329918.035    12.289    -5.60    5.60
 330207.350    10.979    -4.53    5.00
 330496.665    10.191    -2.72    4.46
 330785.979     9.977    -0.74    3.91
 331075.292    10.612     2.19    4.04
 331364.605    11.716     3.82    4.78
 331653.918    12.945     4.25    5.01
 331943.229    14.058     3.85    4.96
 332232.540    14.943     3.06    5.14
 332521.851    15.960     3.52    4.89
 332811.161    16.332     1.29    4.79
 333100.470    16.393     0.21    4.74
 333389.779    16.231    -0.56    4.49
 333679.088    15.672    -1.93    4.42
 333968.395    15.291    -1.32    4.21
 334257.702    15.720     1.48    4.08
 334547.009    16.214     1.71    3.91
 334836.315    16.377     0.56    3.60
 335125.620    16.570     0.67    3.27
 335414.925    16.874     1.05    3.14
 335704.230    17.570     2.40    2.26
 335993.533    18.008     1.51    1.45
 336282.837    18.151     0.50    0.99
 336572.139    18.203     0.18    0.97
 336861.441    18.299     0.33    0.93
 337150.743    18.384     0.29    1.15
 337440.044    18.293    -0.31    1.13
 337729.344    18.323     0.11    1.22
 338018.644    18.391     0.23    1.14
 338307.943    18.438     0.16    1.18
 338597.242    18.631     0.67    1.34
 338886.540    18.891     0.90    1.52
 339175.838    19.231     1.17    1.43
 339465.135    19.600     1.27    1.42
 339754.431    19.841     0.83    1.36
 340043.728    20.103     0.91    1.38
 340333.023    20.570     1.61    1.17
 340622.318    20.726     0.54    1.14
 340911.612    20.858     0.46    1.04
 341200.906    20.930     0.25    1.00
 341490.199    20.875    -0.19    1.05
 341779.492    20.824    -0.18    1.05
 342068.784    20.758    -0.23    1.05
 342358.076    20.724    -0.12    1.09
 342647.367    20.876     0.52    1.22
 342936.658    20.789    -0.30    1.29
 343225.948    20.738    -0.18    1.32
 343515.238    20.595    -0.49    1.39
 343804.527    20.651     0.19    1.38
 344093.815    20.724     0.25    1.33
 344383.103    20.720    -0.01    1.26
 344672.391    20.789     0.24    1.12
 344961.678    20.648    -0.49    1.08
 345250.964    20.824     0.61    1.14
 345540.250    20.793    -0.11    1.31
 345829.536    21.020     0.78    1.61
 346118.820    21.307     0.99    1.80
 346408.105    21.773     1.61    1.91
 346697.389    22.358     2.02    2.01
 346986.672    22.972     2.12    1.77
 347275.955    23.358     1.33    1.51
 347565.237    23.669     1.07    1.39
 347854.519    23.560    -0.37    1.46
 348143.800    23.158    -1.39    1.68
 348433.081    22.876    -0.97    1.70
 348722.361    22.487    -1.35    1.56
 349011.641    22.066    -1.45    1.27
