-355163.329   204.594     0.00   16.34
-354873.888   207.696    10.72   15.53
-354584.444   210.013     8.00   14.15
-354294.997   212.246     7.72   12.00
-354005.547   213.082     2.89   11.03
-353716.096   213.918     2.89    9.54
-353426.641   217.969    13.99   12.16
-353137.184   220.832     9.89   12.71
-352847.725   224.275    11.90   14.51
-352558.263   226.773     8.63   14.97
-352268.798   232.018    18.12   17.44
-351979.331   235.541    12.17   15.17
-351689.861   235.725     0.64   15.52
-351400.389   236.987     4.36   15.37
-351110.914   237.156     0.58   15.77
-350821.437   236.732    -1.46   16.70
-350531.957   237.402     2.31   16.94
-350242.474   234.849    -8.82   15.11
-349952.989   234.298    -1.91   14.90
-349663.501   233.901    -1.37   16.03
-349374.011   234.052     0.52   15.39
-349084.518   235.574     5.26   15.59
-348795.023   235.349    -0.78   16.03
-348505.525   232.071   -11.32   13.56
-348216.024   230.401    -5.77   13.45
-347926.521   230.852     1.56   15.27
-347637.015   233.152     7.94   15.66
-347347.507   234.868     5.93   15.91
-347057.996   241.328    22.31   20.57
-346768.483   247.194    20.26   22.13
-346478.967   254.235    24.32   22.70
-346190.007   259.711    18.95   23.79
-345901.045   262.181     8.54   22.23
-345612.081   261.452    -2.52   22.97
-345323.114   258.694    -9.54   24.82
-345034.145   252.591   -21.12   25.25
-344745.173   246.008   -22.78   25.12
-344456.198   242.618   -11.73   19.76
-344167.221   241.818    -2.77   19.56
-343878.241   244.252     8.42   21.81
-343589.259   248.935    16.21   23.41
-343300.274   255.311    22.06   21.83
-343011.286   260.302    17.27   21.92
-342722.296   265.711    18.72   19.12
-342433.303   268.618    10.06   18.77
-342144.308   272.901    14.82   16.70
-341855.310   274.280     4.77   16.09
-341566.310   276.642     8.17   14.12
-341277.307   277.729     3.76   13.98
-340988.301   276.869    -2.97   15.33
-340699.293   274.453    -8.36   16.80
-340410.282   268.535   -20.47   22.55
-340121.268   262.186   -21.97   25.41
-339832.252   258.817   -11.66   28.81
-339543.233   252.080   -23.31   31.73
-339254.212   246.652   -18.78   34.53
-338965.188   242.918   -12.92   38.17
-338676.162   241.490    -4.94   41.46
-338387.133   240.091    -4.84   44.53
-338098.101   239.832    -0.89   45.22
-337809.067   234.135   -19.71   43.07
-337520.030   225.623   -29.45   42.80
-337230.990   217.349   -28.62   42.16
-336941.948   203.468   -48.02   38.01
-336652.903   197.936   -19.14   34.38
-336363.856   198.164     0.79   33.61
-336074.806   206.002    27.11   38.94
-335785.753   207.579     5.46   40.99
-335496.698   214.435    23.72   41.65
-335207.640   224.160    33.64   39.18
-334918.579   231.833    26.55   36.01
-334629.516   244.246    42.94   37.83
-334340.451   245.787     5.33   40.24
-334051.382   256.785    38.04   38.37
-333762.311   267.384    36.66   33.33
-333473.237   276.073    30.06   26.23
-333184.161   276.039    -0.12   26.05
-332895.082   274.635    -4.86   25.60
-332606.001   272.054    -8.93   20.97
-332316.916   268.206   -13.31   21.04
-332027.830   267.435    -2.67   21.87
-331738.740   269.427     6.89   22.34
-331449.648   268.623    -2.78   22.91
-331160.553   270.152     5.29   20.06
-330871.456   270.257     0.36   20.45
-330582.356   271.497     4.29   20.69
-330293.253   272.004     1.75   22.90
-330004.148   272.223     0.76   22.17
-329715.040   272.194    -0.10   22.83
-329425.929   275.640    11.92   24.66
-329136.816   276.591     3.29   24.14
-328847.700   280.325    12.92   26.12
-328558.582   283.497    10.97   25.66
-328269.460   289.668    21.34   22.91
-327980.336   295.321    19.55   22.17
-327691.210   300.211    16.91   19.01
-327402.081   304.206    13.82   17.86
-327112.949   306.746     8.78   16.88
-326823.814   306.694    -0.18   14.98
-326534.677   312.068    18.59   20.11
-326245.537   322.681    36.70   27.11
-325956.395   339.354    57.66   40.51
-325667.250   359.650    70.19   54.14
-325378.102   383.518    82.54   67.86
-325088.951   409.293    89.14   79.96
-324799.798   430.821    74.45   82.95
-324510.642   449.985    66.27   80.33
-324221.484   471.868    75.67   79.43
-323932.322   494.342    77.72   75.48
-323643.159   511.357    58.84   72.24
-323353.992   533.518    76.63   76.51
-323064.823   567.257   116.67   91.63
-322775.651   603.225   124.37  101.55
-322486.476   635.935   113.11  107.80
-322197.299   656.775    72.06  103.17
-321908.119   682.850    90.16  105.77
-321618.936   700.332    60.45  109.22
-321329.751   723.623    80.54  110.76
-321040.563   741.815    62.90  108.98
-320751.372   775.056   114.94  112.96
-320462.179   793.556    63.97  116.38
-320172.983   809.798    56.16  115.33
-319883.784   827.885    62.54  106.54
-319594.583   844.596    57.78  102.01
-319305.378   882.268   130.25  101.92
-319016.172   900.472    62.94   94.73
-318726.962   932.935   112.24   99.31
-318437.750   974.235   142.79  101.50
-318148.535  1013.054   134.21   98.71
-317859.317  1058.818   158.23   84.04
-317570.097  1105.954   162.97   80.76
-317280.874  1147.849   144.85   86.09
-316991.648  1183.832   124.40   98.20
-316702.420  1214.002   104.30  105.17
-316413.188  1259.418   157.02  104.79
-316123.954  1292.453   114.21   94.70
-315834.718  1320.552    97.14   98.77
-315545.479  1345.625    86.68   95.46
-315256.236  1376.285   105.99  101.34
-314966.992  1422.102   158.39  117.36
-314677.744  1455.635   115.93  131.57
-314388.494  1499.902   153.03  127.35
-314099.241  1536.125   125.22  107.57
-313809.986  1561.552    87.90   94.09
-313520.727  1583.935    77.38   84.59
-313231.466  1580.918   -10.43  100.82
-312942.202  1584.344    11.84  108.93
-312652.936  1586.567     7.68  105.28
-312363.667  1589.056     8.60  106.61
-312074.395  1589.865     2.79  111.13
-311785.120  1587.279    -8.94  110.35
-311495.843  1604.935    61.03  101.19
-311206.562  1609.718    16.53  109.08
-310917.280  1621.367    40.26  107.44
-310627.994  1642.146    71.83   96.75
-310338.706  1653.618    39.65   84.87
-310049.414  1670.453    58.19   64.85
-309760.121  1670.402    -0.18   57.41
-309470.824  1664.091   -21.81   50.70
-309181.525  1649.022   -52.08   47.35
-308892.223  1644.229   -16.57   43.55
-308602.918  1637.884   -21.93   41.76
-308313.610  1630.590   -25.21   37.95
-308024.300  1624.677   -20.44   33.77
-307734.987  1621.562   -10.76   34.98
-307445.671  1624.008     8.45   40.79
-307156.353  1629.139    17.73   44.82
-306867.031  1631.483     8.10   46.43
-306577.707  1637.647    21.30   46.30
-306288.381  1639.139     5.15   43.16
-305999.051  1637.831    -4.52   43.64
-305709.719  1634.746   -10.66   44.21
-305420.384  1629.852   -16.91   44.91
-305131.046  1623.652   -21.43   47.06
-304841.705  1609.838   -47.74   48.74
-304552.362  1597.383   -43.04   47.19
-304263.016  1581.668   -54.31   46.44
-303973.667  1568.829   -44.37   48.29
-303684.315  1556.967   -40.99   49.07
-303394.961  1544.088   -44.51   50.14
-303105.604  1528.302   -54.55   54.90
-302816.244  1513.711   -50.42   59.94
-302526.881  1492.470   -73.40   67.60
-302237.516  1472.602   -68.66   83.72
-301948.147  1426.969  -157.69   89.12
-301658.776  1394.128  -113.49   89.90
-301369.402  1356.613  -129.63   93.08
-301080.026  1313.365  -149.45   94.96
-300790.647  1281.122  -111.42   95.06
-300501.264  1230.263  -175.74  106.02
-300211.879  1193.230  -127.97  103.55
-299922.492  1151.418  -144.47   96.73
-299633.101  1107.453  -151.92   80.83
-299343.708  1078.453  -100.20   75.17
-299054.312  1046.522  -110.33   72.07
-298764.913  1026.635   -68.71   61.55
-298475.511  1018.376   -28.54   55.42
-298186.107  1016.052    -8.03   53.59
-297896.700  1011.287   -16.46   59.18
-297607.290  1015.211    13.56   66.05
-297317.877  1019.035    13.21   65.18
-297028.461  1024.766    19.80   58.50
-296739.043  1039.185    49.82   65.95
-296449.622  1063.258    83.17   81.45
-296160.198  1099.987   126.90  101.12
-295870.771  1149.111   169.72  104.26
-295581.341  1200.312   176.89   99.04
-295291.909  1244.984   154.34   82.90
-295002.473  1283.194   132.01   69.02
-294713.035  1320.135   127.62   62.54
-294423.595  1352.642   112.31   65.23
-294134.151  1376.068    80.93   57.81
-293844.704  1399.318    80.32   53.71
-293555.255  1416.318    58.73   49.93
-293265.803  1440.402    83.20   45.58
-292976.348  1452.763    42.70   44.24
-292686.890  1478.752    89.78   55.48
-292397.430  1500.660    75.68   59.22
-292107.967  1531.148   105.32   70.69
-291818.500  1554.452    80.50   69.93
-291529.031  1577.970    81.24   67.60
-291239.560  1598.539    71.05   61.33
-290950.085  1610.708    42.04   52.18
-290660.608  1621.318    36.65   50.87
-290371.127  1625.698    15.13   59.00
-290081.644  1618.685   -24.22   71.35
-289792.158  1601.918   -57.92   88.97
-289502.669  1569.901  -110.59  112.40
-289213.178  1525.803  -152.32  129.70
-288923.683  1459.185  -230.11  135.35
-288634.186  1402.002  -197.52  122.95
-288344.686  1333.655  -236.07   98.66
-288055.183  1283.504  -173.22   86.23
-287765.677  1247.573  -124.10   73.02
-287476.169  1218.780   -99.45   56.46
-287186.657  1201.967   -58.07   46.61
-286897.143  1191.246   -37.03   48.77
-286607.626  1189.274    -6.81   58.96
-286318.106  1177.008   -42.37   53.61
-286028.583  1174.257    -9.50   62.15
-285739.057  1160.791   -46.51   72.36
-285449.528  1136.274   -84.67   78.34
-285159.997  1122.802   -46.53   78.55
-284870.463  1114.522   -28.60   83.56
-284580.926  1113.511    -3.49   81.04
-284291.386  1112.427    -3.75   77.87
-284002.303  1100.105   -42.62   70.39
-283713.376  1097.246    -9.89   75.86
-283424.446  1097.269     0.08   77.35
-283135.514  1077.702   -67.72   83.68
-282846.578  1053.795   -82.73   67.62
-282557.640  1037.596   -56.06   54.86
-282268.698  1031.252   -21.96   47.36
-281979.754  1027.535   -12.86   50.73
-281690.807  1033.815    21.73   54.19
-281401.857  1054.884    72.91   62.44
-281112.905  1077.664    78.83   69.63
-280823.949  1119.969   146.40   83.76
-280534.991  1168.805   169.00  100.06
-280246.029  1206.817   131.54  111.00
-279957.065  1243.229   126.00  105.55
-279668.098  1273.522   104.83  106.30
-279379.128  1311.073   129.94   96.00
-279090.156  1344.082   114.22   81.95
-278801.180  1364.642    71.14   69.48
-278512.202  1367.539    10.02   72.18
-278223.220  1370.435    10.02   84.30
-277934.236  1375.729    18.32  100.12
-277645.249  1368.563   -24.79  117.07
-277356.259  1367.335    -4.25  131.00
-277067.266  1351.685   -54.15  156.10
-276778.271  1344.269   -25.66  158.88
-276489.272  1328.608   -54.19  165.80
-276200.271  1288.702  -138.08  170.80
-275911.266  1250.235  -133.09  170.25
-275622.259  1207.902  -146.47  168.15
-275333.249  1176.401  -108.99  159.21
-275044.236  1129.918  -160.82  156.16
-274755.220  1105.269   -85.28  144.82
-274466.202  1073.668  -109.33  138.53
-274177.180  1046.328   -94.59  125.77
-273888.156  1025.729   -71.27  104.69
-273599.128  1012.325   -46.37   81.93
-273310.098  1013.735     4.88   69.48
-273021.065  1018.752    17.36   64.91
-272732.029  1035.359    57.45   76.97
-272442.990  1062.574    94.15  106.34
-272153.948  1085.852    80.53  114.82
-271864.903  1109.004    80.10  121.24
-271575.855  1141.118   111.10  131.43
-271286.805  1156.384    52.81  136.51
-270997.751  1167.768    39.38  131.60
-270708.695  1163.335   -15.34  122.67
-270419.636  1170.393    24.42  116.66
-270130.574  1172.798     8.32  104.94
-269841.509  1171.866    -3.22   84.02
-269552.441  1174.344     8.57   77.05
-269263.370  1185.018    36.92   76.84
-268974.296  1206.450    74.14   78.92
-268685.219  1228.613    76.66   73.76
-268396.140  1247.332    64.75   69.23
-268107.057  1264.585    59.68   61.51
-267817.972  1278.642    48.62   50.59
-267528.883  1284.131    18.99   44.05
-267239.792  1286.004     6.48   35.32
-266950.698  1289.349    11.57   33.90
-266661.601  1288.591    -2.62   32.48
-266372.500  1288.468    -0.42   30.55
-266083.398  1287.115    -4.68   26.03
-265794.292  1286.004    -3.84   20.83
-265505.183  1291.685    19.65   21.14
-265216.071  1296.490    16.62   23.18
-264926.956  1301.901    18.72   22.69
-264637.839  1311.640    33.68   29.86
-264348.718  1321.139    32.85   40.00
-264059.595  1341.725    71.20   62.57
-263770.468  1352.204    36.24   67.70
-263481.339  1375.602    80.92   83.96
-263192.207  1379.832    14.63   68.20
-262903.071  1384.515    16.20   58.61
-262613.933  1382.410    -7.28   46.64
-262324.792  1382.088    -1.11   42.01
-262035.648  1380.800    -4.45   45.33
-261746.501  1378.008    -9.66   56.27
-261457.351  1360.968   -58.93   60.91
-261168.198  1345.817   -52.40   60.05
-260879.042  1337.547   -28.60   64.36
-260589.884  1324.185   -46.21   59.04
-260300.722  1306.043   -62.74   51.33
-260011.557  1297.376   -29.97   54.10
-259722.390  1291.280   -21.08   52.02
-259433.219  1283.230   -27.84   58.17
-259144.046  1272.681   -36.48   61.84
-258854.869  1256.401   -56.29   68.68
-258565.690  1245.435   -37.92   71.97
-258276.507  1232.660   -44.18   75.31
-257987.322  1212.435   -69.93   72.48
-257698.133  1186.642   -89.18   55.40
-257408.942  1165.135   -74.37   46.49
-257119.748  1152.918   -42.24   41.22
-256830.551  1140.004   -44.65   33.08
-256541.350  1134.017   -20.70   31.06
-256252.147  1131.071   -10.19   25.53
-255962.941  1129.835    -4.27   22.79
-255673.732  1130.793     3.31   25.74
-255384.520  1125.108   -19.66   28.31
-255095.305  1121.211   -13.47   29.89
-254806.087  1115.206   -20.76   27.55
-254516.866  1111.377   -13.24   23.54
-254227.642  1110.573    -2.78   25.71
-253938.415  1111.552     3.38   29.60
-253649.185  1117.504    20.58   36.77
-253359.952  1119.623     7.32   35.47
-253070.716  1118.318    -4.51   35.86
-252781.477  1119.252     3.23   36.41
-252492.235  1123.468    14.58   42.00
-252202.990  1120.694    -9.59   40.46
-251913.743  1119.635    -3.66   45.68
-251624.492  1109.625   -34.60   38.67
-251335.238  1101.525   -28.00   29.74
-251045.981  1098.492   -10.48   23.52
-250756.721  1093.532   -17.15   17.78
-250467.458  1092.315    -4.21   16.03
-250178.193  1095.668    11.59   19.25
-249888.924  1109.852    49.03   42.93
-249599.652  1121.223    39.31   49.88
-249310.377  1132.085    37.55   51.61
-249021.099  1145.073    44.90   56.23
-248731.819  1151.133    20.94   61.74
-248442.535  1158.202    24.44   70.14
-248153.248  1158.022    -0.62   73.81
-247863.958  1154.652   -11.65   72.42
-247574.665  1148.315   -21.90   68.54
-247285.369  1143.504   -16.63   65.57
-246996.071  1138.229   -18.24   53.14
-246706.769  1130.953   -25.15   41.32
-246417.464  1127.705   -11.22   37.27
-246128.156  1121.918   -20.00   31.77
-245838.845  1120.156    -6.09   33.44
-245549.531  1114.008   -21.25   24.52
-245260.214  1111.018   -10.33   20.72
-244970.894  1107.402   -12.50   17.55
-244681.571  1102.579   -16.67   13.51
-244392.245  1101.052    -5.28   13.83
-244102.916  1100.673    -1.31   13.54
-243813.584  1100.562    -0.38   12.64
-243524.249  1098.818    -6.03   10.22
-243234.911  1098.468    -1.21   10.67
-242945.570  1102.805    14.99   17.94
-242656.225  1105.094     7.91   19.57
-242366.878  1111.468    22.03   27.13
-242077.528  1116.097    16.00   26.43
-241788.175  1128.450    42.69   34.48
-241498.818  1138.902    36.12   36.49
-241209.459  1144.918    20.79   39.18
-240920.097  1155.453    36.40   40.39
-240630.731  1166.556    38.37   37.24
-240341.363  1169.325     9.57   38.71
-240051.991  1173.435    14.20   36.50
-239762.617  1173.080    -1.23   35.35
-239473.239  1169.832   -11.22   33.33
-239183.858  1164.660   -17.87   28.41
-238894.475  1166.091     4.94   26.40
-238605.088  1177.918    40.87   35.43
-238315.698  1191.246    46.05   47.19
-238026.305  1202.004    37.17   49.44
-237736.909  1210.867    30.62   48.42
-237447.510  1217.798    23.95   49.30
-237158.108  1226.177    28.95   53.00
-236868.703  1219.305   -23.74   57.11
-236579.295  1204.698   -50.47   67.14
-236289.884  1173.817  -106.70   78.63
-236000.470  1147.608   -90.55   84.45
-235711.052  1113.867  -116.58   92.80
-235421.632  1077.568  -125.41   88.28
-235132.208  1051.452   -90.23   69.33
-234842.782  1033.515   -61.97   56.65
-234553.352  1022.146   -39.28   48.67
-234263.920  1025.535    11.71   52.72
-233974.484  1033.409    27.21   53.12
-233685.045  1042.285    30.66   55.74
-233395.603  1040.002    -7.89   56.37
-233106.158  1032.647   -25.41   54.61
-232816.710  1018.240   -49.77   47.34
-232527.259  1011.528   -23.19   37.52
-232237.805  1006.152   -18.57   32.36
-231948.348  1006.308     0.54   29.20
-231658.887  1009.458    10.88   25.14
-231369.424  1011.003     5.34   20.73
-231079.957  1011.990     3.41   23.20
-230790.488  1010.156    -6.34   25.46
-230501.015  1005.211   -17.08   28.35
-230211.539   996.099   -31.48   30.22
-229922.060   990.325   -19.94   29.81
-229632.578   982.470   -27.13   25.99
-229343.093   980.229    -7.74   25.10
-229053.605   979.798    -1.49   22.30
-228764.114   982.818    10.43   29.14
-228474.620   986.202    11.69   31.23
-228185.122   992.672    22.35   33.79
-227895.622  1002.711    34.68   33.84
-227606.118  1010.453    26.74   35.55
-227316.611  1018.568    28.03   33.53
-227027.102  1029.850    38.97   30.77
-226737.589  1032.918    10.60   28.19
-226448.073  1038.146    18.06   27.59
-226158.553  1044.056    20.41   23.87
-225869.031  1046.504     8.46   24.34
-225579.506  1048.213     5.90   26.77
-225289.977  1053.410    17.95   28.61
-225000.446  1055.073     5.74   28.00
-224710.911  1056.552     5.11   31.86
-224421.373  1058.970     8.35   35.84
-224131.832  1058.635    -1.16   39.91
-223842.288  1064.685    20.89   47.52
-223552.741  1067.218     8.75   53.71
-223263.191  1077.115    34.18   61.84
-222973.637  1086.522    32.49   64.80
-222684.081  1085.918    -2.08   68.63
-222394.521  1083.504    -8.34   82.40
-222104.958  1071.640   -40.97   88.09
-221815.721  1061.485   -35.11   95.12
-221526.828  1056.325   -17.86   95.55
-221237.932  1067.194    37.62  101.37
-220949.033  1089.722    77.97  107.31
-220660.131  1121.318   109.36  107.34
-220371.225  1148.884    95.41   97.59
-220082.316  1176.459    95.44   86.14
-219793.405  1210.229   116.88   64.99
-219504.490  1230.832    71.31   62.40
-219215.572  1242.385    39.98   65.80
-218926.651  1248.815    22.25   64.98
-218637.727  1250.246     4.95   70.29
-218348.799  1251.418     4.06   71.50
-218059.869  1237.608   -47.80   63.44
-217770.935  1227.022   -36.64   47.99
-217481.998  1216.630   -35.96   46.05
-217193.059  1211.623   -17.33   50.21
-216904.116  1213.315     5.85   49.23
-216615.169  1209.168   -14.35   52.74
-216326.220  1206.704    -8.53   48.81
-216037.268  1198.177   -29.51   52.52
-215748.312  1187.596   -36.62   54.19
-215459.354  1188.868     4.40   58.08
-215170.392  1191.773    10.05   77.28
-214881.427  1196.186    15.27   90.91
-214592.459  1212.952    58.02  108.92
-214303.487  1235.444    77.83  109.42
-214014.513  1257.506    76.34  102.88
-213725.535  1261.836    14.99   94.93
-213436.555  1259.206    -9.10   96.49
-213147.571  1239.206   -69.20  103.01
-212858.584  1199.472  -137.49  114.00
-212569.594  1163.443  -124.67  119.62
-212280.600  1112.152  -177.47  121.34
-211991.604  1067.854  -153.27  120.11
-211702.604  1024.223  -150.96  105.08
-211413.602   991.043  -114.80   96.59
-211124.596   968.800   -76.96   96.70
-210835.586   932.591  -125.28  111.97
-210546.574   928.115   -15.49  118.52
-210257.559   927.817    -1.03  120.98
-209968.540   926.918    -3.11  120.31
-209679.518   916.694   -35.37  110.13
-209390.493   894.004   -78.50  109.02
-209101.465   870.459   -81.46  118.28
-208812.434   832.884  -130.00  134.82
-208523.400   783.518  -170.79  138.61
-208234.362   737.304  -159.88  149.29
-207945.321   718.711   -64.32  158.54
-207656.277   677.803  -141.52  178.25
-207367.230   630.630  -163.20  188.53
-207078.180   602.202   -98.35  199.88
-206789.126   584.418   -61.52  193.03
-206500.070   576.798   -26.36  193.00
-206211.010   577.522     2.51  187.09
-205921.947   571.718   -20.08  190.33
-205632.881   585.080    46.22  193.05
-205343.811   575.160   -34.32  170.49
-205054.739   546.985   -97.46  150.20
-204765.663   495.056  -179.63  132.83
-204476.584   461.552  -115.90  134.05
-204187.502   400.885  -209.85  131.78
-203898.416   347.918  -183.21  124.72
-203609.328   295.787  -180.32  118.62
-203320.236   251.160  -154.36  111.79
-203031.141   207.668  -150.43   92.20
-202742.043   173.435  -118.41   74.11
-202452.942   155.640   -61.55   59.04
-202163.837   139.020   -57.48   53.68
-201874.729   134.620   -15.22   60.41
-201585.618   131.504   -10.78   63.02
-201296.504   131.168    -1.16   63.17
-201007.387   135.049    13.42   61.67
-200718.266   133.613    -4.97   56.89
-200429.142   151.476    61.78   70.60
-200140.015   172.349    72.19   84.98
-199850.885   179.660    25.28   91.27
-199561.752   204.535    86.03  109.32
-199272.615   226.298    75.26  112.01
-198983.475   243.508    59.52  121.15
-198694.332   258.660    52.40  123.51
-198405.186   271.746    45.26  136.52
-198116.036   275.987    14.67  145.33
-197826.884   271.800   -14.48  153.01
-197537.728   266.885   -16.99  154.30
-197248.569   252.470   -49.85  137.06
-196959.406   245.385   -24.50  122.27
-196670.241   246.133     2.59  103.80
-196381.072   259.715    46.97  108.55
-196091.900   294.321   119.67  115.75
-195802.724   336.885   147.18  120.98
-195513.546   374.676   130.68  117.87
-195224.364   406.954   111.61  114.14
-194935.179   452.613   157.88  124.42
-194645.991   509.817   197.80  155.31
-194356.799   567.871   200.74  166.24
-194067.605   639.434   247.45  166.12
-193778.407   691.172   178.89  151.00
-193489.206   737.223   159.23  127.67
-193200.001   753.900    57.66  111.08
-192910.793   765.230    39.17  105.86
-192621.582   748.568   -57.61  111.66
-192332.368   732.752   -54.69  127.37
-192043.151   706.246   -91.64  145.99
-191753.930   658.008  -166.78  157.69
-191464.706   610.802  -163.21  170.39
-191175.479   545.177  -226.89  165.33
-190886.249   491.344  -186.12  170.74
-190597.015   454.037  -128.98  152.67
-190307.778   428.884   -86.96  127.04
-190018.538   418.901   -34.51  103.62
-189729.294   407.504   -39.40   73.73
-189440.048   398.984   -29.46   60.30
-189150.798   399.953     3.35   51.53
-188861.545   399.452    -1.73   55.61
-188572.288   407.971    29.45   54.52
-188283.028   416.401    29.14   60.55
-187993.765   420.623    14.60   63.18
-187704.499   416.735   -13.44   69.69
-187415.229   403.352   -46.26   84.91
-187125.957   390.811   -43.35  101.19
-186836.681   358.418  -111.97  113.48
-186547.401   341.918   -57.04  112.95
-186258.119   340.410    -5.21  115.65
-185968.833   335.181   -18.08  112.30
-185679.543   337.591     8.33  107.20
-185390.251   326.018   -40.00  110.62
-185100.955   329.515    12.09  107.05
-184811.656   307.354   -76.60  124.06
-184522.354   265.285  -145.41  135.72
-184233.048   229.002  -125.41  136.19
-183943.739   175.393  -185.29  129.31
-183654.427   130.673  -154.57  101.30
-183365.112    99.418  -108.02   73.80
-183075.793    71.660   -95.94   19.53
-182786.471    65.164   -22.45    7.84
-182497.146    62.885    -7.88    6.18
-182207.817    61.461    -4.92    5.79
-181918.485    60.349    -3.84    6.41
-181629.150    59.642    -2.44    6.65
-181339.811    59.951     1.07    7.60
-181050.469    59.308    -2.22    8.15
-180761.124    58.574    -2.54    8.47
-180471.776    58.091    -1.67    8.97
-180182.424    57.545    -1.88    8.74
-179893.069    57.443    -0.35    9.54
-179603.711    55.685    -6.08   10.30
-179314.349    53.918    -6.11    9.96
-179024.984    51.392    -8.73    9.52
-178735.616    50.798    -2.05    9.02
-178446.244    51.122     1.12    9.00
-178156.870    51.105    -0.06    7.21
-177867.491    53.402     7.94    8.36
-177578.110    56.211     9.71    9.09
-177288.725    60.068    13.33    8.38
-176999.337    63.694    12.53    9.84
-176709.946    65.435     6.02    9.44
-176420.551    66.068     2.19    9.60
-176131.153    65.718    -1.21    9.30
-175841.751    64.085    -5.64    9.64
-175552.347    62.280    -6.24    9.85
-175262.938    61.240    -3.59    9.68
-174973.527    58.746    -8.62    5.44
-174684.112    58.787     0.14    4.30
-174394.694    59.033     0.85    4.51
-174105.273    60.142     3.83    5.32
-173815.848    61.539     4.83    5.97
-173526.420    63.445     6.58    6.08
-173236.989    64.868     4.92    5.78
-172947.554    66.732     6.44    5.07
-172658.116    67.768     3.58    5.10
-172368.675    69.177     4.87    5.90
-172079.230    70.234     3.65    5.35
-171789.782    71.394     4.01    4.86
-171500.330    72.918     5.27    4.99
-171210.876    73.785     2.99    4.60
-170921.418    75.142     4.69    5.63
-170631.956    76.918     6.13    6.75
-170342.491    77.367     1.55    7.13
-170053.023    77.562     0.68    7.78
-169763.552    76.722    -2.90    7.94
-169474.077    76.177    -1.88    8.37
-169184.599    75.410    -2.65    9.49
-168895.117    72.972    -8.42    9.31
-168605.632    69.749   -11.13    9.28
-168316.144    66.093   -12.63    8.98
-168026.652    63.579    -8.68    8.14
-167737.157    61.502    -7.18    7.10
-167447.659    60.315    -4.10    6.51
-167158.157    59.427    -3.07    4.91
-166868.652    60.850     4.92    5.47
-166579.144    63.918    10.60    9.34
-166289.632    66.285     8.17    9.85
-166000.117    69.690    11.76   11.21
-165710.598    73.168    12.01   11.19
-165421.076    76.936    13.01   11.68
-165131.551    79.773     9.80   14.31
-164842.022    80.552     2.69   14.49
-164552.490    78.218    -8.06   15.06
-164262.955    76.522    -5.86   15.06
-163973.416    75.129    -4.81   14.49
-163683.874    72.852    -7.86   12.97
-163394.328    69.511   -11.54    8.89
-163104.779    68.031    -5.11    6.64
-162815.227    67.511    -1.79    5.94
-162525.671    67.056    -1.57    5.06
-162236.112    67.367     1.07    4.96
-161946.550    68.142     2.68    5.66
-161656.984    69.525     4.77    5.56
-161367.415    70.125     2.07    5.97
-161077.842    70.579     1.57    5.74
-160788.266    70.392    -0.65    5.31
-160498.687    70.783     1.35    5.34
-160209.104    71.902     3.87    4.76
-159919.518    72.139     0.82    4.46
-159630.095    73.385     4.31    4.73
-159341.237    74.418     3.58    4.44
-159052.377    75.918     5.19    4.39
-158763.513    76.785     3.00    4.11
-158474.645    78.037     4.33    4.56
-158185.774    79.434     4.84    5.22
-157896.900    82.269     9.81   10.71
-157608.022    96.468    49.15   35.97
-157319.141   125.186    99.41   71.12
-157030.256   150.225    86.67   81.05
-156741.368   164.385    49.01   77.71
-156452.477   178.640    49.34   77.88
-156163.582   187.625    31.10   78.54
-155874.684   177.263   -35.87   78.63
-155585.783   160.252   -58.88   72.62
-155296.878   143.091   -59.40   64.53
-155007.970   146.640    12.28   76.10
-154719.058   162.202    53.86  101.37
-154430.143   189.935    95.99  127.14
-154141.224   202.142    42.25  130.54
-153852.303   206.349    14.56  126.34
-153563.377   205.000    -4.67  121.90
-153274.449   196.556   -29.22  117.68
-152985.516   169.552   -93.46  107.14
-152696.581   144.608   -86.33   92.41
-152407.642   124.461   -69.73   84.43
-152118.700   101.676   -78.85   71.06
-151829.754    85.468   -56.09   53.29
-151540.805    72.689   -44.23   35.85
-151251.852    62.795   -34.24    7.87
-150962.896    62.642    -0.53    7.57
-150673.937    63.850     4.18    7.35
-150384.974    65.268     4.91    7.29
-150096.008    66.131     2.99    6.56
-149807.038    66.229     0.34    5.66
-149518.065    66.768     1.87    5.70
-149229.088    66.142    -2.17    5.89
-148940.108    65.099    -3.61    6.06
-148651.125    64.285    -2.82    6.21
-148362.138    63.885    -1.38    6.23
-148073.148    63.435    -1.56    6.71
-147784.154    62.642    -2.74    6.46
-147495.157    63.302     2.28    6.78
-147206.156    63.263    -0.13    7.13
-146917.152    62.738    -1.82    8.04
-146628.145    61.099    -5.67    7.38
-146339.134    60.935    -0.56    7.09
-146050.119    60.315    -2.15    6.86
-145761.102    61.041     2.51    7.52
-145472.080    61.685     2.23    7.61
-145183.056    63.308     5.62    7.20
-144894.028    64.951     5.68    7.24
-144604.996    66.556     5.55    7.10
-144315.961    65.625    -3.22    7.39
-144026.923    64.618    -3.48    7.19
-143737.881    64.274    -1.19    6.58
-143448.835    63.485    -2.73    7.12
-143159.787    63.111    -1.29    7.63
-142870.734    63.470     1.24    7.41
-142581.678    63.953     1.67    6.95
-142292.619    65.664     5.92    6.44
-142003.557    66.541     3.03    5.61
-141714.490    66.418    -0.43    5.40
-141425.421    66.206    -0.73    4.85
-141136.348    65.668    -1.86    4.86
-140847.271    65.105    -1.95    5.38
-140558.191    64.434    -2.32    5.09
-140269.108    63.952    -1.67    5.71
-139980.021    63.144    -2.79    5.41
-139690.931    62.988    -0.54    5.76
-139401.837    62.568    -1.45    5.67
-139112.739    61.815    -2.61    5.67
-138823.639    61.410    -1.40    5.64
-138534.534    60.467    -3.26    6.22
-138245.427    60.139    -1.13    5.99
-137956.315    59.664    -1.64    5.62
-137667.201    60.061     1.37    6.41
-137378.082    59.176    -3.06    6.57
-137088.961    57.752    -4.93    6.06
-136799.835    57.752     0.00    6.37
-136510.707    57.263    -1.69    6.80
-136221.575    57.150    -0.39    6.62
-135932.439    57.335     0.64    6.77
-135643.300    57.642     1.06    6.38
-135354.157    58.885     4.30    5.35
-135065.011    58.987     0.35    4.77
-134775.862    59.091     0.36    4.18
-134486.708    58.435    -2.27    4.58
-134197.552    57.452    -3.40    4.24
-133908.392    56.252    -4.15    4.55
-133619.228    54.694    -5.39    4.66
-133330.061    52.402    -7.93    4.67
-133040.890    50.650    -6.06    5.75
-132751.716    48.884    -6.11    6.98
-132462.539    44.652   -14.63   11.27
-132173.358    41.335   -11.47   12.37
-131884.173    37.596   -12.93   13.00
-131594.985    34.133   -11.97   12.11
-131305.793    28.935   -17.97   12.91
-131016.598    24.349   -15.86   11.67
-130727.399    23.112    -4.28   11.75
-130438.197    23.935     2.85   11.95
-130148.992    23.918    -0.06   12.10
-129859.782    25.664     6.04   13.69
-129570.570    29.061    11.75   15.70
-129281.353    32.818    12.99   15.04
-128992.134    36.635    13.20   13.15
-128702.910    38.015     4.77   12.98
-128413.683    40.052     7.04   11.41
-128124.453    42.525     8.55    8.04
-127835.219    42.596     0.24    7.39
-127545.982    43.694     3.80    5.99
-127256.741    45.131     4.97    6.36
-126967.496    47.088     6.76    6.15
-126678.249    48.970     6.51    6.17
-126388.997    50.987     6.97    6.92
-126099.742    53.642     9.18    6.51
-125810.483    54.802     4.01    5.96
-125521.221    55.139     1.17    5.92
-125231.956    55.752     2.12    6.54
-124942.686    55.181    -1.97    6.66
-124653.414    53.849    -4.60    6.92
-124364.137    52.452    -4.83    6.27
-124074.857    51.545    -3.13    6.66
-123785.574    50.635    -3.15    6.15
-123496.287    50.258    -1.30    5.41
-123206.997    52.206     6.74    7.74
-122917.703    53.453     4.31    7.55
-122628.405    55.328     6.48   10.41
-122339.104    55.967     2.21    9.64
-122049.799    55.677    -1.00    6.02
-121760.491    57.020     4.64    5.96
-121471.179    60.156    10.84    9.94
-121181.864    62.168     6.96    9.90
-120892.545    66.768    15.90   12.55
-120603.223    69.984    11.11   11.77
-120313.897    72.652     9.22   10.34
-120024.567    74.269     5.59    7.77
-119735.234    75.085     2.82    7.54
-119445.897    75.263     0.62    6.85
-119156.557    73.984    -4.42    6.61
-118867.213    72.376    -5.56    7.27
-118577.866    70.752    -5.61    6.96
-118288.515    70.591    -0.56    6.24
-117999.160    70.971     1.31    6.39
-117709.802    72.426     5.03    7.15
-117420.440    72.968     1.87    7.18
-117131.075    74.459     5.15    6.73
-116841.706    74.608     0.51    6.81
-116552.334    74.677     0.24    6.83
-116262.958    73.685    -3.43    7.23
-115973.578    72.376    -4.52    7.60
-115684.195    71.640    -2.54    7.63
-115394.808    72.522     3.05    9.38
-115105.418    73.511     3.42   12.12
-114816.024    76.263     9.51   12.38
-114526.626    79.574    11.44   14.42
-114237.225    81.754     7.53   13.37
-113947.820    82.832     3.72   13.14
-113658.412    84.189     4.69   14.75
-113369.000    83.118    -3.70   15.19
-113079.585    82.252    -2.99   15.28
-112790.165    84.427     7.52   19.47
-112500.743    85.652     4.23   20.52
-112211.316    87.820     7.49   21.97
-111921.887    87.349    -1.63   21.17
-111632.453    86.068    -4.43   19.27
-111343.016    85.246    -2.84   19.06
-111053.575    81.935   -11.44   15.99
-110764.131    78.935   -10.36   15.68
-110474.683    75.494   -11.89   16.03
-110185.232    70.642   -16.76   10.24
-109895.776    68.795    -6.38    9.37
-109606.318    67.640    -3.99    7.30
-109316.855    68.285     2.23    8.34
-109027.389    70.773     8.60   16.25
-108737.920    71.073     1.04   13.53
-108448.447    71.867     2.74   13.09
-108158.970    71.768    -0.34   11.91
-107869.489    71.504    -0.91    7.80
-107580.005    76.525    17.34   18.15
-107290.517    83.263    23.28   32.63
-107001.026   106.562    80.48   67.63
-106711.531   124.833    63.11   85.11
-106422.033   162.426   129.85  111.91
-106132.530   207.144   154.46  135.16
-105843.025   248.729   143.64  138.89
-105553.515   316.985   235.76  153.42
-105264.002   369.185   180.30  145.95
-104974.485   411.817   147.25  125.04
-104684.965   447.444   123.05   92.30
-104395.441   462.664    52.57   70.40
-104105.913   474.853    42.10   52.68
-103816.382   472.181    -9.23   39.40
-103526.847   471.185    -3.44   30.28
-103237.309   474.711    12.18   33.49
-102947.767   481.689    24.10   45.49
-102658.221   492.285    36.59   50.06
-102368.671   502.376    34.85   53.42
-102079.118   511.901    32.90   53.20
-101789.561   520.848    30.90   51.89
-101500.001   525.148    14.85   48.25
-101210.437   527.335     7.55   45.16
-100920.869   531.096    12.99   42.26
-100631.298   538.105    24.20   44.39
-100341.723   542.729    15.97   48.84
-100052.144   552.444    33.55   57.12
 -99762.562   562.487    34.68   63.40
 -99472.976   571.574    31.38   68.04
 -99183.386   579.573    27.62   73.17
 -98893.793   580.780     4.17   75.07
 -98604.196   576.815   -13.69   75.90
 -98314.595   575.918    -3.10   76.15
 -98024.991   577.676     6.07   83.27
 -97735.383   587.522    33.99   93.65
 -97445.771   576.235   -38.97   97.50
 -97156.917   567.970   -28.61  102.14
 -96868.087   542.715   -87.44  120.58
 -96579.253   508.494  -118.47  120.90
 -96290.416   481.037   -95.06  120.05
 -96001.576   427.951  -183.79  110.68
 -95712.731   385.901  -145.58  102.70
 -95423.883   347.935  -131.44   97.48
 -95135.032   303.367  -154.29   86.75
 -94846.176   280.225   -80.11   76.50
 -94557.317   247.352  -113.80   54.20
 -94268.455   229.668   -61.22   40.14
 -93979.589   218.142   -39.90   32.44
 -93690.719   214.849   -11.40   33.31
 -93401.845   208.435   -22.20   26.06
 -93112.968   207.715    -2.49   22.69
 -92824.087   203.096   -15.99   24.12
 -92535.202   198.579   -15.63   29.28
 -92246.314   189.470   -31.53   38.18
 -91957.422   180.418   -31.33   43.06
 -91668.526   168.884   -39.93   42.81
 -91379.627   158.181   -37.05   47.20
 -91090.724   144.384   -47.75   50.65
 -90801.817   129.257   -52.36   48.76
 -90512.907   118.987   -35.55   43.54
 -90223.993   118.368    -2.14   44.25
 -89935.075   116.563    -6.25   44.27
 -89646.154   113.562   -10.39   43.68
 -89357.229   112.502    -3.67   41.79
 -89068.300   113.164     2.29   42.63
 -88779.367   105.142   -27.76   39.72
 -88490.431    95.852   -32.15   34.37
 -88201.491    87.668   -28.32   25.36
 -87912.548    81.209   -22.36   18.94
 -87623.601    77.487   -12.88   14.50
 -87334.650    77.218    -0.93   15.66
 -87045.695    74.304   -10.08    7.96
 -86756.737    74.508     0.71    7.81
 -86467.775    74.918     1.42    7.75
 -86178.809    74.984     0.23    7.97
 -85889.840    76.139     4.00    8.34
 -85600.867    78.347     7.64    9.49
 -85311.890    81.018     9.24    9.27
 -85022.909    82.953     6.69    8.18
 -84733.925    84.279     4.59    7.15
 -84444.937    86.568     7.92    7.58
 -84155.946    88.591     7.00   13.03
 -83866.950    88.211    -1.31   14.21
 -83577.951    87.039    -4.06   15.01
 -83288.948    85.131    -6.60   15.18
 -82999.942    83.613    -5.25   15.41
 -82710.932    79.618   -13.82    9.24
 -82421.918    76.263   -11.61    6.58
 -82132.900    74.694    -5.43    6.91
 -81843.879    74.049    -2.23    7.00
 -81554.854    74.850     2.77    8.40
 -81265.825    75.335     1.68    8.85
 -80976.793    76.204     3.01    9.66
 -80687.756    79.935    12.91   11.59
 -80398.716    84.461    15.66   15.47
 -80109.673    92.377    27.39   24.04
 -79820.625   101.672    32.16   30.82
 -79531.574   114.125    43.08   45.32
 -79242.519   123.302    31.75   50.65
 -78953.461   123.573     0.94   46.17
 -78664.398   125.135     5.40   44.41
 -78375.332   118.018   -24.62   28.19
 -78086.262   114.985   -10.49   20.02
 -77797.189   111.869   -10.78   12.86
 -77508.111   109.177    -9.31    8.31
 -77219.030   107.102    -7.18    6.49
 -76929.946   106.711    -1.35    7.20
 -76640.857   106.984     0.94    7.70
 -76351.765   107.252     0.93    7.52
 -76062.669   106.545    -2.44    7.43
 -75773.569   105.263    -4.44    8.07
 -75484.465   105.322     0.20    8.45
 -75195.358   105.705     1.33    8.79
 -74906.247   105.902     0.68    8.71
 -74617.132   105.531    -1.28    8.83
 -74328.014   106.729     4.14   10.05
 -74038.892   108.246     5.25   10.40
 -73749.766   111.118     9.93   10.33
 -73460.636   113.798     9.27   10.53
 -73171.502   115.689     6.54    9.96
 -72882.365   117.349     5.74    8.58
 -72593.224   118.732     4.78    7.61
 -72304.079   119.522     2.73    6.58
 -72014.930   119.302    -0.76    7.23
 -71725.778   119.547     0.85    6.28
 -71436.622   120.349     2.77    5.29
 -71147.462   121.552     4.16    4.18
 -70858.298   122.342     2.73    3.69
 -70569.131   122.410     0.23    4.10
 -70279.959   120.613    -6.21    6.86
 -69990.784   119.240    -4.75    8.61
 -69701.606   116.754    -8.60    9.58
 -69412.423   113.778   -10.29    9.50
 -69123.237   111.518    -7.81    8.30
 -68834.047   110.304    -4.20    7.32
 -68544.853   109.805    -1.72    6.30
 -68255.655   110.552     2.58    4.47
 -67966.454   110.518    -0.12    2.95
 -67677.248   110.539     0.07    2.90
 -67388.039   110.556     0.06    2.24
 -67098.826   110.635     0.27    2.31
 -66809.610   110.867     0.80    2.18
 -66520.389   110.628    -0.83    2.36
 -66231.165   110.579    -0.17    2.20
 -65941.937   110.263    -1.09    2.27
 -65652.705   110.211    -0.18    2.15
 -65363.470   110.315     0.36    2.24
 -65074.230   110.803     1.69    2.44
 -64784.987   111.625     2.84    3.04
 -64495.740   112.850     4.24    3.48
 -64206.489   114.287     4.97    4.47
 -63917.235   115.035     2.59    4.03
 -63627.976   115.902     3.00    4.39
 -63338.714   115.562    -1.17    3.11
 -63049.448   115.435    -0.44    3.30
 -62760.178   115.041    -1.36    3.09
 -62470.905   115.291     0.86    3.09
 -62181.627   115.568     0.96    2.70
 -61892.346   115.984     1.44    2.65
 -61603.061   116.531     1.89    3.05
 -61313.772   116.229    -1.05    3.88
 -61024.479   115.368    -2.97    5.23
 -60735.183   113.936    -4.95    6.85
 -60445.882   111.531    -8.31    8.23
 -60156.578   108.968    -8.86    9.53
 -59867.270   106.802    -7.49    9.28
 -59577.958   105.367    -4.96    8.20
 -59288.643   105.240    -0.44    7.92
 -58999.323   105.435     0.67    7.37
 -58710.000   104.987    -1.55    7.13
 -58420.673   104.052    -3.23    6.81
 -58131.342   103.502    -1.90    6.64
 -57842.007   102.935    -1.96    6.98
 -57552.668   102.539    -1.37    6.58
 -57263.326   101.694    -2.92    6.36
 -56973.979   101.049    -2.23    6.50
 -56684.629   100.798    -0.87    6.88
 -56395.275    99.885    -3.15    7.14
 -56105.917    98.633    -4.33    6.93
 -55816.556    95.189   -11.90   10.26
 -55527.190    89.468   -19.77   14.76
 -55237.821    84.003   -18.89   16.11
 -54948.448    78.257   -19.86   15.83
 -54659.071    74.347   -13.51   14.83
 -54369.690    71.969    -8.22   12.33
 -54080.305    69.585    -8.24   10.21
 -53790.916    69.601     0.05   10.94
 -53501.524    70.950     4.66   12.31
 -53212.128    74.037    10.67   18.33
 -52922.728    78.579    15.70   25.22
 -52633.323    82.775    14.50   26.51
 -52343.916    89.394    22.87   28.77
 -52054.504    93.985    15.86   27.13
 -51765.088    94.096     0.38   24.17
 -51475.669    92.325    -6.12   18.04
 -51186.245    92.633     1.06   12.92
 -50896.818    94.435     6.23   12.60
 -50607.387    99.694    18.17   19.10
 -50317.952   103.836    14.31   19.74
 -50028.514   111.177    25.36   20.28
 -49739.071   117.211    20.85   23.48
 -49449.624   122.453    18.11   27.58
 -49160.174   128.685    21.53   27.71
 -48870.720   133.535    16.76   29.32
 -48581.261   140.470    23.96   30.76
 -48291.799   138.868    -5.53   26.15
 -48002.333   136.186    -9.27   26.68
 -47712.864   135.832    -1.22   26.40
 -47423.390   133.185    -9.14   26.64
 -47133.912   127.785   -18.65   27.57
 -46844.431   120.644   -24.67   26.46
 -46554.946   114.275   -22.00   24.98
 -46265.456   114.102    -0.60   31.73
 -45975.963   113.556    -1.88   33.04
 -45686.466   116.709    10.89   41.55
 -45396.965   115.836    -3.01   42.70
 -45107.461   108.935   -23.84   37.54
 -44817.952    98.698   -35.36   29.66
 -44528.439    87.585   -38.38   25.52
 -44238.923    78.785   -30.40   25.05
 -43949.403    68.528   -35.43   21.36
 -43659.878    60.418   -28.01   15.32
 -43370.350    54.768   -19.51   12.00
 -43080.818    51.022   -12.94    9.51
 -42791.282    48.732    -7.91    6.45
 -42501.742    47.229    -5.19    5.89
 -42212.198    46.213    -3.51    5.29
 -41922.651    45.349    -2.98    4.87
 -41633.099    43.901    -5.00    5.49
 -41343.544    43.004    -3.10    5.32
 -41053.984    42.071    -3.22    5.20
 -40764.421    41.459    -2.11    5.20
 -40474.854    40.987    -1.63    5.84
 -40185.282    41.502     1.78    6.57
 -39895.707    41.332    -0.59    7.14
 -39606.128    41.573     0.83    7.67
 -39316.545    41.017    -1.92    8.43
 -39026.959    40.368    -2.24    8.28
 -38737.368    39.434    -3.22    8.13
 -38447.773    37.954    -5.11    7.85
 -38158.174    36.285    -5.76    6.98
 -37868.572    35.111    -4.05    6.37
 -37578.965    33.289    -6.29    6.25
 -37289.355    32.168    -3.87    7.02
 -36999.741    30.335    -6.33    7.82
 -36710.122    28.562    -6.12    8.01
 -36420.500    26.815    -6.03    7.98
 -36130.874    24.935    -6.49    8.08
 -35841.244    23.172    -6.09    8.80
 -35551.610    21.499    -5.78    8.74
 -35261.972    19.596    -6.57    7.84
 -34972.927    17.832    -6.10    6.79
 -34684.133    15.783    -7.10    6.03
 -34395.335    14.453    -4.60    4.99
 -34106.533    14.082    -1.28    4.29
 -33817.728    13.177    -3.13    4.82
 -33528.918    12.037    -3.95    6.32
 -33240.104    10.832    -4.17    7.07
 -32951.287     9.511    -4.57    7.65
 -32662.465     8.241    -4.40    8.17
 -32373.640     6.768    -5.10    7.89
 -32084.810     5.295    -5.10    7.21
 -31795.977     3.760    -5.31    6.02
 -31507.140     2.849    -3.15    4.88
 -31218.299     2.082    -2.66    3.67
 -30929.454     1.652    -1.49    2.63
 -30640.605     1.213    -1.52    1.22
 -30351.752     1.229     0.05    1.25
 -30062.895     2.052     2.85    3.96
 -29774.034     3.866     6.28    5.72
 -29485.170     5.492     5.63    6.44
 -29196.301     7.618     7.36    6.82
 -28907.428     9.771     7.45    6.39
 -28618.552    12.318     8.82    4.89
 -28329.671    13.743     4.93    3.48
 -28040.787    13.585    -0.55    3.04
 -27751.898    13.935     1.21    3.11
 -27463.006    14.049     0.39    2.98
 -27174.110    13.602    -1.55    2.89
 -26885.209    12.884    -2.48    2.78
 -26596.305    13.453     1.97    3.83
 -26307.397    15.263     6.27    5.58
 -26018.485    17.702     8.44    7.72
 -25729.569    20.833    10.84    9.49
 -25440.649    25.612    16.54   11.48
 -25151.725    32.206    22.82   12.49
 -24862.797    39.384    24.84   13.80
 -24573.865    46.787    25.62   15.46
 -24284.929    52.342    19.23   14.78
 -23995.989    57.508    17.88   12.02
 -23707.045    61.815    14.90    9.22
 -23418.097    62.901     3.76    8.05
 -23129.145    61.384    -5.25   10.19
 -22840.190    57.017   -15.11   13.58
 -22551.230    50.361   -23.03   15.85
 -22262.266    43.022   -25.40   17.62
 -21973.298    31.156   -41.06   18.38
 -21684.327    22.218   -30.93   17.38
 -21395.351    14.752   -25.84   15.29
 -21106.371     8.664   -21.07   11.69
 -20817.388     5.525   -10.86    8.21
 -20528.400     4.768    -2.62    5.97
 -20239.409     5.763     3.44    5.65
 -19950.413     7.668     6.59    5.23
 -19661.414     9.746     7.19    4.23
 -19372.410    11.181     4.96    2.83
 -19083.402    11.068    -0.39    3.65
 -18794.391    10.003    -3.69    4.87
 -18505.375     8.211    -6.20    5.71
 -18216.356     6.642    -5.43    6.26
 -17927.332     4.656    -6.87    6.21
 -17638.305     3.085    -5.44    5.57
 -17349.273     3.080    -0.02    6.32
 -17060.238     5.142     7.14    9.17
 -16771.198     8.194    10.56   10.58
 -16482.155    10.004     6.26   10.67
 -16193.107    12.647     9.14   10.12
 -15904.056    15.246     8.99    9.54
 -15615.000    17.573     8.05    8.86
 -15325.941    18.664     3.77    9.80
 -15036.877    18.847     0.63    9.32
 -14747.810    20.035     4.11    9.74
 -14458.738    20.047     0.04    8.58
 -14169.663    19.035    -3.50    7.36
 -13880.583    18.002    -3.57    4.39
 -13591.499    18.357     1.23    3.96
 -13302.412    17.618    -2.55    4.82
 -13013.320    16.367    -4.33    5.23
 -12724.224    15.467    -3.11    5.23
 -12435.125    15.128    -1.17    5.13
 -12146.021    14.461    -2.31    5.01
 -11856.913    14.427    -0.12    5.25
 -11567.802    14.418    -0.03    5.18
 -11278.686    14.354    -0.22    5.21
 -10989.566    14.618     0.91    5.72
 -10700.442    14.803     0.64    5.88
 -10411.314    14.511    -1.01    6.08
 -10122.182    14.349    -0.56    6.52
  -9833.046    13.635    -2.47    6.50
  -9543.906    12.780    -2.96    5.88
  -9254.762    11.935    -2.92    5.88
  -8965.614    10.608    -4.59    5.19
  -8676.462     9.332    -4.41    3.97
  -8387.306     8.729    -2.09    3.20
  -8098.146     8.385    -1.19    2.57
  -7808.982     8.262    -0.42    2.29
  -7519.813     7.953    -1.07    2.43
  -7230.641     8.502     1.90    2.27
  -6941.465     8.970     1.62    2.22
  -6652.284     9.056     0.30    2.40
  -6363.100     9.246     0.66    2.33
  -6073.911     9.478     0.80    2.32
  -5784.719     9.596     0.41    1.83
  -5495.522     9.111    -1.68    2.13
  -5206.322     8.335    -2.68    2.57
  -4917.117     7.269    -3.69    2.64
  -4627.908     7.112    -0.54    2.43
  -4338.695     7.018    -0.32    2.52
  -4049.478     6.967    -0.18    2.71
  -3760.257     7.367     1.38    3.00
  -3471.032     8.246     3.04    2.70
  -3181.803     8.986     2.56    2.56
  -2892.570     9.715     2.52    2.07
  -2603.333    10.015     1.04    1.67
  -2314.091     9.202    -2.81    3.47
  -2024.846     7.315    -6.52    4.96
  -1735.596     5.935    -4.77    5.32
  -1446.343     3.953    -6.85    5.40
  -1157.085     2.361    -5.50    4.85
   -867.824     1.039    -4.57    4.00
   -578.558    -0.200    -4.28    2.77
   -289.288    -0.633    -1.50    1.98
     -0.014    -1.032    -1.38    0.29
    289.264    -0.195     2.89    2.72
    578.546     1.020     4.20    3.68
    867.832     2.468     5.01    4.14
   1157.122     3.304     2.89    4.27
   1446.417     3.427     0.42    4.39
   1735.715     3.535     0.37    4.47
   2025.018     4.476     3.25    5.03
   2314.324     5.628     3.98    6.82
   2603.635     7.694     7.14    8.99
   2892.950     9.985     7.92   10.74
   3182.269    14.740    16.43   12.63
   3471.592    18.773    13.94   13.98
   3760.919    20.902     7.36   12.84
   4050.250    22.148     4.31   13.06
   4339.585    22.642     1.71   13.01
   4628.925    21.311    -4.60   11.57
   4918.268    22.852     5.32   11.29
   5207.616    21.867    -3.40    9.81
   5496.968    22.705     2.90    9.42
   5786.324    23.235     1.83    7.99
   6075.683    25.211     6.83    8.15
   6365.048    27.022     6.26    9.89
   6654.416    29.735     9.38   12.12
   6943.788    32.279     8.79   13.90
   7233.164    33.642     4.71   14.46
   7522.545    35.285     5.68   15.10
   7811.930    34.811    -1.64   13.87
   8101.318    35.746     3.23   12.94
   8390.711    35.623    -0.42   11.44
   8680.108    34.818    -2.78   11.38
   8969.509    35.676     2.96   11.32
   9258.915    36.704     3.55   11.12
   9548.324    37.218     1.78    9.91
   9837.737    37.832     2.12    7.36
  10127.155    39.029     4.14    7.14
  10416.577    40.148     3.86    6.67
  10706.003    41.152     3.47    6.58
  10995.433    43.189     7.04    6.82
  11284.867    44.813     5.61    6.07
  11574.305    45.552     2.55    5.55
  11863.748    46.630     3.73    4.61
  12153.194    46.918     1.00    4.54
  12442.645    48.468     5.35    5.16
  12732.100    49.746     4.41    6.37
  13021.559    52.240     8.62    8.25
  13311.022    57.091    16.76   10.99
  13600.489    61.131    13.96   12.43
  13889.961    62.935     6.23   11.82
  14179.436    64.263     4.59   12.52
  14468.916    65.246     3.39   14.32
  14758.400    66.418     4.05   17.96
  15047.888    65.854    -1.95   18.31
  15337.380    63.478    -8.21   16.86
  15626.877    62.635    -2.91   17.68
  15916.377    60.435    -7.60   14.10
  16205.882    58.935    -5.18   13.72
  16495.391    57.771    -4.02   13.13
  16784.904    57.235    -1.85   12.76
  17074.421    55.370    -6.44   12.55
  17363.942    54.146    -4.23   12.99
  17653.468    50.918   -11.15   12.88
  17942.997    48.561    -8.14   12.29
  18232.531    46.821    -6.01   12.06
  18522.069    44.468    -8.13   11.27
  18811.611    41.967    -8.64    8.44
  19101.157    39.160    -9.70    4.83
  19390.708    38.401    -2.62    4.65
  19680.263    37.835    -1.96    4.49
  19969.822    37.211    -2.15    4.08
  20259.385    38.049     2.89    4.37
  20548.952    39.020     3.35    4.89
  20838.523    41.435     8.34    5.93
  21128.099    43.780     8.10    7.14
  21417.679    47.367    12.38    7.35
  21707.262    50.803    11.87    8.01
  21996.851    54.073    11.29    7.61
  22286.443    57.867    13.10    8.37
  22576.039    60.453     8.93    9.19
  22865.640    63.635    10.99    9.87
  23155.245    64.728     3.77    9.60
  23444.854    64.902     0.60    9.20
  23734.467    64.202    -2.42    8.84
  24024.085    64.673     1.63    9.85
  24313.707    64.189    -1.67    9.95
  24603.332    63.318    -3.01   10.06
  24892.963    62.047    -4.39   10.21
  25182.597    60.648    -4.83   10.13
  25472.235    58.749    -6.56   10.85
  25761.878    55.485   -11.27    9.80
  26051.525    51.990   -12.07    7.24
  26341.176    49.757    -7.71    7.14
  26630.831    47.968    -6.18    7.20
  26920.491    46.246    -5.95    6.99
  27209.761    46.160    -0.30    8.50
  27498.521    45.194    -3.34    8.78
  27787.286    45.535     1.18    9.30
  28076.055    44.504    -3.57    8.20
  28364.828    43.344    -4.02    6.63
  28653.605    42.229    -3.86    5.35
  28942.386    41.608    -2.15    3.21
  29231.171    41.608     0.00    3.30
  29519.961    41.735     0.44    3.21
  29808.755    41.640    -0.33    3.16
  30097.553    41.470    -0.59    2.80
  30386.355    41.218    -0.87    2.63
  30675.161    40.901    -1.10    2.54
  30963.972    40.298    -2.09    2.45
  31252.787    40.213    -0.29    2.40
  31541.606    40.252     0.13    2.38
  31830.429    40.676     1.47    2.37
  32119.256    41.269     2.05    3.00
  32408.088    42.335     3.69    3.45
  32696.924    43.322     3.42    3.77
  32985.764    44.628     4.52    3.81
  33274.608    45.952     4.58    3.96
  33563.457    47.082     3.91    3.70
  33852.309    48.453     4.74    3.13
  34141.166    48.884     1.49    3.11
  34430.027    49.385     1.73    3.28
  34718.893    50.763     4.77    3.73
  35007.762    52.820     7.12    5.32
  35296.636    54.635     6.28    7.16
  35585.514    57.798    10.95    9.55
  35874.396    60.435     9.13   12.28
  36163.283    62.660     7.70   11.69
  36452.173    65.213     8.84   12.70
  36741.068    66.435     4.23   12.05
  37029.967    66.652     0.75    9.13
  37318.871    67.039     1.34    7.32
  37607.778    68.698     5.74    6.76
  37896.690    70.115     4.90    6.25
  38185.606    70.952     2.90    6.28
  38474.527    72.934     6.86    6.85
  38763.451    73.668     2.54    6.75
  39052.380    74.352     2.37    7.33
  39341.313    73.935    -1.44    5.81
  39630.250    74.289     1.23    5.18
  39919.192    74.672     1.33    4.62
  40208.137    75.952     4.43    5.20
  40497.087    78.105     7.45    6.33
  40786.042    80.901     9.68    6.90
  41075.000    83.568     9.23    7.81
  41363.963    87.552    13.79    8.82
  41652.930    91.172    12.53    9.76
  41941.901    95.935    16.48   10.71
  42230.877    99.971    13.97   10.66
  42519.856   102.850     9.96   10.10
  42808.840   107.108    14.73   10.45
  43097.829   110.000    10.01   10.30
  43386.821   112.556     8.84    9.25
  43675.818   112.647     0.31   10.00
  43964.819   111.729    -3.18   11.55
  44253.824   109.681    -7.09   13.09
  44542.834   107.338    -8.11   13.10
  44831.848   105.902    -4.97   11.68
  45120.866   104.082    -6.30   10.18
  45409.888   103.269    -2.81    9.26
  45698.915   104.418     3.98    9.06
  45987.946   106.800     8.24    9.35
  46276.981   110.502    12.81    9.75
  46566.020   113.754    11.25    9.77
  46855.064   116.194     8.44   11.59
  47144.112   120.985    16.57   11.76
  47433.164   124.677    12.77   12.09
  47722.221   128.838    14.39   11.46
  48011.282   131.835    10.37   10.54
  48300.347   134.285     8.48    9.97
  48589.416   137.635    11.59   10.27
  48878.490   139.332     5.87   10.47
  49167.568   140.585     4.33   11.20
  49456.650   140.832     0.85   11.27
  49745.737   141.144     1.08   12.08
  50034.828   140.800    -1.19   12.06
  50323.923   140.494    -1.06   12.18
  50613.022   141.160     2.30   12.42
  50902.126   142.539     4.77   11.46
  51191.234   143.768     4.25   10.88
  51480.347   145.235     5.07   10.22
  51769.463   146.531     4.48   10.53
  52058.584   146.681     0.52   10.82
  52347.709   146.022    -2.28   10.81
  52636.839   142.511   -12.14   11.66
  52925.973   137.494   -17.35   13.58
  53215.111   134.068   -11.85   13.34
  53504.253   131.056   -10.42   12.54
  53793.400   128.618    -8.43   10.60
  54082.551   128.698     0.28   10.00
  54371.707   130.385     5.83   10.88
  54660.866   132.574     7.57   11.01
  54950.030   134.613     7.05   11.12
  55239.199   137.325     9.38   10.57
  55528.372   140.318    10.35   11.07
  55817.549   144.185    13.37   12.22
  56106.730   149.849    19.59   15.23
  56395.915   156.197    21.95   16.94
  56685.105   162.485    21.74   16.75
  56974.300   167.935    18.85   14.24
  57263.498   171.223    11.37   12.35
  57552.701   175.194    13.73   11.98
  57841.908   178.328    10.84   11.78
  58131.120   181.189     9.89   10.79
  58420.336   183.443     7.79   10.85
  58709.556   185.746     7.96    9.98
  58998.781   189.766    13.90    9.52
  59288.010   193.181    11.81   10.62
  59577.243   197.335    14.36   10.67
  59866.481   201.035    12.79    9.83
  60155.723   205.216    14.46    7.61
  60444.969   207.298     7.19    5.49
  60734.220   208.105     2.79    4.18
  61023.474   208.197     0.32    2.93
  61312.734   207.031    -4.03    3.78
  61601.997   205.556    -5.10    4.70
  61891.265   203.168    -8.26    4.58
  62180.538   201.711    -5.04    4.53
  62469.815   200.318    -4.82    3.98
  62759.096   198.702    -5.59    3.72
  63048.381   197.476    -4.24    4.52
  63337.671   195.803    -5.78    5.49
  63626.965   194.453    -4.67    6.13
  63916.263   192.168    -7.90    7.15
  64205.566   189.004   -10.94    8.57
  64494.874   185.209   -13.12    9.33
  64784.185   181.376   -13.25    9.44
  65073.501   176.918   -15.41    9.22
  65362.821   172.729   -14.48    8.26
  65652.146   168.620   -14.20    7.55
  65941.475   165.176   -11.90    7.22
  66230.808   162.018   -10.92    7.30
  66520.146   159.338    -9.26    7.70
  66809.488   156.545    -9.65    8.03
  67098.835   153.918    -9.08    7.89
  67388.186   151.385    -8.76    7.56
  67677.541   149.252    -7.37    6.57
  67966.901   148.385    -3.00    6.66
  68256.265   147.987    -1.37    6.45
  68545.633   148.718     2.53    7.89
  68835.006   150.160     4.98    8.16
  69124.383   152.951     9.65    9.02
  69413.765   156.181    11.16    9.33
  69703.151   159.410    11.16    9.30
  69992.541   163.752    15.00    9.24
  70281.936   167.885    14.28    9.78
  70571.335   171.135    11.23    8.72
  70860.738   173.625     8.60    7.87
  71150.146   175.305     5.81    7.47
  71439.559   175.099    -0.71    7.95
  71728.975   173.020    -7.18    8.70
  72018.396   170.660    -8.16    8.69
  72307.822   168.315    -8.10    6.39
  72597.252   168.361     0.16    5.99
  72886.686   169.613     4.33    6.22
  73176.125   172.558    10.17    8.25
  73465.568   176.280    12.86   10.09
  73755.015   181.850    19.24   11.76
  74044.467   187.902    20.91   12.11
  74333.924   193.952    20.90   11.96
  74623.384   199.312    18.52   10.50
  74912.849   203.758    15.36    8.29
  75202.319   206.315     8.83    6.20
  75491.793   207.952     5.66    4.90
  75781.271   209.148     4.13    4.66
  76070.754   209.821     2.33    4.40
  76360.241   209.849     0.10    4.45
  76649.733   208.585    -4.37    6.06
  76939.229   207.359    -4.24    7.65
  77228.730   205.618    -6.01    9.45
  77518.235   204.118    -5.18   10.25
  77807.744   202.283    -6.34   11.18
  78097.258   200.102    -7.54   11.45
  78386.776   197.129   -10.27   11.88
  78676.298   194.562    -8.86   12.68
  78965.825   190.694   -13.36   12.48
  79255.357   186.017   -16.16   12.76
  79544.893   180.732   -18.25   12.35
  79834.433   175.039   -19.66   12.39
  80123.978   171.573   -11.97   11.84
  80413.527   167.783   -13.09   11.06
  80703.081   165.386    -8.28   10.96
  80992.639   163.568    -6.28   10.19
  81282.202   161.525    -7.06   10.22
  81571.769   159.522    -6.92    9.48
  81861.340   158.160    -4.70    9.04
  82150.916   156.702    -5.04    7.69
  82440.496   155.785    -3.17    6.15
  82730.081   155.063    -2.49    4.96
  83019.670   154.608    -1.57    4.45
  83309.264   155.702     3.78    4.68
  83598.862   156.357     2.26    4.57
  83888.465   158.722     8.17    6.01
  84178.072   161.359     9.11    7.13
  84467.683   163.623     7.82    7.71
  84757.299   166.478     9.86    8.48
  85046.920   170.142    12.65    9.39
  85336.545   173.049    10.04   10.15
  85626.174   177.970    16.99   10.27
  85915.808   181.951    13.75   11.24
  86205.446   186.385    15.31   11.33
  86495.089   191.556    17.85   11.01
  86784.736   195.022    11.96   10.75
  87074.388   199.539    15.60   10.46
  87364.044   203.935    15.18   10.83
  87653.704   208.556    15.96   10.45
  87943.370   213.218    16.10   10.23
  88233.039   216.711    12.06    9.52
  88522.713   221.105    15.17    8.38
  88812.392   224.689    12.37    7.71
  89102.075   228.385    12.76    6.62
  89391.604   231.426    10.50    6.28
  89680.330   233.990     8.88    5.81
  89969.060   236.635     9.16    4.93
  90257.795   238.783     7.44    4.44
  90546.534   239.934     3.99    3.52
  90835.278   241.080     3.97    2.89
  91124.026   241.485     1.40    2.54
  91412.778   241.427    -0.20    2.53
  91701.535   241.287    -0.49    2.51
  91990.297   240.352    -3.24    3.03
  92279.063   238.783    -5.43    4.10
  92567.833   236.807    -6.84    5.05
  92856.608   234.817    -6.89    5.05
  93145.387   232.935    -6.51    4.35
  93434.171   231.935    -3.46    3.49
  93722.959   232.073     0.48    3.44
  94011.752   232.951     3.04    4.06
  94300.549   234.884     6.69    4.60
  94589.351   237.552     9.24    4.15
  94878.157   239.298     6.05    4.28
  95166.968   241.291     6.90    4.05
  95455.783   243.305     6.97    4.43
  95744.602   245.552     7.78    4.57
  96033.426   247.590     7.06    4.56
  96322.255   249.339     6.06    4.10
  96611.088   250.681     4.65    3.58
  96899.926   251.835     4.00    3.17
  97188.768   252.805     3.36    3.17
  97477.614   253.354     1.90    3.06
  97766.465   253.435     0.28    2.89
  98055.320   252.852    -2.02    3.08
  98344.180   251.971    -3.05    3.54
  98633.045   251.052    -3.18    4.02
  98921.914   249.602    -5.02    4.34
  99210.787   247.807    -6.21    4.67
  99499.665   246.218    -5.50    4.81
  99788.548   244.240    -6.85    5.63
 100077.435   243.054    -4.10    6.40
 100366.326   240.177    -9.96    7.45
 100655.222   237.066   -10.77    8.44
 100944.122   233.461   -12.48    9.03
 101233.027   228.142   -18.41    9.31
 101521.937   223.660   -15.52    9.79
 101810.851   218.935   -16.35    8.67
 102099.769   216.789    -7.43    7.16
 102388.692   216.635    -0.53    6.84
 102677.620   217.805     4.05    8.04
 102966.552   220.725    10.11   10.03
 103255.488   226.401    19.64   11.48
 103544.429   232.156    19.92   10.52
 103833.375   236.002    13.31    8.55
 104122.325   238.623     9.07    5.92
 104411.280   239.901     4.42    4.11
 104700.239   239.952     0.18    3.71
 104989.202   238.884    -3.70    4.27
 105278.171   237.015    -6.47    4.69
 105567.143   235.435    -5.47    4.63
 105856.120   234.492    -3.26    4.08
 106145.102   234.131    -1.25    3.76
 106434.089   234.056    -0.26    3.72
 106723.079   235.068     3.50    3.70
 107012.075   236.349     4.43    4.06
 107301.075   238.099     6.05    4.32
 107590.079   239.647     5.36    3.73
 107879.088   241.037     4.81    3.66
 108168.102   242.125     3.77    3.86
 108457.120   243.708     5.48    3.81
 108746.142   245.289     5.47    3.78
 109035.169   246.485     4.14    3.47
 109324.201   247.402     3.17    3.33
 109613.237   248.783     4.78    3.20
 109902.278   249.573     2.74    3.02
 110191.323   250.291     2.48    3.49
 110480.373   250.868     2.00    3.86
 110769.428   251.099     0.80    4.31
 111058.487   251.263     0.57    4.63
 111347.550   251.768     1.75    5.29
 111636.618   252.349     2.01    4.84
 111925.691   252.672     1.12    4.48
 112214.768   252.492    -0.62    4.20
 112503.850   251.918    -1.98    3.68
 112792.936   250.835    -3.75    3.87
 113082.027   249.732    -3.82    3.84
 113371.123   248.535    -4.14    3.30
 113660.223   247.487    -3.62    3.06
 113949.327   247.029    -1.58    3.01
 114238.436   246.787    -0.84    3.00
 114527.550   246.342    -1.54    3.13
 114816.668   245.867    -1.64    3.23
 115105.791   244.780    -3.76    3.58
 115394.919   243.722    -3.66    3.54
 115684.051   242.884    -2.90    3.20
 115973.187   242.354    -1.84    2.85
 116262.329   242.359     0.02    2.85
 116551.474   242.935     1.99    3.01
 116840.625   244.279     4.65    3.16
 117129.780   245.291     3.50    2.74
 117418.939   245.852     1.94    2.43
 117708.103   245.987     0.47    2.22
 117997.272   245.385    -2.08    2.63
 118286.445   244.494    -3.08    2.88
 118575.623   243.285    -4.18    2.79
 118864.806   241.689    -5.52    2.88
 119153.993   240.139    -5.36    3.45
 119443.184   238.562    -5.45    3.73
 119732.381   237.985    -2.00    3.54
 120021.581   237.668    -1.10    3.72
 120310.787   238.022     1.22    3.93
 120599.997   238.160     0.48    4.47
 120889.212   238.672     1.77    4.49
 121178.431   239.189     1.79    3.96
 121467.655   239.579     1.35    4.00
 121756.883   239.487    -0.32    3.79
 122046.116   238.820    -2.31    3.89
 122335.354   238.229    -2.04    3.67
 122624.596   237.885    -1.19    3.48
 122913.843   237.298    -2.03    3.64
 123203.095   235.494    -6.23    4.14
 123492.351   232.459   -10.49    6.36
 123781.611   228.518   -13.62    8.72
 124070.877   225.574   -10.18    8.53
 124360.147   223.400    -7.51    7.89
 124649.421   222.142    -4.35    6.66
 124938.701   222.105    -0.13    6.05
 125227.984   223.197     3.78    6.19
 125517.273   225.574     8.22    6.15
 125806.566   227.418     6.38    5.13
 126095.864   229.435     6.97    4.66
 126385.166   230.732     4.48    4.73
 126674.473   231.835     3.81    4.90
 126963.785   232.885     3.63    5.12
 127253.101   232.172    -2.46    5.90
 127542.422   231.528    -2.23    6.58
 127831.747   230.453    -3.72    7.15
 128121.077   229.833    -2.14    6.99
 128410.412   230.435     2.08    6.26
 128699.751   231.361     3.20    7.21
 128989.096   233.470     7.29    8.21
 129278.444   235.562     7.23    7.84
 129567.798   236.780     4.21    7.27
 129857.156   236.868     0.30    7.12
 130146.518   236.563    -1.05    7.15
 130435.885   236.602     0.13    7.27
 130725.257   235.148    -5.02    6.06
 131014.634   234.690    -1.58    5.30
 131304.015   234.832     0.49    4.38
 131593.401   235.235     1.39    3.67
 131882.792   235.787     1.91    3.24
 132172.187   235.709    -0.27    3.22
 132461.587   235.177    -1.84    3.27
 132750.991   233.502    -5.79    3.84
 133040.400   231.445    -7.11    4.73
 133329.814   229.741    -5.89    5.28
 133619.233   227.618    -7.33    5.94
 133908.656   224.805    -9.72    6.77
 134198.084   221.068   -12.91    6.87
 134487.516   218.329    -9.46    5.82
 134776.953   216.918    -4.87    5.60
 135066.395   215.418    -5.18    5.91
 135355.842   213.344    -7.16    6.69
 135645.293   211.105    -7.74    7.27
 135934.749   208.280    -9.76    8.76
 136224.209   206.298    -6.85    9.33
 136513.675   203.585    -9.37    8.80
 136803.145   201.918    -5.76    7.67
 137092.619   200.625    -4.47    6.69
 137382.098   199.852    -2.67    5.75
 137671.582   200.418     1.96    5.56
 137961.071   200.539     0.42    5.45
 138250.564   199.722    -2.82    5.82
 138540.062   197.652    -7.15    7.11
 138829.565   194.370   -11.34    7.18
 139119.072   191.811    -8.84    7.52
 139408.584   188.285   -12.18    6.92
 139698.101   185.778    -8.66    5.92
 139987.623   184.080    -5.87    5.03
 140277.149   182.318    -6.08    3.80
 140566.680   180.967    -4.67    2.52
 140856.215   180.746    -0.77    2.36
 141145.756   180.849     0.36    2.47
 141435.301   180.952     0.35    3.14
 141724.850   182.073     3.87    4.48
 142014.405   183.508     4.96    5.08
 142303.964   184.685     4.06    5.48
 142593.527   186.367     5.81    5.49
 142883.096   187.711     4.64    5.75
 143172.669   188.884     4.05    5.43
 143462.247   190.164     4.42    5.66
 143751.830   191.298     3.91    5.45
 144041.417   192.418     3.87    4.88
 144331.009   192.990     1.97    3.90
 144620.606   193.852     2.98    4.51
 144910.207   194.950     3.79    4.75
 145199.814   196.735     6.16    5.84
 145489.425   198.789     7.09    7.44
 145779.040   201.146     8.14    7.78
 146068.661   202.285     3.93    7.02
 146358.286   202.418     0.46    6.79
 146647.916   202.236    -0.63    6.55
 146937.550   201.459    -2.68    6.12
 147227.189   200.602    -2.96    5.96
 147516.834   199.194    -4.86    4.77
 147806.482   198.673    -1.80    3.31
 148096.136   199.000     1.13    3.45
 148385.794   199.852     2.94    3.46
 148675.457   200.934     3.74    3.75
 148965.125   202.168     4.26    3.96
 149254.797   203.625     5.03    3.58
 149544.474   204.918     4.46    3.67
 149834.156   206.729     6.25    4.48
 150123.843   208.885     7.45    4.96
 150413.534   210.815     6.66    5.30
 150703.231   212.071     4.34    5.85
 150992.932   213.280     4.18    6.21
 151282.637   214.318     3.58    6.64
 151572.348   215.418     3.80    6.79
 151861.150   217.018     5.54    6.89
 152149.844   217.835     2.83    7.34
 152438.543   218.681     2.93    8.23
 152727.247   218.835     0.53    9.12
 153015.955   221.194     8.17   10.67
 153304.668   223.273     7.20   10.98
 153593.386   225.656     8.25   12.18
 153882.109   228.088     8.42   11.87
 154170.836   229.642     5.38   13.02
 154459.568   230.234     2.05   11.85
 154748.305   234.160    13.60   14.79
 155037.046   236.168     6.95   14.97
 155325.793   238.066     6.57   14.48
 155614.544   240.037     6.83   13.46
 155903.299   239.539    -1.72   12.17
 156192.060   239.607     0.23   12.79
 156480.825   238.884    -2.50   12.90
 156769.595   238.672    -0.73   14.04
 157058.370   239.608     3.24   15.05
 157347.149   244.511    16.98   18.84
 157635.933   250.156    19.55   20.17
 157924.722   254.618    15.45   18.62
 158213.516   259.363    16.43   16.70
 158502.314   263.452    14.16   13.35
 158791.117   267.102    12.64    9.40
 159079.925   268.280     4.08    9.21
 159368.738   267.185    -3.79    9.00
 159657.555   266.206    -3.39    9.30
 159946.377   266.144    -0.22    9.59
 160235.204   265.918    -0.78   10.33
 160524.036   266.285     1.27   10.38
 160812.873   265.596    -2.38    9.90
 161101.714   265.287    -1.07    9.82
 161390.560   262.789    -8.65    9.48
 161679.410   261.152    -5.67    8.49
 161968.266   260.640    -1.77    8.91
 162257.126   259.647    -3.44    8.97
 162545.991   257.039    -9.03    8.72
 162834.861   255.002    -7.05    9.95
 163123.736   252.349    -9.18    9.47
 163412.615   251.754    -2.06    8.86
 163701.499   251.125    -2.18    8.87
 163990.388   250.766    -1.24    8.42
 164279.282   251.453     2.38    9.24
 164568.180   253.635     7.55   10.54
 164857.083   255.410     6.15   10.88
 165145.991   254.835    -1.99   10.66
 165434.904   253.385    -5.02   11.26
 165723.822   253.711     1.13   11.63
 166012.744   255.552     6.37   12.74
 166301.671   258.223     9.25   13.56
 166590.603   261.771    12.28   14.39
 166879.540   266.209    15.36   14.83
 167168.481   269.376    10.96   13.26
 167457.428   271.535     7.47   13.21
 167746.379   270.743    -2.74   13.29
 168035.335   267.633   -10.76   14.27
 168324.295   261.702   -20.53   15.35
 168613.261   258.000   -12.81   14.47
 168902.231   256.054    -6.74   13.69
 169191.206   254.487    -5.42   13.78
 169480.186   256.385     6.57   15.60
 169769.171   261.125    16.40   17.27
 170058.160   266.262    17.78   16.45
 170347.155   271.280    17.36   13.06
 170636.154   276.172    16.93    6.99
 170925.158   277.642     5.09    4.33
 171214.166   277.668     0.09    2.81
 171503.180   277.458    -0.73    2.95
 171792.198   277.168    -1.00    2.63
 172081.221   276.952    -0.75    2.53
 172370.249   276.952     0.00    2.48
 172659.282   276.952     0.00    2.48
 172948.320   276.800    -0.53    2.21
 173237.362   276.541    -0.89    1.95
 173526.410   276.029    -1.77    2.20
 173815.462   275.642    -1.34    2.25
 174104.519   275.318    -1.12    2.09
 174393.580   275.133    -0.64    1.84
 174682.647   274.983    -0.52    1.88
 174971.718   273.718    -4.37    4.03
 175260.795   271.590    -7.36    7.57
 175549.876   268.410   -11.00   10.30
 175838.962   266.073    -8.08   11.40
 176128.052   261.185   -16.91   14.19
 176417.148   254.608   -22.75   16.06
 176706.248   249.181   -18.77   17.24
 176995.354   243.660   -19.10   17.44
 177284.464   236.189   -25.84   16.21
 177573.579   230.376   -20.11   13.72
 177862.698   226.869   -12.13   10.59
 178151.823   225.029    -6.36    9.49
 178440.952   223.664    -4.72    7.69
 178730.087   224.835     4.05   10.20
 179019.226   228.652    13.20   14.89
 179308.370   232.562    13.53   17.23
 179597.519   240.257    26.61   19.30
 179886.673   246.771    22.53   18.08
 180175.831   252.370    19.36   15.65
 180464.995   256.556    14.48   10.32
 180754.163   256.585     0.10    8.57
 181043.336   251.347   -18.12   14.15
 181332.514   242.984   -28.92   19.14
 181621.697   235.478   -25.96   20.06
 181910.885   228.099   -25.52   17.87
 182200.077   222.850   -18.15   12.36
 182489.275   221.211    -5.67   10.22
 182778.477   224.771    12.31   12.33
 183067.684   229.367    15.89   13.22
 183356.896   233.754    15.17   11.82
 183646.113   236.487     9.45    9.71
 183935.335   237.952     5.07    7.48
 184224.562   238.647     2.40    6.17
 184513.793   238.722     0.26    6.03
 184803.030   239.063     1.18    6.68
 185092.271   239.935     3.01    7.00
 185381.517   242.135     7.61    8.28
 185670.769   244.135     6.91    8.54
 185960.025   245.681     5.35    8.97
 186249.285   246.308     2.17    9.03
 186538.551   247.558     4.32    9.62
 186827.822   249.099     5.33    9.57
 187117.097   249.502     1.39    8.96
 187406.378   249.535     0.12    7.97
 187695.663   248.918    -2.13    7.24
 187984.953   249.607     2.38    6.46
 188274.248   249.664     0.20    5.51
 188563.548   249.692     0.10    5.18
 188852.853   250.556     2.99    5.58
 189142.163   253.177     9.06    6.66
 189431.478   256.015     9.81    7.06
 189720.797   259.545    12.20    6.51
 190010.122   262.394     9.85    5.45
 190299.451   265.164     9.58    4.37
 190588.786   267.291     7.35    4.83
 190878.125   268.511     4.22    4.87
 191167.469   270.082     5.43    5.34
 191456.818   271.361     4.42    5.69
 191746.172   272.071     2.45    5.58
 192035.531   272.867     2.75    5.29
 192324.895   273.335     1.62    5.07
 192614.263   273.435     0.35    4.63
 192903.637   273.664     0.79    4.07
 193193.016   273.854     0.66    3.87
 193482.399   273.918     0.22    3.43
 193771.787   274.410     1.70    3.01
 194061.181   274.969     1.93    2.96
 194350.579   275.608     2.21    2.67
 194639.982   276.230     2.15    2.78
 194929.390   277.177     3.27    2.86
 195218.803   278.197     3.52    2.78
 195508.221   279.039     2.91    2.44
 195797.644   278.478    -1.94    5.30
 196087.072   275.033   -11.90   11.57
 196376.505   269.685   -18.48   15.06
 196665.942   264.128   -19.20   18.20
 196955.385   256.690   -25.70   19.86
 197244.832   247.802   -30.71   18.50
 197534.285   238.418   -32.42   15.96
 197823.742   230.902   -25.97   16.12
 198113.205   224.934   -20.62   13.99
 198402.672   218.969   -20.61   13.75
 198692.144   211.402   -26.14   13.80
 198981.622   204.504   -23.83   15.09
 199271.104   198.552   -20.57   15.52
 199560.591   191.168   -25.51   14.30
 199850.083   185.823   -18.47   12.74
 200139.580   181.122   -16.24    8.20
 200429.082   178.246    -9.93    4.72
 200718.589   177.800    -1.54    3.41
 201008.101   179.970     7.50    6.28
 201297.618   183.935    13.69    9.98
 201587.140   188.694    16.44   12.67
 201876.666   195.223    22.55   14.52
 202166.198   201.004    19.97   16.07
 202455.735   209.468    29.23   15.80
 202745.277   217.805    28.80   15.99
 203034.823   225.664    27.14   15.73
 203324.375   235.033    32.36   18.65
 203613.931   239.638    15.90   18.47
 203903.493   247.359    26.67   21.26
 204193.060   254.118    23.34   21.57
 204482.631   261.252    24.64   22.03
 204772.208   267.521    21.65   22.20
 205061.789   273.068    19.16   21.14
 205351.376   276.785    12.84   20.49
 205640.967   283.515    23.24   16.23
 205930.563   283.601     0.30   16.17
 206220.165   284.771     4.04   14.12
 206509.771   285.047     0.96   13.86
 206799.383   283.122    -6.65   14.93
 207088.999   283.125     0.01   14.12
 207378.620   280.402    -9.40   15.03
 207668.247   280.039    -1.25   13.95
 207957.878   282.508     8.53   12.40
 208247.514   285.522    10.40   10.01
 208537.156   285.308    -0.74    9.57
 208826.802   285.160    -0.51    9.03
 209116.453   285.099    -0.21    7.68
 209406.110   284.775    -1.12    7.31
 209695.771   282.867    -6.59    8.79
 209985.437   278.768   -14.15   10.42
 210275.109   275.035   -12.89   10.77
 210564.785   270.918   -14.21   10.95
 210854.466   267.037   -13.40    9.45
 211144.153   264.771    -7.82    8.88
 211433.844   262.508    -7.81    8.03
 211723.541   260.685    -6.29    7.80
 212013.242   259.652    -3.57    8.09
 212302.948   257.953    -5.86    7.41
 212592.660   257.410    -1.88    8.28
 212882.376   256.376    -3.57    7.84
 213172.098   254.757    -5.59    8.74
 213461.824   252.573    -7.54   11.33
 213751.556   249.867    -9.34   13.90
 214040.632   243.886   -20.69   18.37
 214329.297   238.681   -18.03   19.38
 214617.966   232.328   -22.01   18.31
 214906.640   225.711   -22.92   17.93
 215195.320   217.732   -27.64   15.70
 215484.004   212.478   -18.20   13.76
 215772.693   208.164   -14.94   13.29
 216061.388   204.377   -13.12   12.35
 216350.087   203.020    -4.70   11.64
 216638.791   203.768     2.59   12.45
 216927.501   202.635    -3.93   12.31
 217216.215   201.427    -4.19   12.36
 217504.934   197.206   -14.62   13.44
 217793.658   194.344    -9.91   14.65
 218082.388   189.377   -17.20   15.86
 218371.122   183.037   -21.96   13.32
 218659.861   177.850   -17.96    9.08
 218948.606   173.339   -15.62    7.94
 219237.355   169.689   -12.64    8.39
 219526.109   165.969   -12.88    8.74
 219814.869   162.312   -12.67    7.82
 220103.633   159.562    -9.52    7.57
 220392.402   157.677    -6.53    7.27
 220681.177   159.869     7.59    9.21
 220969.956   163.020    10.91   10.86
 221258.741   165.820     9.70   11.75
 221547.530   169.056    11.21   10.95
 221836.325   171.202     7.43    9.69
 222125.124   171.766     1.95   10.04
 222413.929   172.052     0.99   11.64
 222702.738   169.773    -7.89   13.43
 222991.553   167.468    -7.98   13.75
 223280.372   164.518   -10.21   13.23
 223569.197   162.240    -7.89   11.92
 223858.027   161.685    -1.92   11.20
 224146.861   159.729    -6.77    8.59
 224435.701   160.241     1.77    7.65
 224724.546   160.836     2.06    6.65
 225013.395   161.800     3.34    5.76
 225302.250   163.418     5.60    6.49
 225591.110   165.322     6.59    8.10
 225879.975   169.066    12.96   11.57
 226168.845   173.585    15.65   15.20
 226457.720   178.885    18.35   17.56
 226746.600   186.118    25.04   20.18
 227035.485   194.349    28.49   21.37
 227324.375   201.252    23.89   20.01
 227613.270   210.785    33.00   18.67
 227902.171   216.820    20.89   16.53
 228191.076   222.711    20.39   15.32
 228479.986   229.218    22.52   14.93
 228768.901   235.522    21.82   15.33
 229057.822   243.230    26.68   16.81
 229346.747   249.305    21.03   17.22
 229635.678   254.885    19.31   16.74
 229924.614   260.985    21.11   16.76
 230213.554   265.729    16.42   14.28
 230502.500   266.785     3.66   17.86
 230791.451   266.022    -2.64   20.30
 231080.407   267.950     6.67   24.79
 231369.368   269.152     4.16   27.45
 231658.334   273.783    16.03   31.81
 231947.305   275.935     7.45   32.25
 232236.281   280.901    17.18   31.44
 232525.262   290.112    31.88   34.37
 232814.248   299.268    31.69   39.80
 233103.240   312.321    45.17   42.00
 233392.236   324.783    43.12   39.19
 233681.238   336.073    39.07   36.32
 233970.244   343.484    25.64   37.33
 234259.256   351.965    29.35   36.85
