-324380.507   202.717     0.00   16.34
-324091.064   205.819    10.72   15.53
-323801.618   208.135     8.00   14.15
-323512.170   210.369     7.72   12.00
-323222.719   211.205     2.89   11.03
-322933.266   212.041     2.89    9.54
-322643.810   216.092    13.99   12.16
-322354.351   218.955     9.89   12.71
-322064.890   222.398    11.90   14.51
-321775.427   224.896     8.63   14.97
-321485.961   230.141    18.12   17.44
-321196.492   233.664    12.17   15.17
-320907.021   233.848     0.64   15.52
-320617.547   235.110     4.36   15.37
-320328.070   235.278     0.58   15.77
-320038.591   234.855    -1.46   16.70
-319749.110   235.524     2.31   16.94
-319459.626   232.972    -8.82   15.11
-319170.139   232.420    -1.91   14.90
-318880.650   232.023    -1.37   16.03
-318591.158   232.174     0.52   15.39
-318301.664   233.697     5.26   15.59
-318012.167   233.472    -0.78   16.03
-317722.667   230.194   -11.32   13.56
-317433.165   228.524    -5.77   13.45
-317143.660   228.974     1.56   15.27
-316854.153   231.274     7.94   15.66
-316564.643   232.991     5.93   15.91
-316275.131   239.451    22.31   20.57
-315985.616   245.317    20.26   22.13
-315696.098   252.358    24.32   22.70
-315407.137   257.834    18.95   23.79
-315118.173   260.303     8.54   22.23
-314829.208   259.574    -2.52   22.97
-314540.239   256.817    -9.54   24.82
-314251.268   250.713   -21.12   25.25
-313962.295   244.130   -22.78   25.12
-313673.318   240.741   -11.73   19.76
-313384.340   239.941    -2.77   19.56
-313095.358   242.374     8.42   21.81
-312806.374   247.058    16.21   23.41
-312517.388   253.434    22.06   21.83
-312228.399   258.424    17.27   21.92
-311939.407   263.834    18.72   19.12
-311650.413   266.741    10.06   18.77
-311361.416   271.024    14.82   16.70
-311072.417   272.403     4.77   16.09
-310783.415   274.765     8.17   14.12
-310494.410   275.851     3.76   13.98
-310205.403   274.992    -2.97   15.33
-309916.393   272.575    -8.36   16.80
-309627.380   266.658   -20.47   22.55
-309338.365   260.309   -21.97   25.41
-309049.348   256.939   -11.66   28.81
-308760.327   250.202   -23.31   31.73
-308471.305   244.774   -18.78   34.53
-308182.279   241.041   -12.92   38.17
-307893.251   239.612    -4.94   41.46
-307604.220   238.213    -4.84   44.53
-307315.187   237.955    -0.89   45.22
-307026.151   232.258   -19.71   43.07
-306737.113   223.746   -29.45   42.80
-306448.071   215.472   -28.62   42.16
-306159.028   201.591   -48.02   38.01
-305869.981   196.059   -19.14   34.38
-305580.932   196.287     0.79   33.61
-305291.881   204.124    27.11   38.94
-305002.827   205.702     5.46   40.99
-304713.770   212.558    23.72   41.65
-304424.710   222.282    33.64   39.18
-304135.648   229.956    26.55   36.01
-303846.583   242.369    42.94   37.83
-303557.516   243.910     5.33   40.24
-303268.446   254.908    38.04   38.37
-302979.373   265.506    36.66   33.33
-302690.298   274.196    30.06   26.23
-302401.220   274.162    -0.12   26.05
-302112.140   272.758    -4.86   25.60
-301823.057   270.177    -8.93   20.97
-301533.971   266.329   -13.31   21.04
-301244.882   265.558    -2.67   21.87
-300955.791   267.550     6.89   22.34
-300666.698   266.746    -2.78   22.91
-300377.601   268.274     5.29   20.06
-300088.502   268.380     0.36   20.45
-299799.401   269.620     4.29   20.69
-299510.296   270.127     1.75   22.90
-299221.190   270.346     0.76   22.17
-298932.080   270.317    -0.10   22.83
-298642.968   273.762    11.92   24.66
-298353.853   274.713     3.29   24.14
-298064.735   278.448    12.92   26.12
-297775.615   281.620    10.97   25.66
-297486.492   287.791    21.34   22.91
-297197.367   293.444    19.55   22.17
-296908.239   298.334    16.91   19.01
-296619.108   302.329    13.82   17.86
-296329.974   304.869     8.78   16.88
-296040.838   304.817    -0.18   14.98
-295751.700   310.191    18.59   20.11
-295462.558   320.804    36.70   27.11
-295173.414   337.476    57.66   40.51
-294884.267   357.773    70.19   54.14
-294595.118   381.641    82.54   67.86
-294305.966   407.416    89.14   79.96
-294016.811   428.944    74.45   82.95
-293727.653   448.108    66.27   80.33
-293438.493   469.991    75.67   79.43
-293149.330   492.465    77.72   75.48
-292860.165   509.480    58.84   72.24
-292570.997   531.641    76.63   76.51
-292281.826   565.380   116.67   91.63
-291992.652   601.347   124.37  101.55
-291703.476   634.058   113.11  107.80
-291414.297   654.898    72.06  103.17
-291125.116   680.973    90.16  105.77
-290835.931   698.455    60.45  109.22
-290546.744   721.746    80.54  110.76
-290257.555   739.938    62.90  108.98
-289968.363   773.179   114.94  112.96
-289679.168   791.679    63.97  116.38
-289389.970   807.920    56.16  115.33
-289100.769   826.008    62.54  106.54
-288811.566   842.719    57.78  102.01
-288522.361   880.391   130.25  101.92
-288233.152   898.595    62.94   94.73
-287943.941   931.058   112.24   99.31
-287654.727   972.358   142.79  101.50
-287365.510  1011.177   134.21   98.71
-287076.291  1056.941   158.23   84.04
-286787.069  1104.077   162.97   80.76
-286497.844  1145.972   144.85   86.09
-286208.617  1181.955   124.40   98.20
-285919.387  1212.124   104.30  105.17
-285630.154  1257.541   157.02  104.79
-285340.919  1290.575   114.21   94.70
-285051.680  1318.674    97.14   98.77
-284762.439  1343.748    86.68   95.46
-284473.196  1374.408   105.99  101.34
-284183.949  1420.224   158.39  117.36
-283894.700  1453.758   115.93  131.57
-283605.448  1498.024   153.03  127.35
-283316.194  1534.248   125.22  107.57
-283026.937  1559.674    87.90   94.09
-282737.677  1582.058    77.38   84.59
-282448.414  1579.041   -10.43  100.82
-282159.149  1582.467    11.84  108.93
-281869.880  1584.690     7.68  105.28
-281580.609  1587.179     8.60  106.61
-281291.336  1587.987     2.79  111.13
-281002.060  1585.402    -8.94  110.35
-280712.780  1603.058    61.03  101.19
-280423.499  1607.841    16.53  109.08
-280134.214  1619.489    40.26  107.44
-279844.927  1640.269    71.83   96.75
-279555.637  1651.741    39.65   84.87
-279266.344  1668.575    58.19   64.85
-278977.049  1668.524    -0.18   57.41
-278687.750  1662.213   -21.81   50.70
-278398.449  1647.144   -52.08   47.35
-278109.146  1642.351   -16.57   43.55
-277819.839  1636.006   -21.93   41.76
-277530.530  1628.713   -25.21   37.95
-277241.218  1622.800   -20.44   33.77
-276951.903  1619.685   -10.76   34.98
-276662.586  1622.130     8.45   40.79
-276373.266  1627.261    17.73   44.82
-276083.943  1629.605     8.10   46.43
-275794.617  1635.770    21.30   46.30
-275505.289  1637.261     5.15   43.16
-275215.958  1635.953    -4.52   43.64
-274926.624  1632.869   -10.66   44.21
-274637.287  1627.974   -16.91   44.91
-274347.947  1621.774   -21.43   47.06
-274058.605  1607.960   -47.74   48.74
-273769.260  1595.505   -43.04   47.19
-273479.912  1579.791   -54.31   46.44
-273190.562  1566.952   -44.37   48.29
-272901.208  1555.089   -40.99   49.07
-272611.852  1542.210   -44.51   50.14
-272322.494  1526.424   -54.55   54.90
-272033.132  1511.834   -50.42   59.94
-271743.768  1490.593   -73.40   67.60
-271454.400  1470.724   -68.66   83.72
-271165.030  1425.092  -157.69   89.12
-270875.658  1392.251  -113.49   89.90
-270586.282  1354.736  -129.63   93.08
-270296.904  1311.487  -149.45   94.96
-270007.523  1279.244  -111.42   95.06
-269718.139  1228.386  -175.74  106.02
-269428.753  1191.352  -127.97  103.55
-269139.363  1149.541  -144.47   96.73
-268849.971  1105.575  -151.92   80.83
-268560.576  1076.575  -100.20   75.17
-268271.178  1044.644  -110.33   72.07
-267981.778  1024.758   -68.71   61.55
-267692.374  1016.499   -28.54   55.42
-267402.968  1014.174    -8.03   53.59
-267113.559  1009.409   -16.46   59.18
-266824.148  1013.334    13.56   66.05
-266534.733  1017.158    13.21   65.18
-266245.316  1022.888    19.80   58.50
-265955.896  1037.308    49.82   65.95
-265666.473  1061.380    83.17   81.45
-265377.047  1098.110   126.90  101.12
-265087.619  1147.234   169.72  104.26
-264798.187  1198.434   176.89   99.04
-264508.753  1243.107   154.34   82.90
-264219.316  1281.317   132.01   69.02
-263929.877  1318.258   127.62   62.54
-263640.434  1350.765   112.31   65.23
-263350.989  1374.191    80.93   57.81
-263061.541  1397.441    80.32   53.71
-262772.090  1414.441    58.73   49.93
-262482.636  1438.524    83.20   45.58
-262193.179  1450.886    42.70   44.24
-261903.720  1476.874    89.78   55.48
-261614.258  1498.782    75.68   59.22
-261324.793  1529.270   105.32   70.69
-261035.325  1552.574    80.50   69.93
-260745.854  1576.093    81.24   67.60
-260456.380  1596.662    71.05   61.33
-260166.904  1608.830    42.04   52.18
-259877.425  1619.441    36.65   50.87
-259587.943  1623.821    15.13   59.00
-259298.458  1616.808   -24.22   71.35
-259008.970  1600.041   -57.92   88.97
-258719.480  1568.023  -110.59  112.40
-258429.987  1523.926  -152.32  129.70
-258140.491  1457.308  -230.11  135.35
-257850.992  1400.124  -197.52  122.95
-257561.490  1331.778  -236.07   98.66
-257271.985  1281.627  -173.22   86.23
-256982.478  1245.696  -124.10   73.02
-256692.967  1216.903   -99.45   56.46
-256403.454  1200.090   -58.07   46.61
-256113.938  1189.369   -37.03   48.77
-255824.419  1187.397    -6.81   58.96
-255534.897  1175.130   -42.37   53.61
-255245.373  1172.380    -9.50   62.15
-254955.845  1158.914   -46.51   72.36
-254666.315  1134.397   -84.67   78.34
-254376.782  1120.924   -46.53   78.55
-254087.246  1112.644   -28.60   83.56
-253797.707  1111.634    -3.49   81.04
-253508.166  1110.549    -3.75   77.87
-253219.081  1098.227   -42.62   70.39
-252930.153  1095.369    -9.89   75.86
-252641.221  1095.392     0.08   77.35
-252352.287  1075.824   -67.72   83.68
-252063.349  1051.918   -82.73   67.62
-251774.409  1035.718   -56.06   54.86
-251485.466  1029.374   -21.96   47.36
-251196.520  1025.658   -12.86   50.73
-250907.572  1031.938    21.73   54.19
-250618.620  1053.006    72.91   62.44
-250329.666  1075.787    78.83   69.63
-250040.708  1118.092   146.40   83.76
-249751.748  1166.928   169.00  100.06
-249462.785  1204.939   131.54  111.00
-249173.819  1241.351   126.00  105.55
-248884.851  1271.644   104.83  106.30
-248595.879  1309.196   129.94   96.00
-248306.905  1342.205   114.22   81.95
-248017.927  1362.765    71.14   69.48
-247728.947  1365.662    10.02   72.18
-247439.964  1368.558    10.02   84.30
-247150.978  1373.851    18.32  100.12
-246861.989  1366.686   -24.79  117.07
-246572.998  1365.458    -4.25  131.00
-246284.003  1349.808   -54.15  156.10
-245995.006  1342.392   -25.66  158.88
-245706.005  1326.731   -54.19  165.80
-245417.002  1286.824  -138.08  170.80
-245127.996  1248.358  -133.09  170.25
-244838.987  1206.024  -146.47  168.15
-244549.976  1174.524  -108.99  159.21
-244260.961  1128.041  -160.82  156.16
-243971.943  1103.392   -85.28  144.82
-243682.923  1071.791  -109.33  138.53
-243393.899  1044.451   -94.59  125.77
-243104.873  1023.851   -71.27  104.69
-242815.844  1010.448   -46.37   81.93
-242526.812  1011.858     4.88   69.48
-242237.777  1016.874    17.36   64.91
-241948.739  1033.482    57.45   76.97
-241659.699  1060.697    94.15  106.34
-241370.655  1083.974    80.53  114.82
-241081.609  1107.127    80.10  121.24
-240792.559  1139.241   111.10  131.43
-240503.507  1154.506    52.81  136.51
-240214.452  1165.891    39.38  131.60
-239925.394  1161.458   -15.34  122.67
-239636.333  1168.516    24.42  116.66
-239347.269  1170.920     8.32  104.94
-239058.202  1169.988    -3.22   84.02
-238769.132  1172.467     8.57   77.05
-238480.059  1183.141    36.92   76.84
-238190.984  1204.573    74.14   78.92
-237901.905  1226.736    76.66   73.76
-237612.824  1245.455    64.75   69.23
-237323.740  1262.708    59.68   61.51
-237034.653  1276.765    48.62   50.59
-236745.562  1282.254    18.99   44.05
-236456.469  1284.127     6.48   35.32
-236167.373  1287.472    11.57   33.90
-235878.275  1286.713    -2.62   32.48
-235589.173  1286.591    -0.42   30.55
-235300.068  1285.238    -4.68   26.03
-235010.960  1284.127    -3.84   20.83
-234721.850  1289.808    19.65   21.14
-234432.736  1294.612    16.62   23.18
-234143.620  1300.024    18.72   22.69
-233854.500  1309.762    33.68   29.86
-233565.378  1319.261    32.85   40.00
-233276.253  1339.847    71.20   62.57
-232987.125  1350.327    36.24   67.70
-232697.994  1373.724    80.92   83.96
-232408.859  1377.955    14.63   68.20
-232119.722  1382.638    16.20   58.61
-231830.583  1380.533    -7.28   46.64
-231541.440  1380.210    -1.11   42.01
-231252.294  1378.922    -4.45   45.33
-230963.145  1376.130    -9.66   56.27
-230673.993  1359.091   -58.93   60.91
-230384.839  1343.939   -52.40   60.05
-230095.681  1335.670   -28.60   64.36
-229806.521  1322.308   -46.21   59.04
-229517.357  1304.166   -62.74   51.33
-229228.191  1295.499   -29.97   54.10
-228939.021  1289.403   -21.08   52.02
-228649.849  1281.352   -27.84   58.17
-228360.674  1270.804   -36.48   61.84
-228071.495  1254.524   -56.29   68.68
-227782.314  1243.558   -37.92   71.97
-227493.130  1230.782   -44.18   75.31
-227203.943  1210.558   -69.93   72.48
-226914.753  1184.765   -89.18   55.40
-226625.559  1163.258   -74.37   46.49
-226336.363  1151.041   -42.24   41.22
-226047.164  1138.127   -44.65   33.08
-225757.962  1132.139   -20.70   31.06
-225468.757  1129.194   -10.19   25.53
-225179.550  1127.958    -4.27   22.79
-224890.339  1128.916     3.31   25.74
-224601.125  1123.231   -19.66   28.31
-224311.908  1119.334   -13.47   29.89
-224022.688  1113.329   -20.76   27.55
-223733.465  1109.500   -13.24   23.54
-223444.240  1108.696    -2.78   25.71
-223155.011  1109.674     3.38   29.60
-222865.779  1115.627    20.58   36.77
-222576.544  1117.746     7.32   35.47
-222287.307  1116.441    -4.51   35.86
-221998.066  1117.374     3.23   36.41
-221708.822  1121.591    14.58   42.00
-221419.576  1118.817    -9.59   40.46
-221130.326  1117.758    -3.66   45.68
-220841.073  1107.748   -34.60   38.67
-220551.818  1099.648   -28.00   29.74
-220262.559  1096.615   -10.48   23.52
-219973.297  1091.655   -17.15   17.78
-219684.033  1090.438    -4.21   16.03
-219394.765  1093.791    11.59   19.25
-219105.495  1107.974    49.03   42.93
-218816.221  1119.346    39.31   49.88
-218526.944  1130.208    37.55   51.61
-218237.665  1143.196    44.90   56.23
-217948.382  1149.255    20.94   61.74
-217659.096  1156.324    24.44   70.14
-217369.808  1156.144    -0.62   73.81
-217080.516  1152.774   -11.65   72.42
-216791.221  1146.438   -21.90   68.54
-216501.924  1141.627   -16.63   65.57
-216212.623  1136.351   -18.24   53.14
-215923.319  1129.075   -25.15   41.32
-215634.013  1125.828   -11.22   37.27
-215344.703  1120.041   -20.00   31.77
-215055.390  1118.278    -6.09   33.44
-214766.075  1112.130   -21.25   24.52
-214476.756  1109.141   -10.33   20.72
-214187.434  1105.525   -12.50   17.55
-213898.109  1100.702   -16.67   13.51
-213608.781  1099.174    -5.28   13.83
-213319.451  1098.795    -1.31   13.54
-213030.117  1098.685    -0.38   12.64
-212740.780  1096.941    -6.03   10.22
-212451.440  1096.591    -1.21   10.67
-212162.097  1100.928    14.99   17.94
-211872.751  1103.216     7.91   19.57
-211583.402  1109.591    22.03   27.13
-211294.050  1114.220    16.00   26.43
-211004.695  1126.573    42.69   34.48
-210715.336  1137.024    36.12   36.49
-210425.975  1143.041    20.79   39.18
-210136.611  1153.575    36.40   40.39
-209847.244  1164.679    38.37   37.24
-209557.873  1167.448     9.57   38.71
-209268.500  1171.558    14.20   36.50
-208979.124  1171.202    -1.23   35.35
-208689.744  1167.955   -11.22   33.33
-208400.362  1162.782   -17.87   28.41
-208110.976  1164.213     4.94   26.40
-207821.588  1176.041    40.87   35.43
-207532.196  1189.369    46.05   47.19
-207242.801  1200.127    37.17   49.44
-206953.403  1208.989    30.62   48.42
-206664.003  1215.920    23.95   49.30
-206374.599  1224.300    28.95   53.00
-206085.192  1217.428   -23.74   57.11
-205795.782  1202.821   -50.47   67.14
-205506.369  1171.939  -106.70   78.63
-205216.953  1145.731   -90.55   84.45
-204927.534  1111.989  -116.58   92.80
-204638.111  1075.691  -125.41   88.28
-204348.686  1049.574   -90.23   69.33
-204059.258  1031.638   -61.97   56.65
-203769.826  1020.269   -39.28   48.67
-203480.392  1023.658    11.71   52.72
-203190.954  1031.532    27.21   53.12
-202901.514  1040.408    30.66   55.74
-202612.070  1038.124    -7.89   56.37
-202322.623  1030.770   -25.41   54.61
-202033.173  1016.363   -49.77   47.34
-201743.720  1009.651   -23.19   37.52
-201454.264  1004.274   -18.57   32.36
-201164.805  1004.431     0.54   29.20
-200875.343  1007.581    10.88   25.14
-200585.878  1009.126     5.34   20.73
-200296.409  1010.112     3.41   23.20
-200006.938  1008.278    -6.34   25.46
-199717.463  1003.334   -17.08   28.35
-199427.986   994.221   -31.48   30.22
-199138.505   988.448   -19.94   29.81
-198849.021   980.593   -27.13   25.99
-198559.534   978.351    -7.74   25.10
-198270.044   977.920    -1.49   22.30
-197980.551   980.941    10.43   29.14
-197691.055   984.324    11.69   31.23
-197401.556   990.795    22.35   33.79
-197112.053  1000.834    34.68   33.84
-196822.548  1008.575    26.74   35.55
-196533.039  1016.691    28.03   33.53
-196243.527  1027.973    38.97   30.77
-195954.013  1031.041    10.60   28.19
-195664.495  1036.269    18.06   27.59
-195374.974  1042.179    20.41   23.87
-195085.450  1044.627     8.46   24.34
-194795.922  1046.336     5.90   26.77
-194506.392  1051.533    17.95   28.61
-194216.859  1053.196     5.74   28.00
-193927.322  1054.674     5.11   31.86
-193637.782  1057.093     8.35   35.84
-193348.240  1056.758    -1.16   39.91
-193058.694  1062.808    20.89   47.52
-192769.145  1065.341     8.75   53.71
-192479.592  1075.238    34.18   61.84
-192190.037  1084.644    32.49   64.80
-191900.479  1084.041    -2.08   68.63
-191610.917  1081.627    -8.34   82.40
-191321.353  1069.762   -40.97   88.09
-191032.114  1059.608   -35.11   95.12
-190743.219  1054.448   -17.86   95.55
-190454.321  1065.317    37.62  101.37
-190165.420  1087.845    77.97  107.31
-189876.515  1119.441   109.36  107.34
-189587.608  1147.007    95.41   97.59
-189298.697  1174.582    95.44   86.14
-189009.784  1208.351   116.88   64.99
-188720.867  1228.955    71.31   62.40
-188431.947  1240.508    39.98   65.80
-188143.024  1246.938    22.25   64.98
-187854.098  1248.369     4.95   70.29
-187565.169  1249.541     4.06   71.50
-187276.237  1235.731   -47.80   63.44
-186987.301  1225.144   -36.64   47.99
-186698.362  1214.753   -35.96   46.05
-186409.421  1209.746   -17.33   50.21
-186120.476  1211.438     5.85   49.23
-185831.528  1207.291   -14.35   52.74
-185542.577  1204.827    -8.53   48.81
-185253.622  1196.300   -29.51   52.52
-184964.665  1185.718   -36.62   54.19
-184675.704  1186.991     4.40   58.08
-184386.741  1189.896    10.05   77.28
-184097.774  1194.309    15.27   90.91
-183808.804  1211.075    58.02  108.92
-183519.831  1233.566    77.83  109.42
-183230.854  1255.628    76.34  102.88
-182941.875  1259.959    14.99   94.93
-182652.892  1257.329    -9.10   96.49
-182363.907  1237.329   -69.20  103.01
-182074.918  1197.595  -137.49  114.00
-181785.926  1161.566  -124.67  119.62
-181496.930  1110.274  -177.47  121.34
-181207.932  1065.976  -153.27  120.11
-180918.931  1022.346  -150.96  105.08
-180629.926   989.166  -114.80   96.59
-180340.918   966.922   -76.96   96.70
-180051.907   930.713  -125.28  111.97
-179762.893   926.238   -15.49  118.52
-179473.876   925.939    -1.03  120.98
-179184.855   925.041    -3.11  120.31
-178895.831   914.817   -35.37  110.13
-178606.805   892.127   -78.50  109.02
-178317.775   868.582   -81.46  118.28
-178028.741   831.006  -130.00  134.82
-177739.705   781.641  -170.79  138.61
-177450.665   735.427  -159.88  149.29
-177161.623   716.834   -64.32  158.54
-176872.577   675.926  -141.52  178.25
-176583.528   628.753  -163.20  188.53
-176294.476   600.324   -98.35  199.88
-176005.420   582.541   -61.52  193.03
-175716.362   574.920   -26.36  193.00
-175427.300   575.644     2.51  187.09
-175138.235   569.841   -20.08  190.33
-174849.167   583.202    46.22  193.05
-174560.095   573.282   -34.32  170.49
-174271.021   545.108   -97.46  150.20
-173981.943   493.179  -179.63  132.83
-173692.862   459.674  -115.90  134.05
-173403.778   399.008  -209.85  131.78
-173114.691   346.041  -183.21  124.72
-172825.601   293.910  -180.32  118.62
-172536.507   249.282  -154.36  111.79
-172247.410   205.791  -150.43   92.20
-171958.310   171.558  -118.41   74.11
-171669.207   153.762   -61.55   59.04
-171380.100   137.143   -57.48   53.68
-171090.990   132.743   -15.22   60.41
-170801.878   129.627   -10.78   63.02
-170512.762   129.291    -1.16   63.17
-170223.642   133.172    13.42   61.67
-169934.520   131.736    -4.97   56.89
-169645.394   149.598    61.78   70.60
-169356.265   170.472    72.19   84.98
-169067.133   177.782    25.28   91.27
-168777.998   202.658    86.03  109.32
-168488.859   224.420    75.26  112.01
-168199.717   241.631    59.52  121.15
-167910.572   256.782    52.40  123.51
-167621.424   269.869    45.26  136.52
-167332.273   274.110    14.67  145.33
-167043.118   269.922   -14.48  153.01
-166753.960   265.008   -16.99  154.30
-166464.799   250.593   -49.85  137.06
-166175.635   243.508   -24.50  122.27
-165886.467   244.255     2.59  103.80
-165597.296   257.838    46.97  108.55
-165308.122   292.444   119.67  115.75
-165018.945   335.008   147.18  120.98
-164729.765   372.799   130.68  117.87
-164440.581   405.077   111.61  114.14
-164151.394   450.736   157.88  124.42
-163862.204   507.939   197.80  155.31
-163573.010   565.993   200.74  166.24
-163283.814   637.557   247.45  166.12
-162994.614   689.295   178.89  151.00
-162705.411   735.346   159.23  127.67
-162416.204   752.023    57.66  111.08
-162126.995   763.352    39.17  105.86
-161837.782   746.691   -57.61  111.66
-161548.566   730.874   -54.69  127.37
-161259.346   704.369   -91.64  145.99
-160970.124   656.130  -166.78  157.69
-160680.898   608.924  -163.21  170.39
-160391.669   543.300  -226.89  165.33
-160102.436   489.467  -186.12  170.74
-159813.201   452.160  -128.98  152.67
-159523.962   427.006   -86.96  127.04
-159234.720   417.024   -34.51  103.62
-158945.474   405.627   -39.40   73.73
-158656.226   397.107   -29.46   60.30
-158366.974   398.075     3.35   51.53
-158077.718   397.574    -1.73   55.61
-157788.460   406.094    29.45   54.52
-157499.198   414.524    29.14   60.55
-157209.933   418.746    14.60   63.18
-156920.665   414.858   -13.44   69.69
-156631.394   401.474   -46.26   84.91
-156342.119   388.934   -43.35  101.19
-156052.841   356.541  -111.97  113.48
-155763.559   340.041   -57.04  112.95
-155474.275   338.533    -5.21  115.65
-155184.987   333.303   -18.08  112.30
-154895.696   335.713     8.33  107.20
-154606.401   324.141   -40.00  110.62
-154317.104   327.637    12.09  107.05
-154027.803   305.476   -76.60  124.06
-153738.498   263.408  -145.41  135.72
-153449.191   227.124  -125.41  136.19
-153159.880   173.516  -185.29  129.31
-152870.566   128.795  -154.57  101.30
-152581.248    97.541  -108.02   73.80
-152291.927    69.782   -95.94   19.53
-152002.603    63.287   -22.45    7.84
-151713.276    61.008    -7.88    6.18
-151423.946    59.583    -4.92    5.79
-151134.612    58.472    -3.84    6.41
-150845.274    57.765    -2.44    6.65
-150555.934    58.074     1.07    7.60
-150266.590    57.431    -2.22    8.15
-149977.243    56.697    -2.54    8.47
-149687.893    56.213    -1.67    8.97
-149398.539    55.668    -1.88    8.74
-149109.182    55.566    -0.35    9.54
-148819.822    53.808    -6.08   10.30
-148530.458    52.041    -6.11    9.96
-148241.091    49.515    -8.73    9.52
-147951.721    48.920    -2.05    9.02
-147662.347    49.244     1.12    9.00
-147372.971    49.227    -0.06    7.21
-147083.590    51.524     7.94    8.36
-146794.207    54.334     9.71    9.09
-146504.820    58.191    13.33    8.38
-146215.430    61.817    12.53    9.84
-145926.037    63.558     6.02    9.44
-145636.640    64.191     2.19    9.60
-145347.240    63.841    -1.21    9.30
-145057.836    62.208    -5.64    9.64
-144768.430    60.403    -6.24    9.85
-144479.019    59.363    -3.59    9.68
-144189.606    56.869    -8.62    5.44
-143900.189    56.910     0.14    4.30
-143610.769    57.156     0.85    4.51
-143321.346    58.265     3.83    5.32
-143031.919    59.662     4.83    5.97
-142742.489    61.567     6.58    6.08
-142453.056    62.991     4.92    5.78
-142163.619    64.855     6.44    5.07
-141874.179    65.891     3.58    5.10
-141584.736    67.300     4.87    5.90
-141295.289    68.357     3.65    5.35
-141005.839    69.516     4.01    4.86
-140716.385    71.041     5.27    4.99
-140426.929    71.908     2.99    4.60
-140137.469    73.265     4.69    5.63
-139848.005    75.041     6.13    6.75
-139558.538    75.489     1.55    7.13
-139269.068    75.685     0.68    7.78
-138979.595    74.844    -2.90    7.94
-138690.118    74.300    -1.88    8.37
-138400.638    73.532    -2.65    9.49
-138111.154    71.095    -8.42    9.31
-137821.667    67.871   -11.13    9.28
-137532.177    64.216   -12.63    8.98
-137242.683    61.702    -8.68    8.14
-136953.186    59.624    -7.18    7.10
-136663.686    58.438    -4.10    6.51
-136374.182    57.549    -3.07    4.91
-136084.675    58.973     4.92    5.47
-135795.165    62.041    10.60    9.34
-135505.651    64.408     8.17    9.85
-135216.134    67.813    11.76   11.21
-134926.613    71.291    12.01   11.19
-134637.089    75.059    13.01   11.68
-134347.562    77.896     9.80   14.31
-134058.031    78.674     2.69   14.49
-133768.497    76.341    -8.06   15.06
-133478.960    74.644    -5.86   15.06
-133189.419    73.251    -4.81   14.49
-132899.875    70.974    -7.86   12.97
-132610.327    67.634   -11.54    8.89
-132320.776    66.154    -5.11    6.64
-132031.222    65.634    -1.79    5.94
-131741.664    65.179    -1.57    5.06
-131452.103    65.489     1.07    4.96
-131162.538    66.265     2.68    5.66
-130872.970    67.648     4.77    5.56
-130583.399    68.248     2.07    5.97
-130293.825    68.702     1.57    5.74
-130004.246    68.515    -0.65    5.31
-129714.665    68.905     1.35    5.34
-129425.080    70.025     3.87    4.76
-129135.492    70.261     0.82    4.46
-128846.067    71.508     4.31    4.73
-128557.208    72.541     3.58    4.44
-128268.345    74.041     5.19    4.39
-127979.479    74.908     3.00    4.11
-127690.609    76.160     4.33    4.56
-127401.736    77.557     4.84    5.22
-127112.860    80.392     9.81   10.71
-126823.980    94.591    49.15   35.97
-126535.097   123.309    99.41   71.12
-126246.210   148.347    86.67   81.05
-125957.320   162.508    49.01   77.71
-125668.427   176.762    49.34   77.88
-125379.530   185.748    31.10   78.54
-125090.630   175.386   -35.87   78.63
-124801.727   158.374   -58.88   72.62
-124512.820   141.213   -59.40   64.53
-124223.909   144.762    12.28   76.10
-123934.996   160.324    53.86  101.37
-123646.079   188.058    95.99  127.14
-123357.158   200.265    42.25  130.54
-123068.234   204.472    14.56  126.34
-122779.307   203.123    -4.67  121.90
-122490.376   194.679   -29.22  117.68
-122201.442   167.674   -93.46  107.14
-121912.504   142.731   -86.33   92.41
-121623.563   122.583   -69.73   84.43
-121334.619    99.799   -78.85   71.06
-121045.671    83.591   -56.09   53.29
-120756.720    70.811   -44.23   35.85
-120467.765    60.918   -34.24    7.87
-120178.807    60.765    -0.53    7.57
-119889.846    61.973     4.18    7.35
-119600.881    63.391     4.91    7.29
-119311.912    64.254     2.99    6.56
-119022.941    64.351     0.34    5.66
-118733.965    64.891     1.87    5.70
-118444.987    64.265    -2.17    5.89
-118156.005    63.221    -3.61    6.06
-117867.019    62.408    -2.82    6.21
-117578.030    62.008    -1.38    6.23
-117289.038    61.558    -1.56    6.71
-117000.042    60.765    -2.74    6.46
-116711.043    61.424     2.28    6.78
-116422.040    61.386    -0.13    7.13
-116133.034    60.861    -1.82    8.04
-115844.025    59.221    -5.67    7.38
-115555.012    59.058    -0.56    7.09
-115265.996    58.438    -2.15    6.86
-114976.976    59.164     2.51    7.52
-114687.952    59.808     2.23    7.61
-114398.926    61.431     5.62    7.20
-114109.895    63.074     5.68    7.24
-113820.862    64.679     5.55    7.10
-113531.825    63.748    -3.22    7.39
-113242.784    62.741    -3.48    7.19
-112953.740    62.397    -1.19    6.58
-112664.693    61.608    -2.73    7.12
-112375.642    61.234    -1.29    7.63
-112086.587    61.593     1.24    7.41
-111797.530    62.075     1.67    6.95
-111508.468    63.787     5.92    6.44
-111219.404    64.664     3.03    5.61
-110930.335    64.541    -0.43    5.40
-110641.264    64.329    -0.73    4.85
-110352.189    63.791    -1.86    4.86
-110063.110    63.227    -1.95    5.38
-109774.028    62.557    -2.32    5.09
-109484.942    62.074    -1.67    5.71
-109195.853    61.267    -2.79    5.41
-108906.761    61.111    -0.54    5.76
-108617.665    60.691    -1.45    5.67
-108328.566    59.938    -2.61    5.67
-108039.463    59.533    -1.40    5.64
-107750.356    58.589    -3.26    6.22
-107461.246    58.261    -1.13    5.99
-107172.133    57.787    -1.64    5.62
-106883.016    58.184     1.37    6.41
-106593.896    57.299    -3.06    6.57
-106304.772    55.874    -4.93    6.06
-106015.645    55.874     0.00    6.37
-105726.514    55.386    -1.69    6.80
-105437.380    55.273    -0.39    6.62
-105148.242    55.458     0.64    6.77
-104859.101    55.765     1.06    6.38
-104569.956    57.008     4.30    5.35
-104280.808    57.110     0.35    4.77
-103991.656    57.213     0.36    4.18
-103702.501    56.558    -2.27    4.58
-103413.343    55.574    -3.40    4.24
-103124.180    54.374    -4.15    4.55
-102835.015    52.817    -5.39    4.66
-102545.845    50.524    -7.93    4.67
-102256.673    48.773    -6.06    5.75
-101967.497    47.006    -6.11    6.98
-101678.317    42.774   -14.63   11.27
-101389.134    39.458   -11.47   12.37
-101099.947    35.718   -12.93   13.00
-100810.757    32.255   -11.97   12.11
-100521.563    27.058   -17.97   12.91
-100232.366    22.472   -15.86   11.67
 -99943.165    21.235    -4.28   11.75
 -99653.961    22.057     2.85   11.95
 -99364.753    22.041    -0.06   12.10
 -99075.542    23.787     6.04   13.69
 -98786.327    27.184    11.75   15.70
 -98497.108    30.941    12.99   15.04
 -98207.886    34.758    13.20   13.15
 -97918.661    36.138     4.77   12.98
 -97629.432    38.174     7.04   11.41
 -97340.200    40.648     8.55    8.04
 -97050.964    40.719     0.24    7.39
 -96761.724    41.817     3.80    5.99
 -96472.481    43.254     4.97    6.36
 -96183.235    45.210     6.76    6.15
 -95893.984    47.093     6.51    6.17
 -95604.731    49.110     6.97    6.92
 -95315.474    51.765     9.18    6.51
 -95026.213    52.924     4.01    5.96
 -94736.949    53.261     1.17    5.92
 -94447.681    53.874     2.12    6.54
 -94158.410    53.304    -1.97    6.66
 -93869.135    51.972    -4.60    6.92
 -93579.856    50.574    -4.83    6.27
 -93290.574    49.668    -3.13    6.66
 -93001.289    48.758    -3.15    6.15
 -92712.000    48.380    -1.30    5.41
 -92422.707    50.329     6.74    7.74
 -92133.411    51.575     4.31    7.55
 -91844.111    53.451     6.48   10.41
 -91554.808    54.090     2.21    9.64
 -91265.501    53.800    -1.00    6.02
 -90976.191    55.143     4.64    5.96
 -90686.877    58.278    10.84    9.94
 -90397.560    60.291     6.96    9.90
 -90108.239    64.891    15.90   12.55
 -89818.914    68.107    11.11   11.77
 -89529.586    70.774     9.22   10.34
 -89240.254    72.392     5.59    7.77
 -88950.919    73.208     2.82    7.54
 -88661.580    73.386     0.62    6.85
 -88372.238    72.107    -4.42    6.61
 -88082.892    70.499    -5.56    7.27
 -87793.542    68.874    -5.61    6.96
 -87504.189    68.713    -0.56    6.24
 -87214.832    69.094     1.31    6.39
 -86925.472    70.549     5.03    7.15
 -86636.108    71.091     1.87    7.18
 -86346.741    72.582     5.15    6.73
 -86057.370    72.731     0.51    6.81
 -85767.995    72.800     0.24    6.83
 -85478.617    71.808    -3.43    7.23
 -85189.235    70.499    -4.52    7.60
 -84899.850    69.762    -2.54    7.63
 -84610.461    70.644     3.05    9.38
 -84321.068    71.634     3.42   12.12
 -84031.672    74.386     9.51   12.38
 -83742.273    77.697    11.44   14.42
 -83452.869    79.877     7.53   13.37
 -83163.462    80.955     3.72   13.14
 -82874.052    82.312     4.69   14.75
 -82584.638    81.241    -3.70   15.19
 -82295.220    80.374    -2.99   15.28
 -82005.799    82.549     7.52   19.47
 -81716.374    83.774     4.23   20.52
 -81426.946    85.943     7.49   21.97
 -81137.514    85.472    -1.63   21.17
 -80848.078    84.191    -4.43   19.27
 -80558.639    83.369    -2.84   19.06
 -80269.196    80.057   -11.44   15.99
 -79979.749    77.058   -10.36   15.68
 -79690.299    73.617   -11.89   16.03
 -79400.846    68.765   -16.76   10.24
 -79111.388    66.918    -6.38    9.37
 -78821.927    65.762    -3.99    7.30
 -78532.463    66.408     2.23    8.34
 -78242.995    68.896     8.60   16.25
 -77953.523    69.196     1.04   13.53
 -77664.048    69.989     2.74   13.09
 -77374.569    69.891    -0.34   11.91
 -77085.086    69.627    -0.91    7.80
 -76795.600    74.648    17.34   18.15
 -76506.110    81.386    23.28   32.63
 -76216.617   104.685    80.48   67.63
 -75927.119   122.956    63.11   85.11
 -75637.619   160.549   129.85  111.91
 -75348.114   205.267   154.46  135.16
 -75058.606   246.851   143.64  138.89
 -74769.095   315.108   235.76  153.42
 -74479.579   367.308   180.30  145.95
 -74190.061   409.939   147.25  125.04
 -73900.538   445.566   123.05   92.30
 -73611.012   460.787    52.57   70.40
 -73321.482   472.975    42.10   52.68
 -73031.949   470.304    -9.23   39.40
 -72742.412   469.308    -3.44   30.28
 -72452.871   472.834    12.18   33.49
 -72163.326   479.811    24.10   45.49
 -71873.778   490.408    36.59   50.06
 -71584.227   500.499    34.85   53.42
 -71294.671   510.024    32.90   53.20
 -71005.113   518.971    30.90   51.89
 -70715.550   523.270    14.85   48.25
 -70425.984   525.458     7.55   45.16
 -70136.414   529.218    12.99   42.26
 -69846.840   536.227    24.20   44.39
 -69557.263   540.851    15.97   48.84
 -69267.682   550.566    33.55   57.12
 -68978.098   560.610    34.68   63.40
 -68688.509   569.697    31.38   68.04
 -68398.917   577.696    27.62   73.17
 -68109.322   578.903     4.17   75.07
 -67819.723   574.938   -13.69   75.90
 -67530.120   574.041    -3.10   76.15
 -67240.513   575.799     6.07   83.27
 -66950.903   585.644    33.99   93.65
 -66661.289   574.358   -38.97   97.50
 -66372.433   566.093   -28.61  102.14
 -66083.601   540.838   -87.44  120.58
 -65794.765   506.617  -118.47  120.90
 -65505.926   479.160   -95.06  120.05
 -65217.083   426.074  -183.79  110.68
 -64928.237   384.023  -145.58  102.70
 -64639.386   346.058  -131.44   97.48
 -64350.533   301.489  -154.29   86.75
 -64061.675   278.347   -80.11   76.50
 -63772.814   245.474  -113.80   54.20
 -63483.949   227.791   -61.22   40.14
 -63195.081   216.265   -39.90   32.44
 -62906.209   212.972   -11.40   33.31
 -62617.333   206.558   -22.20   26.06
 -62328.453   205.838    -2.49   22.69
 -62039.570   201.218   -15.99   24.12
 -61750.683   196.702   -15.63   29.28
 -61461.793   187.593   -31.53   38.18
 -61172.899   178.541   -31.33   43.06
 -60884.001   167.006   -39.93   42.81
 -60595.099   156.303   -37.05   47.20
 -60306.194   142.506   -47.75   50.65
 -60017.285   127.380   -52.36   48.76
 -59728.373   117.110   -35.55   43.54
 -59439.456   116.491    -2.14   44.25
 -59150.536   114.686    -6.25   44.27
 -58861.613   111.685   -10.39   43.68
 -58572.685   110.624    -3.67   41.79
 -58283.755   111.287     2.29   42.63
 -57994.820   103.265   -27.76   39.72
 -57705.881    93.974   -32.15   34.37
 -57416.939    85.791   -28.32   25.36
 -57127.994    79.331   -22.36   18.94
 -56839.044    75.610   -12.88   14.50
 -56550.091    75.341    -0.93   15.66
 -56261.134    72.427   -10.08    7.96
 -55972.174    72.631     0.71    7.81
 -55683.210    73.041     1.42    7.75
 -55394.242    73.107     0.23    7.97
 -55105.270    74.261     4.00    8.34
 -54816.295    76.470     7.64    9.49
 -54527.316    79.141     9.24    9.27
 -54238.333    81.075     6.69    8.18
 -53949.347    82.402     4.59    7.15
 -53660.356    84.691     7.92    7.58
 -53371.363    86.713     7.00   13.03
 -53082.365    86.334    -1.31   14.21
 -52793.364    85.162    -4.06   15.01
 -52504.359    83.254    -6.60   15.18
 -52215.350    81.736    -5.25   15.41
 -51926.338    77.741   -13.82    9.24
 -51637.322    74.386   -11.61    6.58
 -51348.302    72.817    -5.43    6.91
 -51059.278    72.172    -2.23    7.00
 -50770.251    72.973     2.77    8.40
 -50481.220    73.458     1.68    8.85
 -50192.185    74.327     3.01    9.66
 -49903.147    78.058    12.91   11.59
 -49614.104    82.583    15.66   15.47
 -49325.058    90.500    27.39   24.04
 -49036.009    99.795    32.16   30.82
 -48746.955   112.248    43.08   45.32
 -48457.898   121.424    31.75   50.65
 -48168.837   121.696     0.94   46.17
 -47879.773   123.258     5.40   44.41
 -47590.705   116.141   -24.62   28.19
 -47301.633   113.108   -10.49   20.02
 -47012.557   109.992   -10.78   12.86
 -46723.477   107.300    -9.31    8.31
 -46434.394   105.224    -7.18    6.49
 -46145.307   104.834    -1.35    7.20
 -45856.216   105.107     0.94    7.70
 -45567.122   105.374     0.93    7.52
 -45278.023   104.668    -2.44    7.43
 -44988.921   103.386    -4.44    8.07
 -44699.816   103.444     0.20    8.45
 -44410.706   103.828     1.33    8.79
 -44121.593   104.024     0.68    8.71
 -43832.476   103.654    -1.28    8.83
 -43543.355   104.851     4.14   10.05
 -43254.230   106.369     5.25   10.40
 -42965.102   109.241     9.93   10.33
 -42675.970   111.920     9.27   10.53
 -42386.834   113.811     6.54    9.96
 -42097.695   115.472     5.74    8.58
 -41808.551   116.855     4.78    7.61
 -41519.404   117.644     2.73    6.58
 -41230.253   117.424    -0.76    7.23
 -40941.099   117.670     0.85    6.28
 -40651.940   118.472     2.77    5.29
 -40362.778   119.674     4.16    4.18
 -40073.612   120.465     2.73    3.69
 -39784.443   120.532     0.23    4.10
 -39495.269   118.736    -6.21    6.86
 -39206.092   117.363    -4.75    8.61
 -38916.911   114.877    -8.60    9.58
 -38627.726   111.901   -10.29    9.50
 -38338.537   109.641    -7.81    8.30
 -38049.345   108.427    -4.20    7.32
 -37760.149   107.928    -1.72    6.30
 -37470.949   108.674     2.58    4.47
 -37181.745   108.641    -0.12    2.95
 -36892.537   108.662     0.07    2.90
 -36603.326   108.679     0.06    2.24
 -36314.111   108.758     0.27    2.31
 -36024.892   108.990     0.80    2.18
 -35735.669   108.751    -0.83    2.36
 -35446.443   108.702    -0.17    2.20
 -35157.213   108.386    -1.09    2.27
 -34867.979   108.334    -0.18    2.15
 -34578.741   108.438     0.36    2.24
 -34289.499   108.926     1.69    2.44
 -34000.254   109.748     2.84    3.04
 -33711.004   110.973     4.24    3.48
 -33421.751   112.409     4.97    4.47
 -33132.494   113.158     2.59    4.03
 -32843.234   114.025     3.00    4.39
 -32553.969   113.685    -1.17    3.11
 -32264.701   113.558    -0.44    3.30
 -31975.429   113.164    -1.36    3.09
 -31686.153   113.414     0.86    3.09
 -31396.873   113.691     0.96    2.70
 -31107.590   114.107     1.44    2.65
 -30818.302   114.654     1.89    3.05
 -30529.011   114.351    -1.05    3.88
 -30239.716   113.491    -2.97    5.23
 -29950.417   112.059    -4.95    6.85
 -29661.115   109.654    -8.31    8.23
 -29371.808   107.091    -8.86    9.53
 -29082.498   104.924    -7.49    9.28
 -28793.184   103.489    -4.96    8.20
 -28503.866   103.362    -0.44    7.92
 -28214.544   103.558     0.67    7.37
 -27925.218   103.110    -1.55    7.13
 -27635.889   102.174    -3.23    6.81
 -27346.556   101.624    -1.90    6.64
 -27057.219   101.058    -1.96    6.98
 -26767.878   100.662    -1.37    6.58
 -26478.533    99.817    -2.92    6.36
 -26189.184    99.172    -2.23    6.50
 -25899.832    98.920    -0.87    6.88
 -25610.476    98.008    -3.15    7.14
 -25321.116    96.755    -4.33    6.93
 -25031.752    93.312   -11.90   10.26
 -24742.384    87.591   -19.77   14.76
 -24453.012    82.126   -18.89   16.11
 -24163.637    76.380   -19.86   15.83
 -23874.257    72.470   -13.51   14.83
 -23584.874    70.092    -8.22   12.33
 -23295.487    67.708    -8.24   10.21
 -23006.096    67.724     0.05   10.94
 -22716.701    69.073     4.66   12.31
 -22427.303    72.160    10.67   18.33
 -22137.900    76.702    15.70   25.22
 -21848.494    80.898    14.50   26.51
 -21559.084    87.516    22.87   28.77
 -21269.670    92.108    15.86   27.13
 -20980.252    92.218     0.38   24.17
 -20690.830    90.448    -6.12   18.04
 -20401.404    90.755     1.06   12.92
 -20111.975    92.558     6.23   12.60
 -19822.542    97.817    18.17   19.10
 -19533.104   101.959    14.31   19.74
 -19243.663   109.300    25.36   20.28
 -18954.218   115.334    20.85   23.48
 -18664.769   120.575    18.11   27.58
 -18375.317   126.808    21.53   27.71
 -18085.860   131.658    16.76   29.32
 -17796.400   138.593    23.96   30.76
 -17506.935   136.991    -5.53   26.15
 -17217.467   134.309    -9.27   26.68
 -16927.995   133.955    -1.22   26.40
 -16638.519   131.308    -9.14   26.64
 -16349.039   125.908   -18.65   27.57
 -16059.555   118.767   -24.67   26.46
 -15770.068   112.398   -22.00   24.98
 -15480.576   112.224    -0.60   31.73
 -15191.081   111.679    -1.88   33.04
 -14901.581   114.831    10.89   41.55
 -14612.078   113.959    -3.01   42.70
 -14322.571   107.058   -23.84   37.54
 -14033.060    96.821   -35.36   29.66
 -13743.545    85.708   -38.38   25.52
 -13454.026    76.908   -30.40   25.05
 -13164.504    66.651   -35.43   21.36
 -12874.977    58.541   -28.01   15.32
 -12585.446    52.891   -19.51   12.00
 -12295.912    49.144   -12.94    9.51
 -12006.374    46.855    -7.91    6.45
 -11716.832    45.351    -5.19    5.89
 -11427.285    44.336    -3.51    5.29
 -11137.735    43.472    -2.98    4.87
 -10848.181    42.024    -5.00    5.49
 -10558.624    41.127    -3.10    5.32
 -10269.062    40.194    -3.22    5.20
  -9979.496    39.582    -2.11    5.20
  -9689.927    39.110    -1.63    5.84
  -9400.353    39.624     1.78    6.57
  -9110.776    39.455    -0.59    7.14
  -8821.194    39.696     0.83    7.67
  -8531.609    39.139    -1.92    8.43
  -8242.020    38.491    -2.24    8.28
  -7952.427    37.557    -3.22    8.13
  -7662.830    36.077    -5.11    7.85
  -7373.229    34.408    -5.76    6.98
  -7083.624    33.234    -4.05    6.37
  -6794.015    31.412    -6.29    6.25
  -6504.402    30.291    -3.87    7.02
  -6214.786    28.458    -6.33    7.82
  -5925.165    26.685    -6.12    8.01
  -5635.540    24.938    -6.03    7.98
  -5345.912    23.058    -6.49    8.08
  -5056.280    21.295    -6.09    8.80
  -4766.643    19.622    -5.78    8.74
  -4477.003    17.719    -6.57    7.84
  -4187.956    15.955    -6.10    6.79
  -3899.159    13.905    -7.10    6.03
  -3610.359    12.575    -4.60    4.99
  -3321.555    12.205    -1.28    4.29
  -3032.747    11.300    -3.13    4.82
  -2743.935    10.160    -3.95    6.32
  -2455.119     8.955    -4.17    7.07
  -2166.299     7.634    -4.57    7.65
  -1877.475     6.364    -4.40    8.17
  -1588.647     4.891    -5.10    7.89
  -1299.816     3.418    -5.10    7.21
  -1010.980     1.883    -5.31    6.02
   -722.140     0.972    -3.15    4.88
   -433.297     0.205    -2.66    3.67
   -144.450    -0.226    -1.49    2.63
    144.402    -0.664    -1.52    1.22
    433.257    -0.649     0.05    1.25
    722.116     0.174     2.85    3.96
   1010.979     1.988     6.28    5.72
   1299.847     3.615     5.63    6.44
   1588.718     5.741     7.36    6.82
   1877.593     7.893     7.45    6.39
   2166.472    10.441     8.82    4.89
   2455.354    11.866     4.93    3.48
   2744.241    11.708    -0.55    3.04
   3033.132    12.058     1.21    3.11
   3322.027    12.172     0.39    2.98
   3610.925    11.724    -1.55    2.89
   3899.828    11.007    -2.48    2.78
   4188.735    11.575     1.97    3.83
   4477.645    13.386     6.27    5.58
   4766.560    15.824     8.44    7.72
   5055.478    18.956    10.84    9.49
   5344.401    23.735    16.54   11.48
   5633.327    30.329    22.82   12.49
   5922.257    37.506    24.84   13.80
   6211.192    44.910    25.62   15.46
   6500.130    50.465    19.23   14.78
   6789.072    55.631    17.88   12.02
   7078.018    59.938    14.90    9.22
   7366.969    61.024     3.76    8.05
   7655.923    59.506    -5.25   10.19
   7944.881    55.139   -15.11   13.58
   8233.843    48.484   -23.03   15.85
   8522.809    41.144   -25.40   17.62
   8811.779    29.278   -41.06   18.38
   9100.753    20.341   -30.93   17.38
   9389.731    12.874   -25.84   15.29
   9678.713     6.787   -21.07   11.69
   9967.699     3.648   -10.86    8.21
  10256.689     2.891    -2.62    5.97
  10545.683     3.886     3.44    5.65
  10834.681     5.791     6.59    5.23
  11123.683     7.869     7.19    4.23
  11412.689     9.303     4.96    2.83
  11701.699     9.191    -0.39    3.65
  11990.713     8.126    -3.69    4.87
  12279.731     6.334    -6.20    5.71
  12568.753     4.765    -5.43    6.26
  12857.779     2.779    -6.87    6.21
  13146.808     1.208    -5.44    5.57
  13435.842     1.202    -0.02    6.32
  13724.880     3.265     7.14    9.17
  14013.922     6.317    10.56   10.58
  14302.968     8.127     6.26   10.67
  14592.018    10.770     9.14   10.12
  14881.072    13.369     8.99    9.54
  15170.130    15.696     8.05    8.86
  15459.192    16.787     3.77    9.80
  15748.258    16.970     0.63    9.32
  16037.328    18.158     4.11    9.74
  16326.402    18.170     0.04    8.58
  16615.479    17.158    -3.50    7.36
  16904.561    16.124    -3.57    4.39
  17193.647    16.480     1.23    3.96
  17482.738    15.741    -2.55    4.82
  17771.832    14.489    -4.33    5.23
  18060.930    13.589    -3.11    5.23
  18350.032    13.251    -1.17    5.13
  18639.138    12.583    -2.31    5.01
  18928.248    12.549    -0.12    5.25
  19217.362    12.541    -0.03    5.18
  19506.480    12.476    -0.22    5.21
  19795.603    12.741     0.91    5.72
  20084.729    12.926     0.64    5.88
  20373.859    12.634    -1.01    6.08
  20662.993    12.472    -0.56    6.52
  20952.132    11.758    -2.47    6.50
  21241.274    10.903    -2.96    5.88
  21530.421    10.057    -2.92    5.88
  21819.571     8.731    -4.59    5.19
  22108.726     7.455    -4.41    3.97
  22397.884     6.851    -2.09    3.20
  22687.047     6.508    -1.19    2.57
  22976.213     6.385    -0.42    2.29
  23265.384     6.075    -1.07    2.43
  23554.559     6.624     1.90    2.27
  23843.737     7.093     1.62    2.22
  24132.920     7.179     0.30    2.40
  24422.107     7.369     0.66    2.33
  24711.298     7.600     0.80    2.32
  25000.493     7.718     0.41    1.83
  25289.692     7.234    -1.68    2.13
  25578.895     6.458    -2.68    2.57
  25868.102     5.392    -3.69    2.64
  26157.314     5.235    -0.54    2.43
  26446.529     5.141    -0.32    2.52
  26735.748     5.090    -0.18    2.71
  27024.972     5.489     1.38    3.00
  27314.199     6.369     3.04    2.70
  27603.431     7.109     2.56    2.56
  27892.666     7.838     2.52    2.07
  28181.906     8.138     1.04    1.67
  28471.150     7.324    -2.81    3.47
  28760.397     5.438    -6.52    4.96
  29049.649     4.058    -4.77    5.32
  29338.905     2.075    -6.85    5.40
  29628.165     0.484    -5.50    4.85
  29917.429    -0.838    -4.57    4.00
  30206.698    -2.078    -4.28    2.77
  30495.970    -2.511    -1.50    1.98
  30785.246    -2.909    -1.38    0.29
  31074.527    -2.072     2.89    2.72
  31363.811    -0.857     4.20    3.68
  31653.100     0.591     5.01    4.14
  31942.393     1.427     2.89    4.27
  32231.689     1.549     0.42    4.39
  32520.990     1.658     0.37    4.47
  32810.295     2.598     3.25    5.03
  33099.604     3.751     3.98    6.82
  33388.917     5.817     7.14    8.99
  33678.235     8.108     7.92   10.74
  33967.556    12.862    16.43   12.63
  34256.882    16.896    13.94   13.98
  34546.211    19.024     7.36   12.84
  34835.545    20.270     4.31   13.06
  35124.882    20.765     1.71   13.01
  35414.224    19.434    -4.60   11.57
  35703.570    20.974     5.32   11.29
  35992.920    19.989    -3.40    9.81
  36282.275    20.828     2.90    9.42
  36571.633    21.358     1.83    7.99
  36860.995    23.334     6.83    8.15
  37150.362    25.144     6.26    9.89
  37439.732    27.858     9.38   12.12
  37729.107    30.402     8.79   13.90
  38018.486    31.765     4.71   14.46
  38307.869    33.408     5.68   15.10
  38597.256    32.934    -1.64   13.87
  38886.647    33.869     3.23   12.94
  39176.043    33.746    -0.42   11.44
  39465.442    32.941    -2.78   11.38
  39754.846    33.799     2.96   11.32
  40044.253    34.827     3.55   11.12
  40333.665    35.341     1.78    9.91
  40623.081    35.955     2.12    7.36
  40912.501    37.152     4.14    7.14
  41201.925    38.270     3.86    6.67
  41491.354    39.274     3.47    6.58
  41780.786    41.312     7.04    6.82
  42070.223    42.936     5.61    6.07
  42359.664    43.674     2.55    5.55
  42649.109    44.753     3.73    4.61
  42938.558    45.041     1.00    4.54
  43228.011    46.591     5.35    5.16
  43517.468    47.869     4.41    6.37
  43806.930    50.363     8.62    8.25
  44096.395    55.213    16.76   10.99
  44385.865    59.254    13.96   12.43
  44675.339    61.058     6.23   11.82
  44964.817    62.386     4.59   12.52
  45254.299    63.369     3.39   14.32
  45543.786    64.541     4.05   17.96
  45833.276    63.976    -1.95   18.31
  46122.771    61.600    -8.21   16.86
  46412.270    60.758    -2.91   17.68
  46701.773    58.558    -7.60   14.10
  46991.280    57.058    -5.18   13.72
  47280.791    55.893    -4.02   13.13
  47570.306    55.358    -1.85   12.76
  47859.826    53.493    -6.44   12.55
  48149.350    52.269    -4.23   12.99
  48438.878    49.041   -11.15   12.88
  48728.410    46.684    -8.14   12.29
  49017.946    44.944    -6.01   12.06
  49307.487    42.591    -8.13   11.27
  49597.031    40.090    -8.64    8.44
  49886.580    37.282    -9.70    4.83
  50176.133    36.524    -2.62    4.65
  50465.690    35.958    -1.96    4.49
  50755.252    35.334    -2.15    4.08
  51044.817    36.172     2.89    4.37
  51334.387    37.143     3.35    4.89
  51623.961    39.558     8.34    5.93
  51913.539    41.903     8.10    7.14
  52203.121    45.489    12.38    7.35
  52492.708    48.926    11.87    8.01
  52782.298    52.196    11.29    7.61
  53071.893    55.990    13.10    8.37
  53361.492    58.575     8.93    9.19
  53651.095    61.758    10.99    9.87
  53940.703    62.850     3.77    9.60
  54230.314    63.024     0.60    9.20
  54519.930    62.324    -2.42    8.84
  54809.550    62.795     1.63    9.85
  55099.174    62.312    -1.67    9.95
  55388.803    61.441    -3.01   10.06
  55678.435    60.170    -4.39   10.21
  55968.072    58.771    -4.83   10.13
  56257.713    56.871    -6.56   10.85
  56547.358    53.608   -11.27    9.80
  56837.007    50.112   -12.07    7.24
  57126.661    47.880    -7.71    7.14
  57416.319    46.091    -6.18    7.20
  57705.981    44.369    -5.95    6.99
  57995.254    44.282    -0.30    8.50
  58284.017    43.317    -3.34    8.78
  58572.784    43.658     1.18    9.30
  58861.555    42.627    -3.57    8.20
  59150.330    41.467    -4.02    6.63
  59439.110    40.351    -3.86    5.35
  59727.893    39.731    -2.15    3.21
  60016.681    39.731     0.00    3.30
  60305.474    39.858     0.44    3.21
  60594.270    39.762    -0.33    3.16
  60883.070    39.593    -0.59    2.80
  61171.875    39.341    -0.87    2.63
  61460.684    39.024    -1.10    2.54
  61749.497    38.420    -2.09    2.45
  62038.314    38.336    -0.29    2.40
  62327.136    38.374     0.13    2.38
  62615.962    38.799     1.47    2.37
  62904.792    39.392     2.05    3.00
  63193.626    40.458     3.69    3.45
  63482.464    41.444     3.42    3.77
  63771.307    42.751     4.52    3.81
  64060.153    44.074     4.58    3.96
  64349.004    45.205     3.91    3.70
  64637.860    46.575     4.74    3.13
  64926.719    47.006     1.49    3.11
  65215.583    47.508     1.73    3.28
  65504.451    48.886     4.77    3.73
  65793.323    50.943     7.12    5.32
  66082.199    52.758     6.28    7.16
  66371.079    55.920    10.95    9.55
  66659.964    58.558     9.13   12.28
  66948.853    60.782     7.70   11.69
  67237.746    63.336     8.84   12.70
  67526.644    64.558     4.23   12.05
  67815.545    64.774     0.75    9.13
  68104.451    65.162     1.34    7.32
  68393.361    66.821     5.74    6.76
  68682.276    68.238     4.90    6.25
  68971.194    69.074     2.90    6.28
  69260.117    71.057     6.86    6.85
  69549.044    71.791     2.54    6.75
  69837.976    72.474     2.37    7.33
  70126.911    72.058    -1.44    5.81
  70415.851    72.412     1.23    5.18
  70704.795    72.795     1.33    4.62
  70993.743    74.075     4.43    5.20
  71282.696    76.227     7.45    6.33
  71571.652    79.024     9.68    6.90
  71860.613    81.691     9.23    7.81
  72149.579    85.674    13.79    8.82
  72438.548    89.295    12.53    9.76
  72727.522    94.058    16.48   10.71
  73016.500    98.094    13.97   10.66
  73305.482   100.973     9.96   10.10
  73594.469   105.231    14.73   10.45
  73883.460   108.123    10.01   10.30
  74172.455   110.679     8.84    9.25
  74461.454   110.770     0.31   10.00
  74750.458   109.851    -3.18   11.55
  75039.465   107.804    -7.09   13.09
  75328.478   105.460    -8.11   13.10
  75617.494   104.024    -4.97   11.68
  75906.515   102.205    -6.30   10.18
  76195.540   101.392    -2.81    9.26
  76484.569   102.541     3.98    9.06
  76773.602   104.922     8.24    9.35
  77062.640   108.624    12.81    9.75
  77351.682   111.877    11.25    9.77
  77640.728   114.317     8.44   11.59
  77929.779   119.108    16.57   11.76
  78218.834   122.800    12.77   12.09
  78507.893   126.960    14.39   11.46
  78796.956   129.958    10.37   10.54
  79086.024   132.408     8.48    9.97
  79375.096   135.758    11.59   10.27
  79664.172   137.455     5.87   10.47
  79953.253   138.708     4.33   11.20
  80242.338   138.955     0.85   11.27
  80531.427   139.267     1.08   12.08
  80820.520   138.922    -1.19   12.06
  81109.618   138.617    -1.06   12.18
  81398.720   139.282     2.30   12.42
  81687.826   140.662     4.77   11.46
  81976.937   141.891     4.25   10.88
  82266.052   143.358     5.07   10.22
  82555.171   144.654     4.48   10.53
  82844.294   144.804     0.52   10.82
  83133.422   144.144    -2.28   10.81
  83422.554   140.634   -12.14   11.66
  83711.691   135.617   -17.35   13.58
  84000.831   132.191   -11.85   13.34
  84289.976   129.179   -10.42   12.54
  84579.126   126.741    -8.43   10.60
  84868.279   126.821     0.28   10.00
  85157.437   128.508     5.83   10.88
  85446.600   130.697     7.57   11.01
  85735.766   132.736     7.05   11.12
  86024.937   135.448     9.38   10.57
  86314.113   138.441    10.35   11.07
  86603.292   142.308    13.37   12.22
  86892.476   147.972    19.59   15.23
  87181.664   154.320    21.95   16.94
  87470.857   160.608    21.74   16.75
  87760.054   166.058    18.85   14.24
  88049.255   169.346    11.37   12.35
  88338.460   173.317    13.73   11.98
  88627.670   176.451    10.84   11.78
  88916.884   179.312     9.89   10.79
  89206.103   181.566     7.79   10.85
  89495.326   183.869     7.96    9.98
  89784.553   187.888    13.90    9.52
  90073.784   191.303    11.81   10.62
  90363.020   195.458    14.36   10.67
  90652.260   199.158    12.79    9.83
  90941.505   203.339    14.46    7.61
  91230.754   205.420     7.19    5.49
  91520.007   206.227     2.79    4.18
  91809.264   206.320     0.32    2.93
  92098.526   205.154    -4.03    3.78
  92387.793   203.679    -5.10    4.70
  92677.063   201.291    -8.26    4.58
  92966.338   199.834    -5.04    4.53
  93255.617   198.441    -4.82    3.98
  93544.901   196.824    -5.59    3.72
  93834.189   195.598    -4.24    4.52
  94123.482   193.926    -5.78    5.49
  94412.778   192.575    -4.67    6.13
  94702.079   190.291    -7.90    7.15
  94991.385   187.127   -10.94    8.57
  95280.695   183.331   -13.12    9.33
  95570.009   179.499   -13.25    9.44
  95859.327   175.041   -15.41    9.22
  96148.650   170.851   -14.48    8.26
  96437.977   166.743   -14.20    7.55
  96727.309   163.299   -11.90    7.22
  97016.645   160.141   -10.92    7.30
  97305.986   157.460    -9.26    7.70
  97595.330   154.668    -9.65    8.03
  97884.679   152.041    -9.08    7.89
  98174.033   149.508    -8.76    7.56
  98463.391   147.374    -7.37    6.57
  98752.753   146.508    -3.00    6.66
  99042.120   146.110    -1.37    6.45
  99331.491   146.841     2.53    7.89
  99620.866   148.282     4.98    8.16
  99910.246   151.074     9.65    9.02
 100199.630   154.303    11.16    9.33
 100489.019   157.532    11.16    9.30
 100778.412   161.874    15.00    9.24
 101067.809   166.008    14.28    9.78
 101357.211   169.258    11.23    8.72
 101646.617   171.748     8.60    7.87
 101936.027   173.428     5.81    7.47
 102225.442   173.221    -0.71    7.95
 102514.861   171.143    -7.18    8.70
 102804.285   168.782    -8.16    8.69
 103093.713   166.438    -8.10    6.39
 103383.146   166.484     0.16    5.99
 103672.583   167.736     4.33    6.22
 103962.024   170.680    10.17    8.25
 104251.470   174.403    12.86   10.09
 104540.920   179.973    19.24   11.76
 104830.374   186.025    20.91   12.11
 105119.833   192.075    20.90   11.96
 105409.297   197.434    18.52   10.50
 105698.764   201.880    15.36    8.29
 105988.237   204.438     8.83    6.20
 106277.713   206.075     5.66    4.90
 106567.194   207.270     4.13    4.66
 106856.680   207.944     2.33    4.40
 107146.170   207.972     0.10    4.45
 107435.664   206.708    -4.37    6.06
 107725.163   205.482    -4.24    7.65
 108014.666   203.741    -6.01    9.45
 108304.173   202.241    -5.18   10.25
 108593.685   200.406    -6.34   11.18
 108883.202   198.224    -7.54   11.45
 109172.722   195.251   -10.27   11.88
 109462.248   192.685    -8.86   12.68
 109751.777   188.817   -13.36   12.48
 110041.311   184.139   -16.16   12.76
 110330.850   178.855   -18.25   12.35
 110620.393   173.162   -19.66   12.39
 110909.940   169.696   -11.97   11.84
 111199.492   165.905   -13.09   11.06
 111489.049   163.509    -8.28   10.96
 111778.609   161.691    -6.28   10.19
 112068.174   159.648    -7.06   10.22
 112357.744   157.644    -6.92    9.48
 112647.318   156.282    -4.70    9.04
 112936.897   154.824    -5.04    7.69
 113226.480   153.908    -3.17    6.15
 113516.067   153.186    -2.49    4.96
 113805.659   152.731    -1.57    4.45
 114095.255   153.824     3.78    4.68
 114384.856   154.480     2.26    4.57
 114674.461   156.844     8.17    6.01
 114964.071   159.482     9.11    7.13
 115253.685   161.746     7.82    7.71
 115543.304   164.600     9.86    8.48
 115832.927   168.265    12.65    9.39
 116122.554   171.172    10.04   10.15
 116412.186   176.093    16.99   10.27
 116701.823   180.074    13.75   11.24
 116991.464   184.508    15.31   11.33
 117281.109   189.679    17.85   11.01
 117570.759   193.144    11.96   10.75
 117860.414   197.662    15.60   10.46
 118150.072   202.057    15.18   10.83
 118439.736   206.679    15.96   10.45
 118729.403   211.341    16.10   10.23
 119019.076   214.834    12.06    9.52
 119308.752   219.227    15.17    8.38
 119598.434   222.811    12.37    7.71
 119888.119   226.508    12.76    6.62
 120177.651   229.549    10.50    6.28
 120466.380   232.112     8.88    5.81
 120755.113   234.758     9.16    4.93
 121043.850   236.905     7.44    4.44
 121332.592   238.057     3.99    3.52
 121621.338   239.202     3.97    2.89
 121910.089   239.608     1.40    2.54
 122198.844   239.549    -0.20    2.53
 122487.604   239.409    -0.49    2.51
 122776.368   238.474    -3.24    3.03
 123065.136   236.905    -5.43    4.10
 123353.909   234.930    -6.84    5.05
 123642.687   232.939    -6.89    5.05
 123931.469   231.058    -6.51    4.35
 124220.255   230.058    -3.46    3.49
 124509.046   230.196     0.48    3.44
 124797.842   231.074     3.04    4.06
 125086.642   233.006     6.69    4.60
 125375.446   235.674     9.24    4.15
 125664.255   237.420     6.05    4.28
 125953.068   239.414     6.90    4.05
 126241.886   241.428     6.97    4.43
 126530.708   243.674     7.78    4.57
 126819.535   245.713     7.06    4.56
 127108.366   247.462     6.06    4.10
 127397.202   248.804     4.65    3.58
 127686.042   249.958     4.00    3.17
 127974.886   250.928     3.36    3.17
 128263.736   251.476     1.90    3.06
 128552.589   251.558     0.28    2.89
 128841.447   250.974    -2.02    3.08
 129130.310   250.094    -3.05    3.54
 129419.177   249.174    -3.18    4.02
 129708.049   247.724    -5.02    4.34
 129996.925   245.930    -6.21    4.67
 130285.806   244.341    -5.50    4.81
 130574.691   242.362    -6.85    5.63
 130863.580   241.177    -4.10    6.40
 131152.474   238.300    -9.96    7.45
 131441.373   235.189   -10.77    8.44
 131730.276   231.583   -12.48    9.03
 132019.184   226.265   -18.41    9.31
 132308.096   221.782   -15.52    9.79
 132597.013   217.058   -16.35    8.67
 132885.934   214.912    -7.43    7.16
 133174.859   214.758    -0.53    6.84
 133463.790   215.928     4.05    8.04
 133752.724   218.848    10.11   10.03
 134041.663   224.524    19.64   11.48
 134330.607   230.278    19.92   10.52
 134619.555   234.124    13.31    8.55
 134908.508   236.746     9.07    5.92
 135197.466   238.024     4.42    4.11
 135486.427   238.074     0.18    3.71
 135775.394   237.006    -3.70    4.27
 136064.365   235.138    -6.47    4.69
 136353.340   233.558    -5.47    4.63
 136642.320   232.615    -3.26    4.08
 136931.304   232.254    -1.25    3.76
 137220.293   232.179    -0.26    3.72
 137509.287   233.191     3.50    3.70
 137798.285   234.472     4.43    4.06
 138087.288   236.221     6.05    4.32
 138376.295   237.770     5.36    3.73
 138665.306   239.160     4.81    3.66
 138954.323   240.248     3.77    3.86
 139243.343   241.830     5.48    3.81
 139532.369   243.412     5.47    3.78
 139821.398   244.608     4.14    3.47
 140110.433   245.525     3.17    3.33
 140399.472   246.905     4.78    3.20
 140688.515   247.696     2.74    3.02
 140977.563   248.414     2.48    3.49
 141266.616   248.991     2.00    3.86
 141555.673   249.221     0.80    4.31
 141844.735   249.386     0.57    4.63
 142133.801   249.891     1.75    5.29
 142422.872   250.472     2.01    4.84
 142711.947   250.795     1.12    4.48
 143001.027   250.615    -0.62    4.20
 143290.112   250.041    -1.98    3.68
 143579.201   248.958    -3.75    3.87
 143868.294   247.855    -3.82    3.84
 144157.392   246.658    -4.14    3.30
 144446.495   245.610    -3.62    3.06
 144735.602   245.152    -1.58    3.01
 145024.714   244.910    -0.84    3.00
 145313.831   244.465    -1.54    3.13
 145602.952   243.989    -1.64    3.23
 145892.077   242.903    -3.76    3.58
 146181.208   241.844    -3.66    3.54
 146470.342   240.859    -3.41    3.24
 146759.482   239.801    -3.66    2.71
 147048.626   238.990    -2.81    2.06
