-153426.470    97.603     0.00    2.40
-153137.104    97.803     0.69    2.68
-152847.743    97.981     0.61    3.24
-152558.387    98.050     0.24    3.89
-152269.035    97.522    -1.82    3.95
-151979.688    96.778    -2.57    3.73
-151690.345    96.198    -2.00    2.92
-151401.007    95.619    -2.00    2.40
-151111.674    95.564    -0.19    2.43
-150822.345    95.562    -0.01    3.01
-150533.020    95.231    -1.14    3.30
-150243.701    95.336     0.36    3.78
-149954.386    95.384     0.17    4.02
-149665.075    95.308    -0.26    4.33
-149375.769    94.574    -2.54    4.17
-149086.468    93.414    -4.01    4.14
-148797.171    93.063    -1.21    4.18
-148507.878    92.567    -1.71    3.84
-148218.591    91.598    -3.35    3.27
-147929.307    90.911    -2.37    2.31
-147640.029    90.449    -1.60    2.04
-147350.755    89.898    -1.91    2.07
-147061.485    89.368    -1.83    2.18
-146772.220    88.981    -1.34    2.22
-146482.960    88.552    -1.48    2.35
-146193.704    88.348    -0.71    2.32
-145904.453    88.257    -0.31    2.12
-145615.206    88.538     0.97    2.16
-145325.964    88.964     1.47    2.46
-145036.727    89.636     2.32    2.86
-144747.494    90.257     2.15    2.79
-144458.265    91.117     2.97    2.76
-144169.041    91.899     2.71    2.84
-143879.822    92.298     1.38    2.98
-143590.607    92.381     0.29    2.95
-143301.397    92.240    -0.49    2.86
-143012.191    91.929    -1.07    2.81
-142722.990    91.298    -2.18    2.80
-142433.793    90.948    -1.21    2.77
-142144.601    91.029     0.28    2.88
-141855.413    91.377     1.20    2.85
-141566.230    91.981     2.09    3.05
-141277.051    92.402     1.46    2.63
-140987.877    92.440     0.13    2.57
-140698.708    92.540     0.35    2.47
-140409.543    92.764     0.77    3.05
-140120.383    93.201     1.51    3.74
-139831.227    93.895     2.40    4.28
-139542.075    95.243     4.66    5.14
-139252.928    97.033     6.19    5.46
-138963.786    98.358     4.58    5.29
-138674.648    99.374     3.52    4.76
-138385.515   100.188     2.81    4.65
-138096.386   100.946     2.62    4.07
-137807.262   101.705     2.62    3.93
-137518.142   102.489     2.71    4.25
-137229.027   104.136     5.70    4.93
-136939.916   106.248     7.30    5.93
-136650.810   106.981     2.54    5.94
-136361.708   108.774     6.20    6.08
-136072.611   109.309     1.85    5.97
-135783.518   109.659     1.21    5.03
-135494.430   110.336     2.34    4.34
-135205.347   109.892    -1.54    4.03
-134916.267   108.814    -3.73    4.17
-134627.193   107.688    -3.90    3.98
-134338.123   106.870    -2.83    4.38
-134049.057   105.587    -4.44    4.70
-133759.996   104.320    -4.39    5.08
-133470.939   103.286    -3.58    5.71
-133181.887   102.879    -1.41    6.10
-132892.839   103.464     2.02    6.58
-132603.796   104.320     2.96    6.62
-132314.757   105.171     2.95    8.52
-132025.723   106.331     4.01    8.31
-131736.693   108.308     6.84    9.45
-131447.668   108.727     1.45    9.89
-131158.647   109.550     2.85    9.96
-130869.631   110.473     3.19    9.85
-130580.619   111.446     3.37    9.42
-130291.612   111.431    -0.05    9.77
-130002.609   110.291    -3.94    9.64
-129713.610   109.981    -1.07    9.27
-129424.616   108.276    -5.90    9.36
-129135.627   106.748    -5.29    9.05
-128846.642   105.571    -4.07    8.60
-128557.662   104.876    -2.41    7.39
-128268.686   104.550    -1.13    6.42
-127979.714   104.414    -0.47    5.52
-127690.747   104.416     0.01    4.30
-127401.784   104.174    -0.84    3.90
-127112.826   104.257     0.28    3.51
-126823.872   103.698    -1.94    3.60
-126534.923   103.343    -1.23    3.47
-126245.978   102.614    -2.52    3.40
-125957.038   101.598    -3.52    3.74
-125668.102   101.158    -1.52    4.17
-125379.171   100.381    -2.69    4.38
-125090.244    99.332    -3.63    4.03
-124801.321    99.048    -0.98    4.01
-124512.403    98.084    -3.33    3.91
-124223.490    97.178    -3.14    4.04
-123934.581    96.405    -2.68    4.04
-123645.676    95.764    -2.22    4.18
-123356.776    95.308    -1.58    4.08
-123067.880    93.877    -4.95    3.99
-122778.989    92.449    -4.95    3.91
-122490.102    91.431    -3.52    3.55
-122201.219    90.251    -4.09    3.39
-121912.341    89.069    -4.09    3.06
-121623.468    87.946    -3.88    2.62
-121334.598    87.014    -3.23    2.56
-121045.734    86.048    -3.35    2.22
-120756.873    85.473    -1.99    2.39
-120468.018    84.826    -2.24    2.07
-120179.166    84.198    -2.17    1.88
-119890.319    83.550    -2.24    2.02
-119601.476    82.735    -2.82    2.30
-119312.638    82.148    -2.03    2.54
-119023.805    81.531    -2.14    2.37
-118734.975    80.407    -3.89    2.66
-118446.150    79.429    -3.39    2.51
-118157.330    78.181    -4.32    2.77
-117868.514    77.188    -3.44    3.16
-117579.702    76.210    -3.38    3.35
-117290.895    74.930    -4.43    3.34
-117002.092    73.998    -3.23    2.88
-116713.294    73.205    -2.74    2.41
-116424.500    72.209    -3.45    2.10
-116135.710    71.768    -1.53    2.18
-115846.925    71.664    -0.36    2.45
-115558.145    71.965     1.04    2.93
-115269.368    72.602     2.21    3.58
-114980.596    73.326     2.51    3.64
-114691.829    73.748     1.46    3.38
-114403.066    74.084     1.17    3.18
-114114.307    73.850    -0.81    3.29
-113825.553    73.722    -0.44    3.23
-113536.803    72.489    -4.27    3.24
-113248.057    71.912    -2.00    2.87
-112958.811    71.431    -1.66    2.47
-112669.118    72.029     2.06    2.92
-112379.430    73.498     5.07    4.07
-112089.745    75.898     8.29    5.22
-111800.066    77.998     7.25    5.43
-111510.390    79.913     6.61    4.84
-111220.719    81.705     6.19    3.79
-110931.053    83.063     4.69    3.02
-110641.391    83.997     3.23    2.43
-110351.733    84.540     1.87    2.38
-110062.080    84.828     0.99    2.32
-109772.431    85.051     0.77    2.09
-109482.786    85.456     1.40    1.98
-109193.146    85.998     1.87    1.84
-108903.511    86.260     0.90    1.98
-108613.880    86.446     0.65    1.92
-108324.253    86.998     1.91    2.22
-108034.630    87.191     0.66    2.18
-107745.012    87.439     0.86    2.11
-107455.399    87.817     1.31    2.18
-107165.790    88.606     2.72    2.48
-106876.185    89.498     3.08    2.96
-106586.584    90.252     2.60    3.18
-106296.988    91.538     4.44    3.31
-106007.397    92.449     3.14    3.11
-105717.809    93.326     3.03    2.78
-105428.227    94.514     4.10    2.54
-105138.648    95.240     2.50    2.47
-104849.074    96.248     3.48    2.89
-104559.504    97.164     3.17    2.97
-104269.939    97.538     1.29    2.87
-103980.378    98.555     3.51    2.68
-103690.822    99.757     4.15    2.71
-103401.270   100.598     2.90    3.15
-103111.722   101.222     2.16    3.20
-102822.179   101.883     2.28    3.51
-102532.640   102.710     2.86    3.52
-102243.105   103.896     4.10    4.23
-101953.575   104.791     3.09    4.23
-101664.049   106.051     4.35    4.66
-101374.527   107.836     6.16    4.75
-101085.010   109.598     6.09    5.14
-100795.497   112.142     8.79    5.74
-100505.989   115.446    11.41    6.26
-100216.485   119.688    14.65    9.69
 -99926.985   127.252    26.13   16.57
 -99637.490   135.798    29.52   19.31
 -99347.999   142.506    23.17   18.96
 -99058.513   145.722    11.11   17.72
 -98769.030   146.331     2.10   16.88
 -98479.553   143.876    -8.48   17.46
 -98190.079   140.833   -10.51   17.97
 -97900.610   138.358    -8.55   17.73
 -97611.145   135.761    -8.97   17.69
 -97321.685   134.744    -3.51   18.24
 -97032.229   135.464     2.49   18.78
 -96742.777   134.260    -4.16   17.84
 -96453.329   132.791    -5.07   17.07
 -96163.886   129.465   -11.49   15.96
 -95874.448   128.735    -2.52   15.84
 -95585.013   133.913    17.89   21.42
 -95295.583   138.843    17.03   25.08
 -95006.158   150.533    40.39   31.97
 -94716.736   164.850    49.47   33.16
 -94427.319   177.964    45.31   28.79
 -94137.907   188.998    38.13   20.50
 -93848.499   194.584    19.30   13.81
 -93559.095   196.557     6.82    9.78
 -93269.695   191.669   -16.89   16.29
 -92980.300   184.864   -23.52   22.38
 -92690.909   175.142   -33.60   27.42
 -92401.522   165.302   -34.00   28.05
 -92112.140   154.705   -36.62   28.74
 -91822.762   142.642   -41.69   25.99
 -91533.388   132.691   -34.39   20.90
 -91244.019   124.916   -26.87   16.81
 -90954.654   120.033   -16.88   14.87
 -90665.293   115.281   -16.42   10.68
 -90375.936   112.630    -9.16    8.54
 -90086.584   113.681     3.63   11.41
 -89797.237   114.114     1.50   12.93
 -89507.893   115.110     3.44   13.17
 -89218.554   117.264     7.45   13.05
 -88929.219   119.642     8.22   12.61
 -88639.889   120.693     3.63   12.62
 -88350.563   121.291     2.07   12.31
 -88061.241   124.784    12.07   17.14
 -87771.923   128.388    12.46   19.18
 -87482.610   134.395    20.76   23.54
 -87193.301   138.067    12.69   26.06
 -86903.996   145.405    25.36   28.65
 -86614.696   150.497    17.60   27.44
 -86325.400   153.548    10.54   25.11
 -86036.108   154.314     2.65   22.35
 -85746.821   156.981     9.22   20.59
 -85457.537   157.050     0.24   20.63
 -85168.258   156.764    -0.99   20.33
 -84878.984   155.314    -5.01   20.99
 -84589.714   151.868   -11.91   21.81
 -84300.448   146.946   -17.01   21.28
 -84011.186   139.198   -26.79   19.53
 -83721.928   133.332   -20.28   15.98
 -83432.675   132.915    -1.44   17.19
 -83143.426   133.744     2.86   20.14
 -82854.182   136.744    10.37   22.37
 -82564.942   139.320     8.91   23.32
 -82275.706   138.343    -3.38   22.71
 -81986.474   135.637    -9.36   23.68
 -81697.246   128.946   -23.13   21.87
 -81408.023   122.342   -22.84   18.05
 -81118.804   117.374   -17.17   13.77
 -80829.590   113.671   -12.81    9.34
 -80540.379   113.360    -1.07    9.84
 -80251.173   115.895     8.76   13.08
 -79961.971   116.948     3.64   13.54
 -79672.774   117.067     0.41   13.97
 -79383.580   116.831    -0.82   14.89
 -79094.391   116.136    -2.40   15.32
 -78805.207   111.439   -16.24   15.54
 -78516.026   106.604   -16.72   15.46
 -78226.850   102.098   -15.58   15.53
 -77937.678    97.768   -14.97   13.69
 -77648.510    95.802    -6.80   13.32
 -77359.347    94.257    -5.35   11.51
 -77070.188    93.912    -1.19   12.65
 -76781.033    94.803     3.08   13.25
 -76491.882    98.046    11.22   15.56
 -76202.735    99.533     5.14   15.19
 -75913.593   100.631     3.80   14.81
 -75624.455    98.676    -6.76   13.44
 -75335.322    96.164    -8.69   12.63
 -75046.192    92.764   -11.76   12.11
 -74757.067    89.029   -12.92   10.59
 -74467.946    86.574    -8.49    8.05
 -74178.829    86.893     1.10    8.57
 -73889.717    87.591     2.41   10.06
 -73600.608    92.395    16.62   14.25
 -73311.504    95.522    10.82   13.97
 -73022.405    98.540    10.44   13.59
 -72733.309   101.498    10.23   12.64
 -72444.218   103.929     8.41   13.73
 -72155.131   105.567     5.67   15.53
 -71866.048   106.933     4.72   15.82
 -71576.969   107.648     2.47   15.50
 -71287.895   109.433     6.17   14.62
 -70998.824   113.577    14.34   11.80
 -70709.759   113.740     0.56   10.23
 -70420.697   112.489    -4.32   10.08
 -70131.639   111.781    -2.45    9.56
 -69842.586   109.112    -9.23   10.46
 -69553.537   106.843    -7.85   10.35
 -69264.492   105.114    -5.98   11.48
 -68975.451   104.757    -1.24   11.35
 -68686.415   104.751    -0.02   11.69
 -68397.383   103.850    -3.12   12.05
 -68108.355   102.231    -5.60   11.87
 -67819.331   100.231    -6.92   11.73
 -67530.311    98.653    -5.46   11.25
 -67241.296    95.764   -10.00   10.36
 -66952.285    94.705    -3.66    9.28
 -66663.278    93.416    -4.46    9.85
 -66374.275    92.571    -2.93   10.39
 -66085.277    91.015    -5.39   10.30
 -65796.282    89.153    -6.44   10.34
 -65507.292    86.191   -10.25   10.00
 -65218.306    82.719   -12.02    9.68
 -64929.324    79.913    -9.71    9.41
 -64640.347    77.653    -7.82    8.33
 -64351.374    76.879    -2.68    9.09
 -64062.404    76.033    -2.93    8.72
 -63773.439    76.850     2.83    9.75
 -63484.479    74.828    -7.00    9.39
 -63195.522    73.604    -4.24    9.06
 -62906.570    71.636    -6.81    7.39
 -62617.621    70.693    -3.26    7.18
 -62328.677    69.252    -4.99    5.87
 -62039.737    67.686    -5.42    4.09
 -61750.802    67.309    -1.30    3.65
 -61461.870    67.964     2.27    4.34
 -61172.943    71.264    11.42    7.82
 -60884.020    74.264    10.38    9.75
 -60595.101    77.964    12.81   11.47
 -60306.186    82.320    15.08   11.36
 -60017.275    85.358    10.52    9.63
 -59728.369    87.850     8.63    7.01
 -59439.467    89.550     5.88    3.99
 -59150.569    89.014    -1.85    3.93
 -58861.675    87.205    -6.26    3.96
 -58572.785    85.128    -7.19    4.54
 -58283.899    83.381    -6.05    5.05
 -57995.018    82.314    -3.69    4.89
 -57706.141    81.257    -3.66    4.69
 -57417.267    81.051    -0.71    4.28
 -57128.398    81.131     0.28    3.86
 -56839.534    81.498     1.27    3.18
 -56550.673    81.914     1.44    2.83
 -56261.816    81.964     0.17    2.85
 -55972.964    81.291    -2.33    2.66
 -55684.116    80.912    -1.31    2.41
 -55395.272    80.388    -1.82    2.49
 -55106.432    79.981    -1.41    2.27
 -54817.596    79.550    -1.49    2.10
 -54528.765    79.422    -0.44    1.87
 -54239.937    79.249    -0.60    1.93
 -53951.114    78.913    -1.16    1.97
 -53662.295    78.739    -0.60    1.91
 -53373.480    78.614    -0.43    1.95
 -53084.669    78.489    -0.43    2.13
 -52795.862    78.086    -1.40    2.12
 -52507.060    77.864    -0.77    2.27
 -52218.261    77.584    -0.97    2.24
 -51929.467    77.239    -1.20    2.22
 -51640.677    76.817    -1.46    1.95
 -51351.891    76.581    -0.82    2.05
 -51063.109    76.320    -0.90    2.21
 -50774.113    75.700    -2.14    2.30
 -50484.446    75.235    -1.61    2.56
 -50194.783    74.625    -2.11    2.69
 -49905.125    73.755    -3.00    2.91
 -49615.471    72.648    -3.82    2.90
 -49325.821    71.791    -2.96    2.95
 -49036.175    71.269    -1.80    2.94
 -48746.533    70.308    -3.32    2.89
 -48456.895    69.407    -3.11    2.78
 -48167.262    68.446    -3.32    2.44
 -47877.632    67.619    -2.86    2.76
 -47588.007    66.998    -2.14    2.89
 -47298.386    66.883    -0.40    2.74
 -47008.769    66.529    -1.22    2.81
 -46719.156    66.171    -1.24    2.88
 -46429.547    65.631    -1.86    3.11
 -46139.943    64.895    -2.54    3.35
 -45850.342    63.964    -3.21    3.47
 -45560.746    62.731    -4.26    3.84
 -45271.154    60.930    -6.22    3.94
 -44981.566    59.223    -5.90    3.93
 -44691.982    58.156    -3.68    3.63
 -44402.402    56.731    -4.92    3.86
 -44112.827    55.642    -3.76    4.07
 -43823.255    53.949    -5.85    4.30
 -43533.688    52.748    -4.15    3.66
 -43244.124    51.998    -2.59    3.90
 -42954.565    50.964    -3.57    4.21
 -42665.010    50.188    -2.68    4.23
 -42375.459    49.981    -0.71    4.08
 -42085.912    49.828    -0.53    4.14
 -41796.370    49.142    -2.37    4.39
 -41506.831    47.761    -4.77    4.78
 -41217.297    46.429    -4.60    5.22
 -40927.766    45.981    -1.55    5.52
 -40638.240    45.584    -1.37    5.59
 -40348.718    44.948    -2.20    5.31
 -40059.200    44.360    -2.03    4.87
 -39769.686    44.913     1.91    5.31
 -39480.176    45.445     1.84    4.90
 -39190.670    45.898     1.56    4.80
 -38901.169    47.187     4.45    4.49
 -38611.671    47.898     2.45    4.22
 -38322.178    48.631     2.53    3.98
 -38032.688    49.360     2.52    3.27
 -37743.203    50.371     3.49    2.68
 -37453.722    50.947     1.99    2.46
 -37164.245    50.965     0.06    2.36
 -36874.772    50.594    -1.28    2.54
 -36585.303    50.291    -1.05    2.52
 -36295.838    49.881    -1.42    2.63
 -36006.378    49.338    -1.88    2.93
 -35716.921    48.433    -3.13    2.84
 -35427.469    47.930    -1.74    2.84
 -35138.020    46.965    -3.34    2.79
 -34848.576    46.291    -2.33    2.84
 -34559.136    45.841    -1.56    2.82
 -34269.699    45.531    -1.07    2.83
 -33980.267    44.912    -2.14    2.94
 -33690.839    44.506    -1.40    2.94
 -33401.415    43.964    -1.87    2.63
 -33111.995    43.860    -0.36    2.65
 -32822.580    43.222    -2.20    2.65
 -32533.168    42.948    -0.95    2.44
 -32243.760    42.669    -0.96    2.21
 -31954.356    42.395    -0.95    2.23
 -31664.957    42.472     0.27    2.47
 -31375.561    41.963    -1.76    2.68
 -31086.170    41.710    -0.88    2.70
 -30796.783    40.513    -4.13    3.24
 -30507.399    39.748    -2.65    3.22
 -30218.020    38.702    -3.61    3.38
 -29928.645    37.525    -4.07    3.14
 -29639.274    36.264    -4.36    2.91
 -29349.907    35.515    -2.59    2.86
 -29060.544    35.207    -1.07    2.86
 -28771.185    34.814    -1.36    3.00
 -28481.830    35.331     1.79    3.75
 -28192.479    35.464     0.46    4.31
 -27903.132    35.630     0.57    4.33
 -27613.789    35.456    -0.60    4.20
 -27324.451    34.914    -1.87    3.54
 -27035.116    35.191     0.96    3.57
 -26745.785    35.015    -0.61    3.25
 -26456.459    34.291    -2.50    3.42
 -26167.136    33.764    -1.82    3.41
 -25877.818    33.119    -2.23    3.31
 -25588.503    32.538    -2.01    3.78
 -25299.193    31.377    -4.01    4.40
 -25009.886    30.257    -3.87    5.16
 -24720.584    28.705    -5.36    5.08
 -24431.286    26.325    -8.23    4.79
 -24141.991    24.342    -6.86    4.22
 -23852.701    22.808    -5.30    3.94
 -23563.415    21.781    -3.55    3.56
 -23274.133    20.981    -2.77    3.23
 -22984.854    20.184    -2.75    3.03
 -22695.580    19.464    -2.49    3.11
 -22406.310    18.845    -2.14    3.20
 -22117.044    18.384    -1.59    3.18
 -21827.782    17.472    -3.15    3.11
 -21538.524    16.531    -3.25    2.88
 -21249.270    15.856    -2.33    2.90
 -20960.020    14.916    -3.25    2.75
 -20670.774    14.148    -2.66    2.89
 -20381.532    13.131    -3.51    2.71
 -20092.294    12.136    -3.44    2.48
 -19803.059    11.171    -3.34    1.84
 -19513.829    10.964    -0.71    1.78
 -19224.603    10.811    -0.53    1.69
 -18935.381    11.030     0.76    1.94
 -18646.164    11.032     0.01    1.97
 -18356.950    11.308     0.96    1.90
 -18067.740    11.274    -0.12    1.68
 -17778.534    11.274     0.00    1.50
 -17489.332    11.407     0.46    1.30
 -17200.134    11.205    -0.70    1.43
 -16910.940    11.201    -0.01    1.45
 -16621.750    10.999    -0.70    1.61
 -16332.564    10.631    -1.27    1.71
 -16043.382    10.320    -1.08    1.83
 -15754.204    10.015    -1.05    1.75
 -15465.029     9.817    -0.68    1.64
 -15175.859     9.731    -0.30    1.86
 -14886.693     9.693    -0.13    2.16
 -14597.531     9.614    -0.27    2.20
 -14308.373     9.578    -0.13    2.13
 -14019.219     9.552    -0.09    2.05
 -13730.069     9.608     0.19    2.06
 -13440.923     9.298    -1.07    2.04
 -13151.781     9.284    -0.05    1.48
 -12862.642     9.336     0.18    1.54
 -12573.508     9.514     0.62    1.55
 -12284.378     9.424    -0.31    1.58
 -11995.252     9.439     0.05    1.56
 -11706.129     9.677     0.83    1.44
 -11417.011     9.831     0.53    1.70
 -11127.897     9.912     0.28    1.93
 -10838.786    10.063     0.52    1.79
 -10549.680    10.136     0.25    1.85
 -10260.577    10.257     0.42    1.93
  -9971.479    10.308     0.18    1.88
  -9682.384    10.048    -0.90    1.85
  -9393.294    10.063     0.05    1.58
  -9104.207    10.015    -0.16    1.62
  -8815.125    10.048     0.11    1.61
  -8526.046    10.174     0.44    1.74
  -8236.971    10.602     1.48    2.05
  -7947.900    10.848     0.85    2.55
  -7658.833    10.964     0.40    2.68
  -7369.771    11.094     0.45    2.53
  -7080.712    11.088    -0.02    2.64
  -6791.657    10.681    -1.41    2.71
  -6502.606    10.490    -0.66    2.74
  -6213.559     9.949    -1.87    2.06
  -5924.515    10.231     0.98    1.97
  -5635.476    10.098    -0.46    1.93
  -5346.441    10.252     0.53    2.11
  -5057.410    10.171    -0.28    2.09
  -4768.382    10.131    -0.14    2.15
  -4479.359    10.274     0.50    1.84
  -4190.339    10.156    -0.41    1.92
  -3901.324    10.298     0.49    2.01
  -3612.312    10.429     0.46    2.19
  -3323.304    10.930     1.73    2.20
  -3034.300    10.222    -2.45    3.55
  -2745.301     9.276    -3.27    4.54
  -2456.305     8.602    -2.33    4.92
  -2167.313     7.981    -2.15    5.09
  -1878.324     7.843    -0.48    5.06
  -1589.340     7.354    -1.69    5.08
  -1300.360     6.271    -3.75    5.32
  -1011.384     6.031    -0.83    5.50
   -722.411     4.784    -4.31    5.57
   -433.443     2.823    -6.79    4.87
   -144.478     2.222    -2.08    5.19
    144.482     3.032     2.80    6.41
    433.439     5.548     8.71    7.78
    722.392     8.587    10.52    8.51
   1011.341    11.205     9.06    7.95
   1300.286    14.114    10.07    6.19
   1589.227    15.360     4.31    4.36
   1878.164    15.803     1.53    2.91
   2167.097    15.448    -1.23    2.09
   2456.027    15.364    -0.29    1.92
   2744.952    15.364     0.00    1.69
   3033.874    15.084    -0.97    1.41
   3322.792    14.731    -1.22    1.45
   3611.705    14.343    -1.34    1.31
   3900.615    14.320    -0.08    1.34
   4189.521    14.748     1.48    1.60
   4478.423    15.049     1.04    1.90
   4767.321    15.481     1.50    2.09
   5056.216    16.427     3.28    2.48
   5345.106    17.514     3.76    2.35
   5633.993    17.698     0.63    3.02
   5922.875    17.899     0.70    3.80
   6211.754    17.964     0.23    4.31
   6500.629    18.343     1.31    4.89
   6789.500    18.440     0.34    5.19
   7078.367    19.464     3.54    5.34
   7367.230    20.194     2.53    5.26
   7656.090    21.757     5.41    4.67
   7944.945    22.808     3.64    4.18
   8233.797    23.269     1.59    3.61
   8522.644    22.784    -1.68    3.70
   8811.488    21.820    -3.34    3.81
   9100.328    21.136    -2.37    4.14
   9389.164    20.398    -2.56    3.74
   9677.996    20.395    -0.01    3.69
   9966.825    20.913     1.79    4.65
  10255.649    22.083     4.05    5.35
  10544.470    23.252     4.05    4.98
  10833.286    24.260     3.49    3.93
  11122.099    25.209     3.29    3.34
  11410.908    25.698     1.69    3.48
  11700.521    25.104    -2.05    3.66
  11990.162    24.174    -3.21    3.56
  12279.799    23.814    -1.24    3.58
  12569.433    23.331    -1.67    3.71
  12859.062    23.429     0.34    3.84
  13148.688    23.877     1.55    4.26
  13438.310    24.831     3.29    4.17
  13727.927    25.464     2.19    3.86
  14017.542    25.691     0.78    3.55
  14307.152    25.862     0.59    3.60
  14596.758    25.619    -0.84    3.58
  14886.360    25.205    -1.43    3.32
  15175.959    25.446     0.83    3.28
  15465.554    25.719     0.94    2.98
  15755.144    25.826     0.37    3.14
  16044.731    26.184     1.24    3.23
  16334.314    26.481     1.02    3.42
  16623.894    27.014     1.84    3.24
  16913.469    27.552     1.86    3.44
  17203.041    28.286     2.53    3.62
  17492.608    28.998     2.46    3.73
  17782.172    29.412     1.43    3.94
  18071.732    30.083     2.32    4.00
  18361.288    31.117     3.57    4.04
  18650.840    32.214     3.79    4.00
  18940.389    32.784     1.97    3.93
  19229.933    33.455     2.32    3.20
  19519.474    33.981     1.82    3.22
  19809.011    34.945     3.33    3.68
  20098.544    35.723     2.69    3.82
  20388.073    36.431     2.45    4.19
  20677.598    37.614     4.09    4.31
  20967.119    39.171     5.38    4.18
  21256.637    40.171     3.45    4.11
  21546.151    41.448     4.41    3.72
  21835.661    42.862     4.89    4.14
  22125.167    44.126     4.37    3.79
  22414.669    45.083     3.30    3.83
  22704.167    46.395     4.53    3.52
  22993.662    47.377     3.39    4.03
  23283.153    48.757     4.76    4.46
  23572.640    49.686     3.21    4.47
  23862.123    50.860     4.06    4.86
  24151.602    52.354     5.16    4.65
  24441.078    52.606     0.87    4.68
  24730.549    53.998     4.81    5.38
  25020.017    54.727     2.52    6.48
  25309.481    57.862    10.83   14.69
  25598.941    59.314     5.02   19.07
  25888.398    62.244    10.12   23.47
  26177.850    62.405     0.55   24.14
  26467.299    64.455     7.09   28.14
  26756.744    68.915    15.41   36.59
  27046.185    72.352    11.87   40.81
  27335.622    72.227    -0.43   42.91
  27625.055    67.798   -15.30   44.21
  27914.485    58.695   -31.45   42.07
  28203.911    53.739   -17.12   40.58
  28493.333    43.681   -34.75   30.61
  28782.751    35.614   -27.87   13.09
  29072.166    32.205   -11.78    3.66
  29361.576    31.472    -2.53    2.20
  29650.983    31.498     0.09    2.12
  29940.386    31.429    -0.24    1.90
  30229.785    32.114     2.37    3.05
  30519.181    32.548     1.50    3.24
  30808.572    34.050     5.19    6.83
  31097.960    35.119     3.69   10.06
  31387.344    37.429     7.98   13.92
  31676.725    44.046    22.87   27.59
  31966.101    48.998    17.11   31.11
  32255.474    53.930    17.04   32.76
  32544.843    53.052    -3.03   32.16
  32834.208    50.448    -9.00   31.82
  33123.569    47.110   -11.53   31.23
  33412.927    42.514   -15.88   30.58
  33702.280    33.735   -30.34   13.22
  33991.630    31.624    -7.30   10.31
  34280.977    29.320    -7.96    2.19
  34570.319    28.727    -2.05    1.99
  34859.658    27.884    -2.91    2.93
  35148.992    27.174    -2.45    3.24
  35438.324    26.153    -3.53    3.52
  35727.651    24.681    -5.09    3.58
  36016.974    23.784    -3.10    3.67
  36306.294    23.013    -2.67    3.44
  36595.610    22.914    -0.34    3.56
  36884.923    22.564    -1.21    3.55
  37174.231    22.843     0.96    3.73
  37463.536    23.374     1.83    3.76
  37752.837    22.648    -2.51    4.79
  38042.134    21.481    -4.03    5.28
  38331.427    20.309    -4.05    5.14
  38620.717    19.222    -3.76    4.33
  38910.003    17.757    -5.07    3.34
  39199.285    17.308    -1.55    2.25
  39488.563    18.498     4.11    3.19
  39777.838    19.702     4.16    3.62
  40067.109    21.757     7.10    5.69
  40356.376    24.381     9.07    7.13
  40645.640    25.713     4.61    7.35
  40934.899    26.222     1.76    6.87
  41224.155    25.264    -3.31    6.38
  41513.407    23.899    -4.72    4.66
  41802.656    24.900     3.46    7.58
  42091.900    26.677     6.14   10.88
  42381.141    33.614    23.98   24.01
  42670.379    43.446    33.99   39.44
  42959.612    51.362    27.37   52.77
  43248.842    54.287    10.11   53.61
  43538.068    56.681     8.28   58.00
  43827.290    53.133   -12.27   54.66
  44116.509    44.683   -29.22   47.07
  44405.723    32.848   -40.92   24.36
  44694.934    27.083   -19.93   10.91
  44984.142    25.029    -7.10    3.13
  45273.345    24.798    -0.80    2.80
  45562.545    24.909     0.39    3.07
  45851.741    25.557     2.24    5.30
  46140.934    25.464    -0.32    5.58
  46430.123    25.784     1.11    5.89
  46719.308    25.946     0.56    6.04
  47008.489    25.102    -2.92    5.91
  47297.666    24.291    -2.80    3.80
  47586.840    23.964    -1.13    3.35
  47876.010    23.948    -0.05    3.28
  48165.177    23.625    -1.12    3.44
  48454.339    22.714    -3.15    3.36
  48743.498    22.262    -1.57    3.27
  49032.654    21.860    -1.39    3.11
  49321.805    21.064    -2.75    2.92
  49610.953    20.514    -1.90    2.56
  49900.097    20.271    -0.84    2.31
  50189.238    20.070    -0.70    2.22
  50478.374    20.281     0.73    2.32
  50767.507    20.227    -0.19    2.39
  51056.637    20.598     1.28    2.83
  51345.762    21.538     3.25    3.35
  51634.884    22.184     2.23    3.46
  51924.003    22.574     1.35    3.31
  52213.117    22.814     0.83    3.07
  52502.228    22.964     0.52    3.17
  52791.335    23.343     1.31    2.74
  53080.439    23.092    -0.87    2.85
  53369.539    23.081    -0.04    2.79
  53658.635    23.584     1.74    2.63
  53947.727    23.506    -0.27    2.75
  54236.816    23.257    -0.86    2.65
  54525.901    22.850    -1.41    2.60
  54814.982    22.791    -0.20    2.84
  55104.060    22.448    -1.19    2.66
  55393.134    22.084    -1.26    2.45
  55682.204    21.826    -0.89    2.26
  55971.271    22.368     1.88    2.32
  56260.334    22.948     2.00    2.36
  56549.393    23.303     1.23    2.71
  56838.449    24.262     3.31    2.98
  57127.501    25.015     2.61    2.75
  57416.549    25.081     0.23    2.68
  57705.594    24.896    -0.64    2.79
  57994.635    24.801    -0.33    2.76
  58283.672    24.102    -2.42    3.18
  58572.706    23.354    -2.59    2.57
  58861.736    22.665    -2.38    2.51
  59150.762    21.814    -2.94    2.60
  59439.784    21.587    -0.78    2.92
  59728.803    21.748     0.55    3.19
  60017.819    22.781     3.58    3.87
  60306.830    23.388     2.10    4.06
  60595.838    23.472     0.29    4.04
  60884.843    23.412    -0.21    4.02
  61173.843    22.866    -1.89    4.04
  61462.840    22.292    -1.99    3.78
  61751.834    21.481    -2.81    3.35
  62040.824    20.896    -2.02    2.89
  62329.810    21.499     2.09    3.52
  62618.792    22.178     2.35    3.50
  62907.771    22.710     1.84    3.25
  63196.746    23.281     1.98    2.74
  63485.718    23.464     0.63    2.43
  63774.686    23.642     0.62    2.41
  64063.650    23.981     1.17    2.48
  64352.610    24.102     0.42    2.89
  64641.567    25.264     4.02    4.12
  64930.521    26.557     4.47    5.31
  65219.470    29.515    10.24    8.31
  65508.416    31.740     7.70   10.98
  65797.359    35.252    12.16   19.43
  66086.298    40.424    17.90   29.67
  66375.233    42.964     8.79   32.54
  66664.164    48.464    19.04   48.44
  66953.092    42.820   -19.53   37.33
  67242.017    42.584    -0.82   38.18
  67530.937    35.110   -25.87   24.08
  67819.854    29.931   -17.93   11.22
  68108.768    28.110    -6.30    6.71
  68397.678    26.767    -4.65    4.13
  68686.584    26.098    -2.32    3.26
  68975.486    24.981    -3.87    3.44
  69264.385    25.092     0.38    3.55
  69553.281    25.292     0.69    3.36
  69842.173    25.914     2.15    3.56
  70131.061    26.574     2.28    4.53
  70419.945    26.427    -0.51    4.48
  70708.826    26.538     0.38    4.13
  70997.703    26.710     0.59    4.07
  71286.577    25.679    -3.57    4.25
  71575.447    24.731    -3.28    3.92
  71864.314    24.249    -1.67    3.98
  72153.177    24.117    -0.46    4.15
  72442.036    23.602    -1.78    3.79
  72730.892    23.538    -0.22    4.23
  73019.744    23.119    -1.45    4.26
  73308.592    22.602    -1.79    4.51
  73597.437    22.136    -1.61    4.39
  73886.809    21.308    -2.86    3.34
  74176.425    21.464     0.54    3.13
  74466.037    21.981     1.78    3.22
  74755.645    22.581     2.07    3.16
  75045.250    23.946     4.71    3.95
  75334.852    25.377     4.94    3.98
  75624.449    26.448     3.70    3.96
  75914.044    26.814     1.27    3.78
  76203.634    26.642    -0.59    4.04
  76493.221    26.534    -0.37    4.14
  76782.804    26.364    -0.59    4.56
  77072.384    25.314    -3.63    4.13
  77361.960    24.948    -1.26    4.05
  77651.533    24.407    -1.87    4.02
  77941.102    23.584    -2.84    3.05
  78230.667    23.727     0.49    3.08
  78520.229    24.412     2.37    2.72
  78809.787    24.898     1.68    2.94
  79099.342    25.914     3.51    3.42
  79388.893    29.529    12.48   16.46
  79678.440    38.698    31.66   37.55
  79967.984    51.017    42.55   57.71
  80257.524    60.744    33.59   66.72
  80547.061    63.326     8.92   66.93
  80836.594    66.719    11.72   69.17
  81126.123    62.930   -13.08   67.88
  81415.649    44.740   -62.83   42.91
  81705.171    34.119   -36.68   15.07
  81994.690    30.584   -12.21    2.97
  82284.205    31.264     2.35    3.39
  82573.717    32.574     4.52    4.11
  82863.225    34.198     5.61    5.03
  83152.729    35.876     5.80    5.15
  83442.230    38.188     7.99    5.17
  83731.728    39.848     5.73    4.29
  84021.221    40.930     3.74    3.72
  84310.711    41.915     3.40    3.07
  84600.198    41.874    -0.14    3.16
  84889.681    41.659    -0.74    3.37
  85179.161    41.136    -1.81    3.53
  85468.637    40.506    -2.18    4.08
  85758.109    41.194     2.38    4.39
  86047.578    43.188     6.89    6.26
  86337.043    50.659    25.81   21.46
  86626.505    75.557    86.01   60.81
  86915.963   109.981   118.92   97.27
  87205.417   166.381   194.85  128.39
  87494.868   215.096   168.30  142.05
  87784.316   269.964   189.56  139.52
  88073.760   316.332   160.19  124.22
  88363.200   331.032    50.79  115.93
  88652.637   333.395     8.16  116.03
  88942.070   303.391  -103.66  130.09
  89231.500   264.964  -132.76  142.13
  89520.926   207.049  -200.10  142.42
  89810.349   164.860  -145.76  135.46
  90099.768   128.437  -125.85  112.17
  90389.184   102.227   -90.56   85.01
  90678.596    88.248   -48.30   66.55
  90968.004    76.594   -40.27   56.39
  91257.409    78.291     5.87   60.13
  91546.811    84.274    20.67   60.19
  91836.209    84.081    -0.67   57.32
  92125.603    79.608   -15.46   51.89
  92414.994    76.231   -11.67   42.79
  92704.381    73.171   -10.58   32.37
  92993.765    70.757    -8.34   26.48
  93283.146    71.722     3.34   24.84
  93572.522    75.686    13.70   25.02
  93861.896    81.391    19.71   29.17
  94151.265    87.860    22.36   32.54
  94440.632    88.845     3.40   33.21
  94729.994    91.808    10.24   34.41
  95019.353    92.014     0.71   37.95
  95308.709    95.864    13.31   42.06
  95598.061   100.358    15.53   43.49
  95887.410    97.620    -9.46   44.51
  96176.755    97.860     0.83   45.28
  96466.097    98.914     3.64   45.84
  96755.435    96.033    -9.96   46.37
  97044.769    93.866    -7.49   44.52
  97334.100    87.693   -21.34   44.01
  97623.428    84.781   -10.06   42.33
  97912.752    80.084   -16.23   38.97
  98202.073    77.648    -8.42   37.93
  98491.390    74.481   -10.95   34.87
  98780.703    66.781   -26.61   31.11
  99070.014    62.161   -15.97   30.48
  99359.320    65.184    10.45   32.11
  99648.623    80.481    52.87   51.69
  99937.923   116.309   123.84  106.11
 100227.219   173.895   199.05  155.03
 100516.512   258.374   292.01  201.30
 100805.801   365.429   370.05  228.81
 101095.086   471.998   368.38  204.30
 101384.369   522.218   173.60  164.14
 101673.647   541.522    66.73  137.43
 101962.922   518.723   -78.81  150.72
 102252.194   471.050  -164.80  165.83
 102541.462   422.014  -169.51  159.86
 102830.727   383.841  -131.96  139.83
 103119.989   396.066    42.26  158.46
 103409.246   423.591    95.16  165.26
 103698.501   455.281   109.55  162.46
 103987.751   505.669   174.20  143.55
 104276.999   535.472   103.03  113.42
 104566.243   539.498    13.92   81.20
 104855.483   500.171  -135.96  117.04
 105144.720   448.424  -178.90  148.23
 105433.954   378.298  -242.45  178.32
 105723.184   297.625  -278.92  166.84
 106012.410   226.826  -244.78  123.77
 106301.633   167.893  -203.76   80.08
 106590.853   142.948   -86.25   63.10
 106880.069   125.481   -60.39   53.46
 107169.282   115.594   -34.19   37.58
 107458.491   115.252    -1.18   36.28
 107747.697   121.412    21.30   46.45
 108036.899   133.598    42.13   64.34
 108326.098   145.740    41.98   76.84
 108615.294   177.358   109.33  117.82
 108904.486   192.274    51.58  129.38
 109193.674   201.964    33.51  133.39
 109482.859   201.826    -0.48  125.20
 109772.041   193.731   -27.99  113.23
 110061.219   178.194   -53.73   90.00
 110350.394   160.929   -59.70   68.42
 110639.565   154.931   -20.74   56.67
 110928.733   162.102    24.80   70.10
 111217.898   175.412    46.03   81.08
 111507.059   209.899   119.26  106.35
 111796.216   239.231   101.44  115.68
 112085.370   256.723    60.49  117.92
 112374.521   277.820    72.96  123.76
 112663.668   302.464    85.23  127.68
 112952.812   323.332    72.17  136.13
 113241.953   355.126   109.96  144.71
 113531.090   386.431   108.27  145.17
 113820.223   427.614   142.43  134.35
 114109.353   473.337   158.13  104.25
 114398.480   490.308    58.70   83.19
 114687.603   508.864    64.18   55.18
 114976.723   514.066    17.99   41.03
 115265.839   509.707   -15.08   48.71
 115554.952   501.540   -28.25   55.66
 115844.062   502.016     1.65   58.65
 116133.168   504.133     7.32   60.72
 116422.271   508.636    15.57   62.34
 116711.370   518.440    33.91   63.67
 117000.466   519.240     2.77   63.82
 117289.559   517.481    -6.08   55.19
 117578.648   509.981   -25.94   46.47
 117867.733   504.896   -17.59   37.06
 118156.816   511.062    21.33   38.33
 118445.894   514.998    13.62   41.81
 118734.970   523.801    30.45   46.65
 119024.042   527.136    11.54   45.07
 119313.111   530.998    13.36   40.45
 119602.176   535.448    15.39   34.51
 119891.238   539.348    13.49   35.10
 120180.296   538.342    -3.48   32.74
 120469.351   536.567    -6.14   31.59
 120758.403   538.214     5.70   33.43
 121047.451   537.757    -1.58   30.36
 121336.496   537.631    -0.44   30.35
 121625.537   541.342    12.84   32.99
 121914.576   544.405    10.60   33.26
 122203.610   557.557    45.50   40.31
 122492.642   568.648    38.37   46.98
 122781.669   582.498    47.92   49.58
 123070.694   599.136    57.57   52.30
 123359.715   606.014    23.80   49.49
 123648.733   611.064    17.47   43.90
 123937.747   613.946     9.97   37.34
 124226.758   611.811    -7.38   32.29
 124515.766   603.671   -28.17   30.60
 124804.770   594.231   -32.66   30.46
 125093.771   588.214   -20.82   27.73
 125382.769   583.133   -17.58   23.13
 125671.763   581.826    -4.52   21.04
 125960.753   579.498    -8.05   17.02
 126249.741   581.424     6.66   19.48
 126538.725   585.731    14.90   22.63
 126827.705   591.449    19.79   24.18
 127116.683   593.770     8.03   23.66
 127405.657   594.998     4.25   24.41
 127694.627   596.257     4.36   25.95
 127983.594   600.567    14.92   24.97
 128272.558   600.653     0.30   25.20
 128561.519   600.636    -0.06   25.84
 128850.476   597.693   -10.19   33.35
 129139.429   591.749   -20.57   38.58
 129428.380   588.015   -12.92   39.45
 129717.327   583.674   -15.02   40.53
 130006.271   576.981   -23.16   32.01
 130295.211   573.331   -12.63   28.58
 130584.148   571.700    -5.64   27.18
 130873.082   578.557    23.73   26.53
 131162.012   584.664    21.14   25.32
 131450.939   590.930    21.69   25.87
 131739.862   599.239    28.76   30.36
 132028.783   610.560    39.18   32.70
 132317.699   619.431    30.70   31.54
 132606.613   632.427    44.98   30.40
 132895.523   649.771    60.03   40.08
 133184.430   677.631    96.43   59.98
 133473.334   707.210   102.38   78.58
 133762.234   740.308   114.56   81.81
 134051.131   760.683    70.52   77.16
 134340.024   779.564    65.36   69.37
 134628.915   794.515    51.75   53.48
 134917.801   804.817    35.66   43.45
 135206.685   811.364    22.66   45.11
 135495.565   820.964    33.23   40.48
 135784.442   828.688    26.74   39.66
 136073.608   842.929    49.25   38.42
 136363.202   856.997    48.58   40.51
 136652.793   861.050    13.99   40.50
 136942.380   867.264    21.46   39.18
 137231.964   872.619    18.49   39.75
 137521.545   883.150    36.37   46.97
 137811.122   894.062    37.68   50.44
 138100.696   904.698    36.73   55.81
 138390.267   916.932    42.25   56.80
 138679.834   928.069    38.46   57.26
 138969.398   941.067    44.89   65.52
 139258.959   945.181    14.21   74.45
 139548.517   943.598    -5.47   81.21
 139838.071   950.545    23.99   86.36
 140127.621   962.602    41.64   80.05
 140417.169   970.981    28.94   76.41
 140706.713   975.946    17.15   65.01
 140996.254   972.997   -10.18   55.39
 141285.791   977.591    15.87   41.25
 141575.325   981.133    12.23   33.38
 141864.856   987.472    21.89   30.70
 142154.384  1000.102    43.62   34.61
 142443.908  1013.564    46.50   42.92
 142733.429  1029.757    55.93   44.38
 143022.946  1037.145    25.52   44.11
 143312.461  1043.314    21.31   43.38
 143601.972  1049.722    22.13   47.40
 143891.479  1037.150   -43.42   60.51
 144180.984  1013.740   -80.86   84.51
 144470.485   994.046   -68.02   91.21
 144759.982   972.291   -75.15   98.64
 145049.477   947.794   -84.62  107.80
 145338.968   925.412   -77.31  103.84
 145628.456   908.946   -56.88   99.77
 145917.940   903.303   -19.49   97.05
 146207.422   900.948    -8.14   91.48
 146496.899   898.079    -9.91   88.44
 146786.374   906.464    28.96   78.07
 147075.845   911.222    16.44   69.72
 147365.314   914.201    10.29   61.29
 147654.778   921.031    23.59   57.05
 147944.240   929.664    29.82   56.79
 148233.698   940.981    39.09   49.84
 148523.153   957.864    58.33   54.87
 148812.605   982.360    84.63   58.04
 149102.053  1005.681    80.57   48.50
 149391.498  1015.915    35.36   44.41
 149680.940  1020.049    14.28   40.52
 149970.378  1027.066    24.24   35.81
 150259.813  1020.714   -21.94   43.27
 150549.245  1005.981   -50.90   56.11
 150838.674   971.998  -117.41   87.17
 151128.099   933.473  -133.11  107.24
 151417.522   886.281  -163.05  121.94
 151706.940   843.314  -148.45  117.67
 151996.356   818.930   -84.25  112.51
 152285.768   797.826   -72.92  112.03
 152575.177   781.664   -55.84  121.44
 152864.583   763.422   -63.03  124.64
 153153.986   748.281   -52.32  123.32
 153443.385   729.757   -64.01  112.80
 153732.781   695.034  -119.98   94.24
 154022.174   657.817  -128.60   74.85
 154311.563   624.964  -113.52   65.36
 154600.949   590.391  -119.47   76.61
 154890.332   553.446  -127.66   86.10
 155179.712   511.636  -144.48   88.69
 155469.088   477.964  -116.36   88.17
 155758.462   460.405   -60.68   81.16
 156047.831   444.997   -53.24   78.43
 156337.198   439.308   -19.66   73.63
 156626.562   433.205   -21.09   69.80
 156915.922   439.877    23.06   67.57
 157205.279   462.081    76.73   82.01
 157494.632   477.587    53.59   87.80
 157783.983   499.205    74.71   89.49
 158073.330   520.531    73.70   96.03
 158362.674   543.198    78.34  108.10
 158652.015   562.914    68.14  109.05
 158941.352   569.506    22.78  111.59
 159230.687   554.464   -51.99  123.82
 159520.018   535.424   -65.81  128.20
 159809.345   509.139   -90.84  126.98
 160098.670   476.148  -114.02  116.23
 160387.991   437.188  -134.65   92.70
 160677.309   412.358   -85.82   72.68
 160966.624   397.064   -52.86   60.39
 161255.936   381.608   -53.42   51.63
 161545.244   371.998   -33.22   45.54
 161834.549   366.507   -18.98   41.52
 162123.851   361.604   -16.95   39.29
 162413.150   356.281   -18.40   34.95
 162702.446   350.513   -19.94   32.26
 162991.738   349.778    -2.54   33.74
 163281.027   346.757   -10.44   32.22
 163570.313   342.131   -15.99   28.36
 163859.596   339.964    -7.49   26.13
 164148.875   336.014   -13.65   22.67
 164438.151   333.240    -9.59   21.88
 164727.424   328.584   -16.09   19.55
 165016.694   324.515   -14.07    8.36
 165305.961   325.481     3.34   10.24
 165595.224   327.801     8.02   11.93
 165884.484   329.912     7.30   12.35
 166173.741   334.181    14.76   12.54
 166462.995   337.570    11.72   11.66
 166752.246   346.464    30.75   22.28
 167041.493   377.276   106.52   69.12
 167330.737   422.591   156.66  115.97
 167619.978   488.836   229.02  156.08
 167909.216   557.856   238.62  166.88
 168198.451   635.398   268.08  157.91
 168487.682   702.084   230.56  125.87
 168776.910   726.949    85.96   96.67
 169066.135   722.784   -14.40   99.57
 169355.357   703.481   -66.74  115.14
 169644.576   670.218  -115.00  123.80
 169933.791   635.588  -119.73  123.15
 170223.003   615.178   -70.57  100.55
 170512.212   615.811     2.19   91.14
 170801.418   648.866   114.29  113.75
 171090.621   710.798   214.14  131.52
 171379.820   747.106   125.54  121.82
 171669.017   768.659    74.52  109.77
 171958.210   777.740    31.40   93.55
 172247.400   782.030    14.84   85.60
 172536.587   766.877   -52.40   89.84
 172825.770   736.877  -103.74   60.54
 173114.951   729.584   -25.22   60.70
 173404.128   749.727    69.65   84.10
 173693.302   785.631   124.16  107.14
 173982.473   812.429    92.67   99.32
 174271.641   823.714    39.02  100.76
 174560.806   809.338   -49.71  103.61
 174849.967   799.274   -34.80  125.94
 175139.125   754.664  -154.27  126.27
 175428.281   713.981  -140.69  105.15
 175717.433   691.669   -77.16   81.76
 176006.581   688.195   -12.01   76.04
 176295.727   710.808    78.20   96.59
 176584.870   746.648   123.94  125.98
 176874.009   783.997   129.17  137.68
 177163.145   816.046   110.84  146.59
 177452.278   851.653   123.15  147.97
 177741.408   897.848   159.76  134.85
 178030.535   924.688    92.83  114.71
 178319.658   937.564    44.53  103.22
 178608.779   961.831    83.93   90.42
 178897.896   980.448    64.39   89.19
 179187.010   975.096   -18.51   92.82
 179476.121   970.240   -16.80   95.22
 179765.229   972.531     7.93  100.08
 180054.334   971.429    -3.81   99.55
 180343.435   968.424   -10.40   97.73
 180632.534   962.947   -18.94   93.69
 180921.629   961.947    -3.46   90.57
 181210.721   964.257     7.99   89.18
 181499.810   974.517    35.49   90.86
 181788.896   992.557    62.40   93.98
 182077.979  1012.581    69.26   89.97
 182367.059  1036.915    84.18   75.70
 182656.135  1052.895    55.28   69.44
 182945.209  1057.653    16.46   71.29
 183234.279  1071.448    47.72   71.03
 183523.346  1084.619    45.56   73.88
 183812.410  1103.161    64.14   75.83
 184101.471  1129.567    91.35   74.85
 184390.529  1158.067    98.59   55.61
 184679.583  1167.360    32.15   48.87
 184968.635  1175.481    28.09   40.92
 185257.683  1177.114     5.65   35.45
 185546.729  1173.205   -13.52   34.56
 185835.771  1168.314   -16.92   32.65
 186124.810  1168.052    -0.91   30.82
 186413.846  1178.778    37.11   41.67
 186702.879  1192.416    47.19   45.63
 186991.908  1202.664    35.45   48.27
 187280.935  1201.374    -4.46   53.94
 187569.959  1205.356    13.78   56.35
 187858.979  1195.081   -35.55   60.52
 188147.996  1183.119   -41.39   61.32
 188437.011  1179.870   -11.24   58.47
 188726.022  1175.965   -13.51   51.66
 189015.030  1185.998    34.72   54.11
 189304.035  1201.455    53.48   57.54
 189593.036  1210.963    32.90   59.57
 189882.035  1235.587    85.20   71.06
 190171.031  1257.439    75.61   70.65
 190460.023  1276.473    65.86   65.13
 190749.013  1291.240    51.10   58.33
 191037.999  1307.356    55.77   58.77
 191326.982  1330.414    79.79   60.40
 191615.963  1344.119    47.42   55.06
 191904.940  1354.620    36.34   51.62
 192193.914  1363.642    31.22   44.75
 192482.885  1370.964    25.34   33.09
 192771.852  1372.912     6.74   29.38
 193060.817  1367.722   -17.96   24.31
 193349.779  1367.145    -2.00   25.82
 193638.738  1366.067    -3.73   25.58
 193927.693  1367.664     5.53   26.02
 194216.646  1367.981     1.10   26.84
 194505.595  1369.619     5.67   28.97
 194794.541  1366.522   -10.72   27.91
 195083.484  1367.354     2.88   28.20
 195372.425  1365.281    -7.17   30.94
 195661.362  1358.909   -22.05   37.95
 195950.296  1352.067   -23.68   46.59
 196239.227  1344.227   -27.14   49.92
 196528.155  1342.231    -6.91   52.90
 196817.079  1334.981   -25.09   53.14
 197106.001  1329.671   -18.38   52.99
 197394.920  1318.414   -38.96   54.82
 197683.836  1304.722   -47.39   49.27
 197972.748  1291.431   -46.00   46.95
 198261.743  1268.131   -80.62   39.56
 198551.311  1253.898   -49.15   36.36
 198840.876  1236.548   -59.92   36.24
 199130.438  1224.705   -40.90   40.68
 199419.997  1213.914   -37.26   44.00
 199709.552  1193.877   -69.20   52.33
 199999.105  1181.571   -42.50   54.63
 200288.654  1170.431   -38.47   51.34
 200578.201  1170.826     1.36   61.57
 200867.744  1170.705    -0.42   66.15
 201157.285  1173.624    10.08   72.01
 201446.822  1176.614    10.33   74.15
 201736.356  1191.710    52.13   80.00
 202025.887  1197.814    21.08   81.23
 202315.416  1193.033   -16.51   77.57
 202604.941  1186.034   -24.17   70.55
 202894.463  1169.348   -57.63   73.19
 203183.982  1154.913   -49.85   76.18
 203473.498  1137.214   -61.13   68.21
 203763.011  1122.205   -51.84   51.88
 204052.520  1113.274   -30.85   45.29
 204342.027  1114.826     5.36   54.93
 204631.531  1121.811    24.13   67.31
 204921.032  1126.571    16.44   69.94
 205210.529  1120.688   -20.32   58.56
 205500.024  1120.574    -0.39   58.38
 205789.516  1110.695   -34.12   42.73
 206079.004  1106.388   -14.88   37.91
 206368.490  1101.949   -15.33   30.63
 206657.972  1100.659    -4.46   23.41
 206947.452  1098.831    -6.31   21.54
 207236.928  1096.841    -6.88   18.05
 207526.401  1097.879     3.59   15.98
 207815.872  1099.235     4.68   14.97
 208105.339  1100.164     3.21   14.58
 208394.803  1101.030     2.99   14.29
 208684.265  1100.349    -2.35   13.12
 208973.723  1101.781     4.95   14.09
 209263.178  1101.624    -0.54   13.98
 209552.630  1099.368    -7.79   14.90
 209842.080  1096.648    -9.40   14.95
 210131.526  1092.931   -12.84   11.50
 210420.969  1089.981   -10.19    8.27
 210710.409  1088.102    -6.49    6.49
 210999.846  1087.388    -2.47    5.88
 211289.280  1087.235    -0.53    5.10
 211578.711  1087.610     1.29    6.08
 211868.140  1088.481     3.01    6.22
 212157.565  1089.222     2.56    6.47
 212446.987  1090.257     3.57    7.80
 212736.406  1096.171    20.43   22.77
 213025.822  1103.669    25.91   31.00
 213315.235  1111.033    25.44   37.48
 213604.645  1126.860    54.69   57.05
 213894.052  1143.757    58.38   73.27
 214183.456  1176.446   112.95   99.22
 214472.857  1201.755    87.45  113.15
 214762.255  1234.862   114.40  126.48
 215051.650  1286.676   179.03  138.66
 215341.042  1331.671   155.47  132.85
 215630.431  1372.774   142.03  130.02
 215919.818  1410.309   129.70  120.18
 216209.201  1439.448   100.69   94.36
 216498.581  1458.723    66.61   72.08
 216787.958  1464.909    21.38   62.51
 217077.332  1450.864   -48.53   75.99
 217366.703  1428.069   -78.77   90.05
 217656.071  1388.545  -136.58   97.85
 217945.437  1348.659  -137.84   84.17
 218234.799  1315.648  -114.08   68.19
 218524.158  1282.913  -113.12   45.34
 218813.514  1265.612   -59.79   39.38
 219102.868  1252.798   -44.29   32.84
 219392.218  1242.252   -36.44   32.85
 219681.565  1234.465   -26.91   32.85
 219970.909  1230.014   -15.38   32.57
 220260.251  1227.302    -9.37   32.44
 220549.589  1231.557    14.70   33.61
 220838.925  1237.964    22.14   35.92
 221128.257  1248.161    35.24   34.68
 221417.587  1255.119    24.05   32.10
 221706.913  1265.602    36.23   31.05
 221996.237  1276.550    37.84   35.33
 222285.557  1297.205    71.39   50.00
 222574.875  1316.331    66.10   65.87
 222864.190  1329.964    47.12   82.68
 223153.501  1330.614     2.25  103.08
 223442.810  1312.017   -64.28  109.79
 223732.116  1284.343   -95.65  120.27
 224021.419  1251.581  -113.24  113.36
 224310.719  1217.930  -116.31   91.51
 224600.016  1185.831  -110.95   69.79
 224889.310  1166.909   -65.40   49.27
 225178.601  1161.636   -18.23   42.71
 225467.889  1158.998    -9.12   39.14
 225757.174  1161.848     9.85   39.18
 226046.456  1160.374    -5.09   39.62
 226335.736  1158.808    -5.41   37.51
 226625.012  1155.581   -11.16   43.28
 226914.285  1147.498   -27.94   40.92
 227203.556  1135.814   -40.39   39.51
 227492.823  1126.481   -32.26   37.27
 227782.088  1121.081   -18.67   36.00
 228071.350  1111.948   -31.57   36.34
 228360.608  1100.119   -40.89   34.04
 228649.864  1091.248   -30.67   29.92
 228939.117  1080.671   -36.57   27.07
 229228.367  1074.030   -22.96   27.12
 229517.614  1064.548   -32.78   24.37
 229806.858  1063.718    -2.87   25.87
 230096.099  1064.619     3.12   25.87
 230385.337  1066.695     7.18   26.51
 230674.572  1068.498     6.23   26.44
 230963.805  1068.269    -0.79   25.80
 231253.034  1065.848    -8.37   26.05
 231542.261  1063.619    -7.71   25.42
 231831.484  1061.731    -6.53   24.32
 232120.705  1057.564   -14.41   21.61
 232409.923  1058.808     4.30   20.80
 232699.137  1065.714    23.88   21.68
 232988.349  1074.946    31.92   24.42
 233277.558  1084.877    34.34   26.22
 233566.765  1094.171    32.13   32.44
 233855.968  1106.843    43.82   41.77
 234145.168  1115.587    30.24   42.00
 234434.365  1124.222    29.86   48.22
 234723.560  1129.083    16.81   53.41
 235012.751  1136.106    24.28   53.76
 235301.940  1135.664    -1.53   54.18
 235591.126  1133.014    -9.17   51.55
 235880.309  1128.676   -15.00   48.10
 236169.489  1120.514   -28.22   40.04
 236458.666  1119.630    -3.06   38.33
 236747.840  1133.218    46.99   55.65
 237037.011  1156.448    80.33   73.26
 237326.180  1179.098    78.32   84.84
 237615.345  1209.723   105.90   96.71
 237904.508  1241.205   108.87   94.31
 238193.667  1263.864    78.36   83.78
 238482.824  1277.017    45.48   94.53
 238771.978  1256.368   -71.41  116.41
 239061.129  1241.167   -52.57  129.65
 239350.277  1207.210  -117.43  136.88
 239639.423  1160.188  -162.62  137.37
 239928.565  1114.841  -156.83  143.10
 240217.705  1056.286  -202.50  146.39
 240506.841  1002.222  -186.97  153.39
 240795.975   933.292  -238.39  161.12
 241085.106   879.201  -187.07  150.69
 241374.234   806.481  -251.50  129.29
 241663.359   766.722  -137.51  119.99
 241952.481   726.188  -140.19  107.47
 242241.601   685.883  -139.40   95.11
 242530.717   650.464  -122.50   80.74
 242819.831   621.540  -100.04   82.12
 243108.942   597.826   -82.02   85.17
 243398.049   570.367   -94.97   84.23
 243687.155   537.110  -115.03   69.73
 243976.257   515.898   -73.37   54.87
 244265.356   493.850   -76.26   37.63
 244554.452   479.823   -48.52   31.15
 244843.546   475.791   -13.95   30.35
 245132.637   467.540   -28.54   27.99
 245421.725   460.381   -24.76   26.84
 245710.810   455.931   -15.39   25.19
 245999.892   454.584    -4.66   25.25
 246288.971   453.472    -3.85   24.26
 246578.048   454.016     1.88   25.89
 246867.121   451.798    -7.67   23.93
 247156.192   456.227    15.32   28.30
 247445.260   460.033    13.17   31.40
 247734.325   465.864    20.17   32.85
 248023.387   472.148    21.74   31.56
 248312.447   476.472    14.96   29.43
 248601.503   471.625   -16.77   32.32
 248890.557   464.098   -26.04   35.23
 249179.608   453.481   -36.73   34.86
 249468.656   446.507   -24.13   33.17
 249757.701   436.481   -34.69   31.68
 250046.743   428.188   -28.69   27.10
 250335.783   422.637   -19.20   23.32
 250624.820   420.781    -6.42   21.79
 250913.854   419.981    -2.77   20.82
 251202.885   421.757     6.14   18.93
 251491.913   423.420     5.75   16.20
 251780.938   424.248     2.86   15.67
 252069.961   424.848     2.08   13.67
 252358.980   427.642     9.67   14.68
 252647.997   427.648     0.02   14.13
 252937.011   428.722     3.72   14.45
 253226.023   429.274     1.91   13.30
 253515.031   429.171    -0.36   12.34
 253804.037   429.686     1.78   13.84
 254093.039   427.688    -6.91   13.73
 254382.039   426.946    -2.57   14.43
 254671.037   425.688    -4.35   15.47
 254960.031   419.814   -20.32   18.26
 255249.022   414.178   -19.50   21.44
 255538.011   408.429   -19.89   22.31
 255826.997   405.164   -11.30   20.39
 256115.980   404.946    -0.76   20.15
 256404.961   405.929     3.40   23.01
 256693.938   409.931    13.85   26.38
 256982.913   415.648    19.78   26.95
 257271.885   415.336    -1.08   29.23
 257560.854   411.338   -13.83   29.47
 257849.820   404.831   -22.52   29.61
 258138.783   402.279    -8.83   25.36
 258427.744   403.866     5.49   25.75
 258716.702   409.358    19.00   31.46
 259005.657   416.153    23.52   36.36
 259294.609   430.896    51.02   40.28
 259583.559   439.584    30.07   42.74
 259872.506   456.948    60.09   49.91
 260161.450   482.625    88.86   57.77
 260450.391   497.981    53.14   76.49
 260739.849   528.591   105.74  103.36
 261029.392   541.876    45.88  113.14
 261318.932   561.761    68.67  136.28
 261608.470   563.446     5.82  118.68
 261898.005   563.620     0.60  108.10
 262187.537   563.371    -0.86   88.00
 262477.066   561.608    -6.09   67.34
 262766.593   566.981    18.56   55.73
 263056.116   576.648    33.39   50.47
 263345.637   580.931    14.79   52.37
 263635.155   586.625    19.67   51.51
 263924.671   586.965     1.17   52.97
 264214.183   585.395    -5.42   55.65
 264503.693   572.222   -45.50   53.54
 264793.200   563.719   -29.37   50.98
 265082.704   552.049   -40.31   45.08
 265372.205   542.931   -31.49   42.13
 265661.704   532.731   -35.23   28.71
 265951.200   526.308   -22.18   30.57
 266240.693   517.455   -30.58   32.94
 266530.183   503.252   -49.06   35.47
 266819.671   490.864   -42.79   40.47
 267109.155   478.671   -42.12   39.83
 267398.637   464.557   -48.75   40.60
 267688.116   452.788   -40.65   38.88
 267977.593   440.981   -40.79   37.42
 268267.067   429.374   -40.09   38.76
 268556.537   425.748   -12.53   41.11
 268846.006   417.414   -28.79   39.25
 269135.471   411.015   -22.10   35.12
 269424.934   411.455     1.52   35.49
 269714.393   409.843    -5.57   34.36
 270003.851   419.030    31.74   38.90
 270293.305   429.798    37.20   45.14
 270582.756   436.472    23.06   46.11
 270872.205   442.354    20.32   44.76
 271161.651   444.367     6.95   45.76
 271451.095   442.260    -7.28   46.22
 271740.535   444.814     8.83   42.64
 272029.973   450.098    18.25   39.66
 272319.408   450.946     2.93   34.11
 272608.841   450.104    -2.91   32.43
 272898.270   444.514   -19.31   32.95
 273187.697   438.964   -19.17   32.80
 273477.121   430.626   -28.81   34.93
 273766.542   421.998   -29.81   35.19
 274055.961   410.067   -41.22   32.94
 274345.377   403.808   -21.62   27.90
 274634.790   398.050   -19.90   25.71
 274924.201   394.719   -11.51   25.22
 275213.608   390.757   -13.69   25.80
 275503.013   383.533   -24.96   24.73
 275792.415   381.533    -6.91   24.61
 276081.815   378.642    -9.99   25.48
 276371.212   378.342    -1.04   26.21
 276660.606   377.774    -1.96   27.27
 276949.997   380.744    10.26   31.36
 277239.385   380.911     0.58   30.18
 277528.771   383.619     9.36   30.28
 277818.154   390.456    23.63   32.75
 278107.535   398.794    28.81   37.76
 278396.913   410.191    39.38   42.50
 278686.288   420.213    34.63   45.56
 278975.660   426.798    22.75   44.31
 279265.029   433.602    23.51   44.78
 279554.396   433.900     1.03   50.27
 279843.760   431.555    -8.11   56.16
 280133.122   431.781     0.78   58.39
 280422.480   430.269    -5.22   58.10
 280711.836   431.802     5.30   55.46
 281001.190   436.914    17.67   54.73
 281290.540   444.913    27.64   53.31
 281579.888   457.817    44.59   55.11
 281869.233   474.748    58.51   59.17
 282158.576   494.463    68.14   62.65
 282447.915   511.201    57.85   59.36
 282737.252   531.602    70.50   49.57
 283026.587   542.735    38.48   47.64
 283315.918   556.591    47.89   42.00
 283605.247   560.964    15.11   41.07
 283894.574   561.429     1.61   38.49
 284183.897   563.808     8.22   33.35
 284473.218   566.260     8.47   31.12
 284762.536   568.998     9.47   27.35
 285051.852   569.981     3.40   27.62
 285341.164   567.584    -8.28   27.75
 285630.475   569.360     6.14   27.95
 285919.782   571.686     8.04   30.09
 286209.087   579.598    27.35   28.24
 286498.389   579.676     0.27   29.69
 286787.688   576.534   -10.86   34.18
 287076.985   569.153   -25.51   43.08
 287366.279   567.066    -7.22   44.40
 287655.570   567.184     0.41   43.65
 287944.859   564.440    -9.49   42.85
 288234.145   563.740    -2.42   38.16
 288523.428   566.848    10.74   34.20
 288812.709   569.498     9.16   28.64
 289101.987   565.764   -12.91   26.58
 289391.262   559.948   -20.11   29.99
 289680.535   548.448   -39.75   42.12
 289969.805   525.514   -79.28   57.24
 290259.072   503.636   -75.63   62.04
 290548.337   484.659   -65.60   59.76
 290837.599   461.377   -80.48   48.42
 291126.858   450.866   -36.34   36.03
 291416.115   445.531   -18.44   26.78
 291705.369   448.784    11.25   24.53
 291994.620   454.659    20.31   26.74
 292283.869   460.291    19.47   25.45
 292573.115   466.164    20.30   23.88
 292862.358   475.117    30.95   20.02
 293151.599   478.081    10.25   18.50
 293440.837   483.395    18.37   16.63
 293730.072   487.963    15.79   17.53
 294019.305   489.292     4.59   16.29
 294308.535   491.131     6.36   14.90
 294597.762   491.126    -0.02   17.50
 294886.987   489.636    -5.15   18.19
 295176.209   488.222    -4.89   19.08
 295465.429   485.671    -8.82   19.48
 295754.646   479.377   -21.76   19.45
 296043.860   480.342     3.33   22.02
 296333.072   477.964    -8.22   22.71
 296622.281   473.412   -15.74   21.34
 296911.487   467.481   -20.51   18.58
 297200.691   466.506    -3.37   20.21
 297489.892   464.899    -5.56   19.35
 297779.090   462.964    -6.69   19.02
 298068.286   459.727   -11.19   18.99
 298357.479   457.928    -6.22   18.67
 298646.670   453.222   -16.27   20.77
 298935.858   451.325    -6.56   25.06
 299225.043   449.898    -4.94   26.33
 299514.226   445.852   -13.99   28.83
 299803.406   443.356    -8.63   31.70
 300092.583   437.114   -21.58   33.22
 300381.758   430.612   -22.48   40.15
 300670.930   421.803   -30.46   40.27
 300960.100   406.181   -54.02   41.16
 301249.267   389.429   -57.93   40.16
 301538.431   369.811   -67.84   32.37
 301827.593   353.445   -56.60   21.53
 302116.752   349.264   -14.46   20.03
 302405.909   344.133   -17.74   18.10
 302695.062   338.545   -19.32   13.49
 302984.214   335.981    -8.87   12.45
 303273.362   333.517    -8.52    9.93
 303562.508   332.727    -2.73    9.00
 303851.652   331.240    -5.14    8.85
 304140.793   330.833    -1.40    8.07
 304429.931   331.557     2.50    8.42
 304719.067   335.740    14.46   18.06
 305008.200   339.722    13.77   23.42
 305297.330   348.156    29.17   28.31
 305586.458   362.798    50.64   35.65
 305875.583   374.422    40.20   37.35
 306164.706   385.352    37.80   37.40
 306453.826   397.446    41.83   31.84
 306742.944   404.033    22.78   26.13
 307032.059   403.735    -1.03   22.61
 307321.171   396.269   -25.82   26.80
 307610.281   386.833   -32.64   29.10
 307899.388   375.051   -40.75   29.01
 308188.492   363.584   -39.66   21.64
 308477.594   360.862    -9.42   22.02
 308766.694   363.303     8.44   30.08
 309055.791   364.784     5.12   34.01
 309344.885   370.222    18.81   35.71
 309633.976   378.286    27.89   35.40
 309923.066   390.552    42.43   34.04
 310212.152   404.548    48.41   35.02
 310501.236   415.538    38.02   36.45
 310790.317   422.631    24.53   34.02
 311079.396   431.381    30.27   31.49
 311368.472   436.753    18.58   28.56
 311657.546   443.913    24.77   23.84
 311946.617   442.929    -3.40   19.40
 312235.686   444.358     4.94   16.66
 312524.752   442.997    -4.71   14.02
 312813.815   444.308     4.54   16.69
 313102.876   444.364     0.19   19.49
 313391.934   448.284    13.56   21.28
 313680.990   449.255     3.36   20.47
 313970.043   451.314     7.12   19.71
 314259.093   455.281    13.72   16.23
 314548.141   458.895    12.50   15.18
 314837.187   463.402    15.59   19.66
 315126.230   471.948    29.56   26.93
 315415.270   484.308    42.76   31.37
 315704.308   501.866    60.74   35.87
 315993.343   519.048    59.44   40.09
 316282.376   543.791    85.60   43.95
 316571.406   564.050    70.09   55.05
 316860.434   590.774    92.46   62.29
 317149.459   604.227    46.54   56.85
 317438.481   612.388    28.24   42.75
 317727.501   620.513    28.11   45.91
 318016.519   622.244     5.99   44.07
